0.536027 -0.193185 -0 0.582287 0.995751
0.536027 -0.19563 -0 0.582966 0.995642
0.536027 -0.38637 -0 0.63425 0.983548
0.536027 -0.19563 -0 0.582966 0.995642
0.536027 -0.391259 -0 0.635512 0.98315
0.536027 -0.38637 -0 0.63425 0.983548
0.536027 -0.38637 -0 0.63425 0.983548
0.536027 -0.391259 -0 0.635512 0.98315
0.536027 -0.579556 -0 0.681619 0.965167
0.536027 -0.391259 -0 0.635512 0.98315
0.536027 -0.586889 -0 0.683309 0.964375
0.536027 -0.579556 -0 0.681619 0.965167
0.536027 -0.579556 -0 0.681619 0.965167
0.536027 -0.586889 -0 0.683309 0.964375
0.536027 -0.772741 -0 0.7233 0.9427
0.536027 -0.190211 -0 0.581461 0.99588
0.536027 -0.193185 -0 0.582287 0.995751
0.536027 -0.380423 -0 0.63271 0.984026
0.536027 -0.193185 -0 0.582287 0.995751
0.536027 -0.38637 -0 0.63425 0.983548
0.536027 -0.380423 -0 0.63271 0.984026
0.536027 -0.380423 -0 0.63271 0.984026
0.536027 -0.38637 -0 0.63425 0.983548
0.536027 -0.570634 -0 0.679552 0.966122
0.536027 -0.38637 -0 0.63425 0.983548
0.536027 -0.579556 -0 0.681619 0.965167
0.536027 -0.570634 -0 0.679552 0.966122
0.536027 -0.570634 -0 0.679552 0.966122
0.536027 -0.579556 -0 0.681619 0.965167
0.536027 -0.760845 -0 0.720906 0.944162
0.536027 -0.579556 -0 0.681619 0.965167
0.536027 -0.772741 -0 0.7233 0.9427
0.536027 -0.760845 -0 0.720906 0.944162
0.536027 -0.186716 -0 0.580489 0.996031
0.536027 -0.190211 -0 0.581461 0.99588
0.536027 -0.373432 -0 0.630896 0.98458
0.536027 -0.190211 -0 0.581461 0.99588
0.536027 -0.380423 -0 0.63271 0.984026
0.536027 -0.373432 -0 0.630896 0.98458
0.536027 -0.373432 -0 0.630896 0.98458
0.536027 -0.380423 -0 0.63271 0.984026
0.536027 -0.560148 -0 0.677107 0.967233
0.536027 -0.380423 -0 0.63271 0.984026
0.536027 -0.570634 -0 0.679552 0.966122
0.536027 -0.560148 -0 0.677107 0.967233
0.536027 -0.560148 -0 0.677107 0.967233
0.536027 -0.570634 -0 0.679552 0.966122
0.536027 -0.746864 -0 0.718063 0.94587
0.536027 -0.570634 -0 0.679552 0.966122
0.536027 -0.760845 -0 0.720906 0.944162
0.536027 -0.746864 -0 0.718063 0.94587
0.536027 -0.182709 -0 0.579374 0.9962
0.536027 -0.186716 -0 0.580489 0.996031
0.536027 -0.365418 -0 0.628807 0.985205
0.536027 -0.186716 -0 0.580489 0.996031
0.536027 -0.373432 -0 0.630896 0.98458
0.536027 -0.365418 -0 0.628807 0.985205
0.536027 -0.365418 -0 0.628807 0.985205
0.536027 -0.373432 -0 0.630896 0.98458
0.536027 -0.548127 -0 0.674283 0.968492
0.536027 -0.373432 -0 0.630896 0.98458
0.536027 -0.560148 -0 0.677107 0.967233
0.536027 -0.548127 -0 0.674283 0.968492
0.536027 -0.548127 -0 0.674283 0.968492
0.536027 -0.560148 -0 0.677107 0.967233
0.536027 -0.730836 -0 0.714765 0.947814
0.536027 -0.560148 -0 0.677107 0.967233
0.536027 -0.746864 -0 0.718063 0.94587
0.536027 -0.730836 -0 0.714765 0.947814
0.536027 -0.178201 -0 0.578118 0.996387
0.536027 -0.182709 -0 0.579374 0.9962
0.536027 -0.356403 -0 0.626449 0.985895
0.536027 -0.182709 -0 0.579374 0.9962
0.536027 -0.365418 -0 0.628807 0.985205
0.536027 -0.356403 -0 0.626449 0.985895
0.536027 -0.356403 -0 0.626449 0.985895
0.536027 -0.365418 -0 0.628807 0.985205
0.536027 -0.534604 -0 0.67108 0.969887
0.536027 -0.365418 -0 0.628807 0.985205
0.536027 -0.548127 -0 0.674283 0.968492
0.536027 -0.534604 -0 0.67108 0.969887
0.536027 -0.534604 -0 0.67108 0.969887
0.536027 -0.548127 -0 0.674283 0.968492
0.536027 -0.712805 -0 0.711005 0.94998
0.536027 -0.548127 -0 0.674283 0.968492
0.536027 -0.730836 -0 0.714765 0.947814
0.536027 -0.712805 -0 0.711005 0.94998
0.536027 -0.173205 -0 0.576724 0.996588
0.536027 -0.178201 -0 0.578118 0.996387
0.536027 -0.34641 -0 0.623824 0.986643
0.536027 -0.178201 -0 0.578118 0.996387
0.536027 -0.356403 -0 0.626449 0.985895
0.536027 -0.34641 -0 0.623824 0.986643
0.536027 -0.34641 -0 0.623824 0.986643
0.536027 -0.356403 -0 0.626449 0.985895
0.536027 -0.519615 -0 0.667498 0.971408
0.536027 -0.356403 -0 0.626449 0.985895
0.536027 -0.534604 -0 0.67108 0.969887
0.536027 -0.519615 -0 0.667498 0.971408
0.536027 -0.519615 -0 0.667498 0.971408
0.536027 -0.534604 -0 0.67108 0.969887
0.536027 -0.69282 -0 0.706778 0.952354
0.536027 -0.534604 -0 0.67108 0.969887
0.536027 -0.712805 -0 0.711005 0.94998
0.536027 -0.69282 -0 0.706778 0.952354
0.536027 -0.167734 -0 0.575196 0.996802
0.536027 -0.173205 -0 0.576724 0.996588
0.536027 -0.335468 -0 0.620937 0.987442
0.536027 -0.173205 -0 0.576724 0.996588
0.536027 -0.34641 -0 0.623824 0.986643
0.536027 -0.335468 -0 0.620937 0.987442
0.536027 -0.335468 -0 0.620937 0.987442
0.536027 -0.34641 -0 0.623824 0.986643
0.536027 -0.503202 -0 0.663537 0.973039
0.536027 -0.34641 -0 0.623824 0.986643
0.536027 -0.519615 -0 0.667498 0.971408
0.536027 -0.503202 -0 0.663537 0.973039
0.536027 -0.503202 -0 0.663537 0.973039
0.536027 -0.519615 -0 0.667498 0.971408
0.536027 -0.670936 -0 0.702075 0.954919
0.536027 -0.519615 -0 0.667498 0.971408
0.536027 -0.69282 -0 0.706778 0.952354
0.536027 -0.670936 -0 0.702075 0.954919
0.536027 -0.670936 -0 0.702075 0.954919
0.536027 -0.69282 -0 0.706778 0.952354
0.544639 -0.838671 -0 0.73578 0.931923
0.653567 -1.0064 -0 0.759673 0.880391
0.6 -1.03923 -0 0.767852 0.891164
0.762495 -1.17414 -0 0.778175 0.833011
0.6 -1.03923 -0 0.767852 0.891164
0.7 -1.21244 -0 0.787321 0.844694
0.762495 -1.17414 -0 0.778175 0.833011
0.762495 -1.17414 -0 0.778175 0.833011
0.7 -1.21244 -0 0.787321 0.844694
0.871422 -1.34187 -0 0.792369 0.79037
0.7 -1.21244 -0 0.787321 0.844694
0.8 -1.38564 -0 0.802363 0.80272
0.871422 -1.34187 -0 0.792369 0.79037
0.871422 -1.34187 -0 0.792369 0.79037
0.8 -1.38564 -0 0.802363 0.80272
0.98035 -1.50961 -0 0.803226 0.752474
0.8 -1.38564 -0 0.802363 0.80272
0.9 -1.55885 -0 0.813956 0.76529
0.98035 -1.50961 -0 0.803226 0.752474
0.98035 -1.50961 -0 0.803226 0.752474
0.9 -1.55885 -0 0.813956 0.76529
1.26428 -1.94682 0.04 0.824122 0.667053
0.9 -1.55885 -0 0.813956 0.76529
1.16066 -2.01032 0.04 0.836449 0.680501
1.26428 -1.94682 0.04 0.824122 0.667053
1.26428 -1.94682 0.04 0.824122 0.667053
1.16066 -2.01032 0.04 0.836449 0.680501
1.37321 -2.11456 0.16 0.836319 0.62358
1.16066 -2.01032 0.04 0.836449 0.680501
1.26066 -2.18353 0.16 0.84943 0.637217
1.37321 -2.11456 0.16 0.836319 0.62358
1.37321 -2.11456 0.16 0.836319 0.62358
1.26066 -2.18353 0.16 0.84943 0.637217
1.48214 -2.28229 0.36 0.85076 0.568994
1.26066 -2.18353 0.16 0.84943 0.637217
1.36066 -2.35673 0.36 0.864776 0.582732
1.48214 -2.28229 0.36 0.85076 0.568994
1.48214 -2.28229 0.36 0.85076 0.568994
1.36066 -2.35673 0.36 0.864776 0.582732
1.59107 -2.45003 0.64 0.865575 0.502339
1.36066 -2.35673 0.36 0.864776 0.582732
1.46066 -2.52994 0.64 0.880557 0.515987
1.59107 -2.45003 0.64 0.865575 0.502339
1.59107 -2.45003 0.64 0.865575 0.502339
1.46066 -2.52994 0.64 0.880557 0.515987
1.69999 -2.61776 1 0.878308 0.423894
0.536027 -0.161803 -0 0.573538 0.997028
0.536027 -0.167734 -0 0.575196 0.996802
0.536027 -0.323607 -0 0.617791 0.988283
0.536027 -0.167734 -0 0.575196 0.996802
0.536027 -0.335468 -0 0.620937 0.987442
0.536027 -0.323607 -0 0.617791 0.988283
0.536027 -0.323607 -0 0.617791 0.988283
0.536027 -0.335468 -0 0.620937 0.987442
0.536027 -0.48541 -0 0.6592 0.974768
0.536027 -0.335468 -0 0.620937 0.987442
0.536027 -0.503202 -0 0.663537 0.973039
0.536027 -0.48541 -0 0.6592 0.974768
0.536027 -0.48541 -0 0.6592 0.974768
0.536027 -0.503202 -0 0.663537 0.973039
0.536027 -0.647214 -0 0.696892 0.957654
0.536027 -0.503202 -0 0.663537 0.973039
0.536027 -0.670936 -0 0.702075 0.954919
0.536027 -0.647214 -0 0.696892 0.957654
0.536027 -0.647214 -0 0.696892 0.957654
0.536027 -0.670936 -0 0.702075 0.954919
0.587785 -0.809017 -0 0.728153 0.922726
0.536027 -0.670936 -0 0.702075 0.954919
0.544639 -0.838671 -0 0.73578 0.931923
0.587785 -0.809017 -0 0.728153 0.922726
0.587785 -0.809017 -0 0.728153 0.922726
0.544639 -0.838671 -0 0.73578 0.931923
0.705342 -0.97082 -0 0.75091 0.870066
0.544639 -0.838671 -0 0.73578 0.931923
0.653567 -1.0064 -0 0.759673 0.880391
0.705342 -0.97082 -0 0.75091 0.870066
0.705342 -0.97082 -0 0.75091 0.870066
0.653567 -1.0064 -0 0.759673 0.880391
0.822899 -1.13262 -0 0.768416 0.821829
0.653567 -1.0064 -0 0.759673 0.880391
0.762495 -1.17414 -0 0.778175 0.833011
0.822899 -1.13262 -0 0.768416 0.821829
0.822899 -1.13262 -0 0.768416 0.821829
0.762495 -1.17414 -0 0.778175 0.833011
0.940456 -1.29443 -0 0.781747 0.778571
0.762495 -1.17414 -0 0.778175 0.833011
0.871422 -1.34187 -0 0.792369 0.79037
0.940456 -1.29443 -0 0.781747 0.778571
0.940456 -1.29443 -0 0.781747 0.778571
0.871422 -1.34187 -0 0.792369 0.79037
1.05801 -1.45623 -0 0.791865 0.740254
0.871422 -1.34187 -0 0.792369 0.79037
0.98035 -1.50961 -0 0.803226 0.752474
1.05801 -1.45623 -0 0.791865 0.740254
1.05801 -1.45623 -0 0.791865 0.740254
0.98035 -1.50961 -0 0.803226 0.752474
1.36444 -1.87799 0.04 0.811178 0.654301
0.98035 -1.50961 -0 0.803226 0.752474
1.26428 -1.94682 0.04 0.824122 0.667053
1.36444 -1.87799 0.04 0.811178 0.654301
1.36444 -1.87799 0.04 0.811178 0.654301
1.26428 -1.94682 0.04 0.824122 0.667053
1.48199 -2.03979 0.16 0.822592 0.610684
1.26428 -1.94682 0.04 0.824122 0.667053
1.37321 -2.11456 0.16 0.836319 0.62358
1.48199 -2.03979 0.16 0.822592 0.610684
1.48199 -2.03979 0.16 0.822592 0.610684
1.37321 -2.11456 0.16 0.836319 0.62358
1.59955 -2.20159 0.36 0.836134 0.556044
1.37321 -2.11456 0.16 0.836319 0.62358
1.48214 -2.28229 0.36 0.85076 0.568994
1.59955 -2.20159 0.36 0.836134 0.556044
1.59955 -2.20159 0.36 0.836134 0.556044
1.48214 -2.28229 0.36 0.85076 0.568994
1.71711 -2.3634 0.64 0.850007 0.489518
1.48214 -2.28229 0.36 0.85076 0.568994
1.59107 -2.45003 0.64 0.865575 0.502339
1.71711 -2.3634 0.64 0.850007 0.489518
1.71711 -2.3634 0.64 0.850007 0.489518
1.59107 -2.45003 0.64 0.865575 0.502339
1.83467 -2.5252 1 0.861847 0.411491
1.59107 -2.45003 0.64 0.865575 0.502339
1.69999 -2.61776 1 0.878308 0.423894
1.83467 -2.5252 1 0.861847 0.411491
1.83467 -2.5252 1 0.861847 0.411491
1.69999 -2.61776 1 0.878308 0.423894
1.95222 -2.687 1.44 0.869008 0.324502
0.536027 -0.155429 -0 0.571754 0.997261
0.536027 -0.161803 -0 0.573538 0.997028
0.536027 -0.310858 -0 0.614393 0.989159
0.536027 -0.161803 -0 0.573538 0.997028
0.536027 -0.323607 -0 0.617791 0.988283
0.536027 -0.310858 -0 0.614393 0.989159
0.536027 -0.310858 -0 0.614393 0.989159
0.536027 -0.323607 -0 0.617791 0.988283
0.536027 -0.466288 -0 0.654487 0.976577
0.536027 -0.323607 -0 0.617791 0.988283
0.536027 -0.48541 -0 0.6592 0.974768
0.536027 -0.466288 -0 0.654487 0.976577
0.536027 -0.466288 -0 0.654487 0.976577
0.536027 -0.48541 -0 0.6592 0.974768
0.536027 -0.621717 -0 0.69122 0.960538
0.536027 -0.48541 -0 0.6592 0.974768
0.536027 -0.647214 -0 0.696892 0.957654
0.536027 -0.621717 -0 0.69122 0.960538
0.536027 -0.621717 -0 0.69122 0.960538
0.536027 -0.647214 -0 0.696892 0.957654
0.62932 -0.777146 -0 0.720007 0.913929
0.536027 -0.647214 -0 0.696892 0.957654
0.587785 -0.809017 -0 0.728153 0.922726
0.62932 -0.777146 -0 0.720007 0.913929
0.62932 -0.777146 -0 0.720007 0.913929
0.587785 -0.809017 -0 0.728153 0.922726
0.755184 -0.932575 -0 0.741586 0.860199
0.587785 -0.809017 -0 0.728153 0.922726
0.705342 -0.97082 -0 0.75091 0.870066
0.755184 -0.932575 -0 0.741586 0.860199
0.755184 -0.932575 -0 0.741586 0.860199
0.705342 -0.97082 -0 0.75091 0.870066
0.881049 -1.088 -0 0.75807 0.811158
0.705342 -0.97082 -0 0.75091 0.870066
0.822899 -1.13262 -0 0.768416 0.821829
0.881049 -1.088 -0 0.75807 0.811158
0.881049 -1.088 -0 0.75807 0.811158
0.822899 -1.13262 -0 0.768416 0.821829
1.00691 -1.24343 -0 0.770526 0.767331
0.822899 -1.13262 -0 0.768416 0.821829
0.940456 -1.29443 -0 0.781747 0.778571
1.00691 -1.24343 -0 0.770526 0.767331
1.00691 -1.24343 -0 0.770526 0.767331
0.940456 -1.29443 -0 0.781747 0.778571
1.13278 -1.39886 -0 0.779903 0.72864
0.940456 -1.29443 -0 0.781747 0.778571
1.05801 -1.45623 -0 0.791865 0.740254
1.13278 -1.39886 -0 0.779903 0.72864
1.13278 -1.39886 -0 0.779903 0.72864
1.05801 -1.45623 -0 0.791865 0.740254
1.46085 -1.804 0.04 0.797653 0.642253
1.05801 -1.45623 -0 0.791865 0.740254
1.36444 -1.87799 0.04 0.811178 0.654301
1.46085 -1.804 0.04 0.797653 0.642253
1.46085 -1.804 0.04 0.797653 0.642253
1.36444 -1.87799 0.04 0.811178 0.654301
1.58672 -1.95943 0.16 0.808287 0.598535
1.36444 -1.87799 0.04 0.811178 0.654301
1.48199 -2.03979 0.16 0.822592 0.610684
1.58672 -1.95943 0.16 0.808287 0.598535
1.58672 -1.95943 0.16 0.808287 0.598535
1.48199 -2.03979 0.16 0.822592 0.610684
1.71258 -2.11486 0.36 0.820936 0.543887
1.48199 -2.03979 0.16 0.822592 0.610684
1.59955 -2.20159 0.36 0.836134 0.556044
1.71258 -2.11486 0.36 0.820936 0.543887
1.71258 -2.11486 0.36 0.820936 0.543887
1.59955 -2.20159 0.36 0.836134 0.556044
1.83845 -2.27029 0.64 0.833883 0.477529
1.59955 -2.20159 0.36 0.836134 0.556044
1.71711 -2.3634 0.64 0.850007 0.489518
1.83845 -2.27029 0.64 0.833883 0.477529
1.83845 -2.27029 0.64 0.833883 0.477529
1.71711 -2.3634 0.64 0.850007 0.489518
1.96431 -2.42572 1 0.844867 0.399934
1.71711 -2.3634 0.64 0.850007 0.489518
1.83467 -2.5252 1 0.861847 0.411491
1.96431 -2.42572 1 0.844867 0.399934
1.96431 -2.42572 1 0.844867 0.399934
1.83467 -2.5252 1 0.861847 0.411491
2.09017 -2.58115 1.44 0.851357 0.313728
1.83467 -2.5252 1 0.861847 0.411491
1.95222 -2.687 1.44 0.869008 0.324502
2.09017 -2.58115 1.44 0.851357 0.313728
2.09017 -2.58115 1.44 0.851357 0.313728
1.95222 -2.687 1.44 0.869008 0.324502
2.21604 -2.73658 1.96 0.851343 0.223812
0.536027 -0.148629 -0 0.569847 0.997501
0.536027 -0.155429 -0 0.571754 0.997261
0.536027 -0.297258 -0 0.610749 0.99006
0.536027 -0.155429 -0 0.571754 0.997261
0.536027 -0.310858 -0 0.614393 0.989159
0.536027 -0.297258 -0 0.610749 0.99006
0.536027 -0.297258 -0 0.610749 0.99006
0.536027 -0.310858 -0 0.614393 0.989159
0.536027 -0.445887 -0 0.649403 0.97845
0.536027 -0.310858 -0 0.614393 0.989159
0.536027 -0.466288 -0 0.654487 0.976577
0.536027 -0.445887 -0 0.649403 0.97845
0.536027 -0.445887 -0 0.649403 0.97845
0.536027 -0.466288 -0 0.654487 0.976577
0.536027 -0.594516 -0 0.685058 0.963545
0.536027 -0.466288 -0 0.654487 0.976577
0.536027 -0.621717 -0 0.69122 0.960538
0.536027 -0.594516 -0 0.685058 0.963545
0.536027 -0.594516 -0 0.685058 0.963545
0.536027 -0.621717 -0 0.69122 0.960538
0.669131 -0.743145 -0 0.711363 0.905544
0.536027 -0.621717 -0 0.69122 0.960538
0.62932 -0.777146 -0 0.720007 0.913929
0.669131 -0.743145 -0 0.711363 0.905544
0.669131 -0.743145 -0 0.711363 0.905544
0.62932 -0.777146 -0 0.720007 0.913929
0.802957 -0.891774 -0 0.731725 0.8508
0.62932 -0.777146 -0 0.720007 0.913929
0.755184 -0.932575 -0 0.741586 0.860199
0.802957 -0.891774 -0 0.731725 0.8508
0.802957 -0.891774 -0 0.731725 0.8508
0.755184 -0.932575 -0 0.741586 0.860199
0.936783 -1.0404 -0 0.747165 0.801008
0.755184 -0.932575 -0 0.741586 0.860199
0.881049 -1.088 -0 0.75807 0.811158
0.936783 -1.0404 -0 0.747165 0.801008
0.936783 -1.0404 -0 0.747165 0.801008
0.881049 -1.088 -0 0.75807 0.811158
1.07061 -1.18903 -0 0.75874 0.756663
0.881049 -1.088 -0 0.75807 0.811158
1.00691 -1.24343 -0 0.770526 0.767331
1.07061 -1.18903 -0 0.75874 0.756663
1.07061 -1.18903 -0 0.75874 0.756663
1.00691 -1.24343 -0 0.770526 0.767331
1.20444 -1.33766 -0 0.767379 0.71764
1.00691 -1.24343 -0 0.770526 0.767331
1.13278 -1.39886 -0 0.779903 0.72864
1.20444 -1.33766 -0 0.767379 0.71764
1.20444 -1.33766 -0 0.767379 0.71764
1.13278 -1.39886 -0 0.779903 0.72864
1.55327 -1.72508 0.04 0.783591 0.630917
1.13278 -1.39886 -0 0.779903 0.72864
1.46085 -1.804 0.04 0.797653 0.642253
1.55327 -1.72508 0.04 0.783591 0.630917
1.55327 -1.72508 0.04 0.783591 0.630917
1.46085 -1.804 0.04 0.797653 0.642253
1.68709 -1.87371 0.16 0.793448 0.58714
1.46085 -1.804 0.04 0.797653 0.642253
1.58672 -1.95943 0.16 0.808287 0.598535
1.68709 -1.87371 0.16 0.793448 0.58714
1.68709 -1.87371 0.16 0.793448 0.58714
1.58672 -1.95943 0.16 0.808287 0.598535
1.82092 -2.02234 0.36 0.805207 0.532529
1.58672 -1.95943 0.16 0.808287 0.598535
1.71258 -2.11486 0.36 0.820936 0.543887
1.82092 -2.02234 0.36 0.805207 0.532529
1.82092 -2.02234 0.36 0.805207 0.532529
1.71258 -2.11486 0.36 0.820936 0.543887
1.95474 -2.17096 0.64 0.817241 0.466375
1.71258 -2.11486 0.36 0.820936 0.543887
1.83845 -2.27029 0.64 0.833883 0.477529
1.95474 -2.17096 0.64 0.817241 0.466375
1.95474 -2.17096 0.64 0.817241 0.466375
1.83845 -2.27029 0.64 0.833883 0.477529
2.08857 -2.31959 1 0.827401 0.389226
1.83845 -2.27029 0.64 0.833883 0.477529
1.96431 -2.42572 1 0.844867 0.399934
2.08857 -2.31959 1 0.827401 0.389226
2.08857 -2.31959 1 0.827401 0.389226
1.96431 -2.42572 1 0.844867 0.399934
2.2224 -2.46822 1.44 0.833275 0.303777
1.96431 -2.42572 1 0.844867 0.399934
2.09017 -2.58115 1.44 0.851357 0.313728
2.2224 -2.46822 1.44 0.833275 0.303777
2.2224 -2.46822 1.44 0.833275 0.303777
2.09017 -2.58115 1.44 0.851357 0.313728
2.35622 -2.61685 1.96 0.832945 0.214968
2.09017 -2.58115 1.44 0.851357 0.313728
2.21604 -2.73658 1.96 0.851343 0.223812
2.35622 -2.61685 1.96 0.832945 0.214968
0.536027 -0.141421 -0 0.567824 0.997743
0.536027 -0.148629 -0 0.569847 0.997501
0.536027 -0.282843 -0 0.606866 0.990977
0.536027 -0.148629 -0 0.569847 0.997501
0.536027 -0.297258 -0 0.610749 0.99006
0.536027 -0.282843 -0 0.606866 0.990977
0.536027 -0.282843 -0 0.606866 0.990977
0.536027 -0.297258 -0 0.610749 0.99006
0.536027 -0.424264 -0 0.643952 0.980366
0.536027 -0.297258 -0 0.610749 0.99006
0.536027 -0.445887 -0 0.649403 0.97845
0.536027 -0.424264 -0 0.643952 0.980366
0.536027 -0.424264 -0 0.643952 0.980366
0.536027 -0.445887 -0 0.649403 0.97845
0.565685 -0.565685 -0 0.677419 0.957027
0.536027 -0.445887 -0 0.649403 0.97845
0.536027 -0.594516 -0 0.685058 0.963545
0.565685 -0.565685 -0 0.677419 0.957027
0.565685 -0.565685 -0 0.677419 0.957027
0.536027 -0.594516 -0 0.685058 0.963545
0.707107 -0.707107 -0 0.702247 0.89758
0.536027 -0.594516 -0 0.685058 0.963545
0.669131 -0.743145 -0 0.711363 0.905544
0.707107 -0.707107 -0 0.702247 0.89758
0.707107 -0.707107 -0 0.702247 0.89758
0.669131 -0.743145 -0 0.711363 0.905544
0.848528 -0.848528 -0 0.721356 0.841881
0.669131 -0.743145 -0 0.711363 0.905544
0.802957 -0.891774 -0 0.731725 0.8508
0.848528 -0.848528 -0 0.721356 0.841881
0.848528 -0.848528 -0 0.721356 0.841881
0.802957 -0.891774 -0 0.731725 0.8508
0.98995 -0.98995 -0 0.735736 0.791392
0.802957 -0.891774 -0 0.731725 0.8508
0.936783 -1.0404 -0 0.747165 0.801008
0.98995 -0.98995 -0 0.735736 0.791392
0.98995 -0.98995 -0 0.735736 0.791392
0.936783 -1.0404 -0 0.747165 0.801008
1.13137 -1.13137 -0 0.746425 0.746579
0.936783 -1.0404 -0 0.747165 0.801008
1.07061 -1.18903 -0 0.75874 0.756663
1.13137 -1.13137 -0 0.746425 0.746579
1.13137 -1.13137 -0 0.746425 0.746579
1.07061 -1.18903 -0 0.75874 0.756663
1.27279 -1.27279 -0 0.754333 0.707269
1.07061 -1.18903 -0 0.75874 0.756663
1.20444 -1.33766 -0 0.767379 0.71764
1.27279 -1.27279 -0 0.754333 0.707269
1.27279 -1.27279 -0 0.754333 0.707269
1.20444 -1.33766 -0 0.767379 0.71764
1.64142 -1.64142 0.04 0.769042 0.620302
1.20444 -1.33766 -0 0.767379 0.71764
1.55327 -1.72508 0.04 0.783591 0.630917
1.64142 -1.64142 0.04 0.769042 0.620302
1.64142 -1.64142 0.04 0.769042 0.620302
1.55327 -1.72508 0.04 0.783591 0.630917
1.78284 -1.78284 0.16 0.778126 0.576507
1.55327 -1.72508 0.04 0.783591 0.630917
1.68709 -1.87371 0.16 0.793448 0.58714
1.78284 -1.78284 0.16 0.778126 0.576507
1.78284 -1.78284 0.16 0.778126 0.576507
1.68709 -1.87371 0.16 0.793448 0.58714
1.92426 -1.92426 0.36 0.788999 0.521973
1.68709 -1.87371 0.16 0.793448 0.58714
1.82092 -2.02234 0.36 0.805207 0.532529
1.92426 -1.92426 0.36 0.788999 0.521973
1.92426 -1.92426 0.36 0.788999 0.521973
1.82092 -2.02234 0.36 0.805207 0.532529
2.06569 -2.06569 0.64 0.800127 0.456058
1.82092 -2.02234 0.36 0.805207 0.532529
1.95474 -2.17096 0.64 0.817241 0.466375
2.06569 -2.06569 0.64 0.800127 0.456058
2.06569 -2.06569 0.64 0.800127 0.456058
1.95474 -2.17096 0.64 0.817241 0.466375
2.20711 -2.20711 1 0.809488 0.37937
1.95474 -2.17096 0.64 0.817241 0.466375
2.08857 -2.31959 1 0.827401 0.389226
2.20711 -2.20711 1 0.809488 0.37937
2.20711 -2.20711 1 0.809488 0.37937
2.08857 -2.31959 1 0.827401 0.389226
2.34853 -2.34853 1.44 0.81479 0.294652
2.08857 -2.31959 1 0.827401 0.389226
2.2224 -2.46822 1.44 0.833275 0.303777
2.34853 -2.34853 1.44 0.81479 0.294652
2.34853 -2.34853 1.44 0.81479 0.294652
2.2224 -2.46822 1.44 0.833275 0.303777
2.48995 -2.48995 1.96 0.814209 0.206874
2.2224 -2.46822 1.44 0.833275 0.303777
2.35622 -2.61685 1.96 0.832945 0.214968
2.48995 -2.48995 1.96 0.814209 0.206874
0.536027 -0.133826 -0 0.565689 0.997987
0.536027 -0.141421 -0 0.567824 0.997743
0.536027 -0.267652 -0 0.602751 0.991899
0.536027 -0.141421 -0 0.567824 0.997743
0.536027 -0.282843 -0 0.606866 0.990977
0.536027 -0.267652 -0 0.602751 0.991899
0.536027 -0.267652 -0 0.602751 0.991899
0.536027 -0.282843 -0 0.606866 0.990977
0.536027 -0.401478 -0 0.63814 0.982307
0.536027 -0.282843 -0 0.606866 0.990977
0.536027 -0.424264 -0 0.643952 0.980366
0.536027 -0.401478 -0 0.63814 0.982307
0.536027 -0.401478 -0 0.63814 0.982307
0.536027 -0.424264 -0 0.643952 0.980366
0.594516 -0.535304 -0 0.669359 0.950645
0.536027 -0.424264 -0 0.643952 0.980366
0.565685 -0.565685 -0 0.677419 0.957027
0.594516 -0.535304 -0 0.669359 0.950645
0.594516 -0.535304 -0 0.669359 0.950645
0.565685 -0.565685 -0 0.677419 0.957027
0.743145 -0.669131 -0 0.692682 0.89005
0.565685 -0.565685 -0 0.677419 0.957027
0.707107 -0.707107 -0 0.702247 0.89758
0.743145 -0.669131 -0 0.692682 0.89005
0.743145 -0.669131 -0 0.692682 0.89005
0.707107 -0.707107 -0 0.702247 0.89758
0.891774 -0.802957 -0 0.71051 0.833454
0.707107 -0.707107 -0 0.702247 0.89758
0.848528 -0.848528 -0 0.721356 0.841881
0.891774 -0.802957 -0 0.71051 0.833454
0.891774 -0.802957 -0 0.71051 0.833454
0.848528 -0.848528 -0 0.721356 0.841881
1.0404 -0.936783 -0 0.723818 0.782324
0.848528 -0.848528 -0 0.721356 0.841881
0.98995 -0.98995 -0 0.735736 0.791392
1.0404 -0.936783 -0 0.723818 0.782324
1.0404 -0.936783 -0 0.723818 0.782324
0.98995 -0.98995 -0 0.735736 0.791392
1.18903 -1.07061 -0 0.733625 0.737092
0.98995 -0.98995 -0 0.735736 0.791392
1.13137 -1.13137 -0 0.746425 0.746579
1.18903 -1.07061 -0 0.733625 0.737092
1.18903 -1.07061 -0 0.733625 0.737092
1.13137 -1.13137 -0 0.746425 0.746579
1.33766 -1.20444 -0 0.740812 0.69754
1.13137 -1.13137 -0 0.746425 0.746579
1.27279 -1.27279 -0 0.754333 0.707269
1.33766 -1.20444 -0 0.740812 0.69754
1.33766 -1.20444 -0 0.740812 0.69754
1.27279 -1.27279 -0 0.754333 0.707269
1.72508 -1.55327 0.04 0.75406 0.610417
1.27279 -1.27279 -0 0.754333 0.707269
1.64142 -1.64142 0.04 0.769042 0.620302
1.72508 -1.55327 0.04 0.75406 0.610417
1.72508 -1.55327 0.04 0.75406 0.610417
1.64142 -1.64142 0.04 0.769042 0.620302
1.87371 -1.68709 0.16 0.762377 0.566641
1.64142 -1.64142 0.04 0.769042 0.620302
1.78284 -1.78284 0.16 0.778126 0.576507
1.87371 -1.68709 0.16 0.762377 0.566641
1.87371 -1.68709 0.16 0.762377 0.566641
1.78284 -1.78284 0.16 0.778126 0.576507
2.02234 -1.82092 0.36 0.772368 0.512223
1.78284 -1.78284 0.16 0.778126 0.576507
1.92426 -1.92426 0.36 0.788999 0.521973
2.02234 -1.82092 0.36 0.772368 0.512223
2.02234 -1.82092 0.36 0.772368 0.512223
1.92426 -1.92426 0.36 0.788999 0.521973
2.17096 -1.95474 0.64 0.782597 0.44658
1.92426 -1.92426 0.36 0.788999 0.521973
2.06569 -2.06569 0.64 0.800127 0.456058
2.17096 -1.95474 0.64 0.782597 0.44658
2.17096 -1.95474 0.64 0.782597 0.44658
2.06569 -2.06569 0.64 0.800127 0.456058
2.31959 -2.08857 1 0.791174 0.370366
2.06569 -2.06569 0.64 0.800127 0.456058
2.20711 -2.20711 1 0.809488 0.37937
2.31959 -2.08857 1 0.791174 0.370366
2.31959 -2.08857 1 0.791174 0.370366
2.20711 -2.20711 1 0.809488 0.37937
2.46822 -2.2224 1.44 0.79594 0.286354
2.20711 -2.20711 1 0.809488 0.37937
2.34853 -2.34853 1.44 0.81479 0.294652
2.46822 -2.2224 1.44 0.79594 0.286354
2.46822 -2.2224 1.44 0.79594 0.286354
2.34853 -2.34853 1.44 0.81479 0.294652
2.61685 -2.35622 1.96 0.795159 0.199532
2.34853 -2.34853 1.44 0.81479 0.294652
2.48995 -2.48995 1.96 0.814209 0.206874
2.61685 -2.35622 1.96 0.795159 0.199532
0.536027 -0.125864 -0 0.563447 0.998229
0.536027 -0.133826 -0 0.565689 0.997987
0.536027 -0.251728 -0 0.598415 0.992817
0.536027 -0.133826 -0 0.565689 0.997987
0.536027 -0.267652 -0 0.602751 0.991899
0.536027 -0.251728 -0 0.598415 0.992817
0.536027 -0.251728 -0 0.598415 0.992817
0.536027 -0.267652 -0 0.602751 0.991899
0.536027 -0.377592 -0 0.631976 0.984251
0.536027 -0.267652 -0 0.602751 0.991899
0.536027 -0.401478 -0 0.63814 0.982307
0.536027 -0.377592 -0 0.631976 0.984251
0.536027 -0.377592 -0 0.631976 0.984251
0.536027 -0.401478 -0 0.63814 0.982307
0.621717 -0.503456 -0 0.660924 0.944643
0.536027 -0.401478 -0 0.63814 0.982307
0.594516 -0.535304 -0 0.669359 0.950645
0.621717 -0.503456 -0 0.660924 0.944643
0.621717 -0.503456 -0 0.660924 0.944643
0.594516 -0.535304 -0 0.669359 0.950645
0.777146 -0.62932 -0 0.682699 0.882967
0.594516 -0.535304 -0 0.669359 0.950645
0.743145 -0.669131 -0 0.692682 0.89005
0.777146 -0.62932 -0 0.682699 0.882967
0.777146 -0.62932 -0 0.682699 0.882967
0.743145 -0.669131 -0 0.692682 0.89005
0.932575 -0.755184 -0 0.699223 0.825535
0.743145 -0.669131 -0 0.692682 0.89005
0.891774 -0.802957 -0 0.71051 0.833454
0.932575 -0.755184 -0 0.699223 0.825535
0.932575 -0.755184 -0 0.699223 0.825535
0.891774 -0.802957 -0 0.71051 0.833454
1.088 -0.881049 -0 0.711454 0.773819
0.891774 -0.802957 -0 0.71051 0.833454
1.0404 -0.936783 -0 0.723818 0.782324
1.088 -0.881049 -0 0.711454 0.773819
1.088 -0.881049 -0 0.711454 0.773819
1.0404 -0.936783 -0 0.723818 0.782324
1.24343 -1.00691 -0 0.720385 0.728219
1.0404 -0.936783 -0 0.723818 0.782324
1.18903 -1.07061 -0 0.733625 0.737092
1.24343 -1.00691 -0 0.720385 0.728219
1.24343 -1.00691 -0 0.720385 0.728219
1.18903 -1.07061 -0 0.733625 0.737092
1.39886 -1.13278 -0 0.726868 0.688466
1.18903 -1.07061 -0 0.733625 0.737092
1.33766 -1.20444 -0 0.740812 0.69754
1.39886 -1.13278 -0 0.726868 0.688466
1.39886 -1.13278 -0 0.726868 0.688466
1.33766 -1.20444 -0 0.740812 0.69754
1.804 -1.46085 0.04 0.738703 0.601272
1.33766 -1.20444 -0 0.740812 0.69754
1.72508 -1.55327 0.04 0.75406 0.610417
1.804 -1.46085 0.04 0.738703 0.601272
1.804 -1.46085 0.04 0.738703 0.601272
1.72508 -1.55327 0.04 0.75406 0.610417
1.95943 -1.58672 0.16 0.746264 0.557548
1.72508 -1.55327 0.04 0.75406 0.610417
1.87371 -1.68709 0.16 0.762377 0.566641
1.95943 -1.58672 0.16 0.746264 0.557548
1.95943 -1.58672 0.16 0.746264 0.557548
1.87371 -1.68709 0.16 0.762377 0.566641
2.11486 -1.71258 0.36 0.755376 0.50328
1.87371 -1.68709 0.16 0.762377 0.566641
2.02234 -1.82092 0.36 0.772368 0.512223
2.11486 -1.71258 0.36 0.755376 0.50328
2.11486 -1.71258 0.36 0.755376 0.50328
2.02234 -1.82092 0.36 0.772368 0.512223
2.27029 -1.83845 0.64 0.76471 0.437937
2.02234 -1.82092 0.36 0.772368 0.512223
2.17096 -1.95474 0.64 0.782597 0.44658
2.27029 -1.83845 0.64 0.76471 0.437937
2.27029 -1.83845 0.64 0.76471 0.437937
2.17096 -1.95474 0.64 0.782597 0.44658
2.42572 -1.96431 1 0.772513 0.362207
2.17096 -1.95474 0.64 0.782597 0.44658
2.31959 -2.08857 1 0.791174 0.370366
2.42572 -1.96431 1 0.772513 0.362207
2.42572 -1.96431 1 0.772513 0.362207
2.31959 -2.08857 1 0.791174 0.370366
2.58115 -2.09017 1.44 0.776766 0.278877
2.31959 -2.08857 1 0.791174 0.370366
2.46822 -2.2224 1.44 0.79594 0.286354
2.58115 -2.09017 1.44 0.776766 0.278877
2.58115 -2.09017 1.44 0.776766 0.278877
2.46822 -2.2224 1.44 0.79594 0.286354
2.73658 -2.21604 1.96 0.775826 0.19294
2.46822 -2.2224 1.44 0.79594 0.286354
2.61685 -2.35622 1.96 0.795159 0.199532
2.73658 -2.21604 1.96 0.775826 0.19294
0.536027 -0.117557 -0 0.561106 0.998466
0.536027 -0.125864 -0 0.563447 0.998229
0.536027 -0.235114 -0 0.593866 0.993721
0.536027 -0.125864 -0 0.563447 0.998229
0.536027 -0.251728 -0 0.598415 0.992817
0.536027 -0.235114 -0 0.593866 0.993721
0.536027 -0.235114 -0 0.593866 0.993721
0.536027 -0.251728 -0 0.598415 0.992817
0.536027 -0.352671 -0 0.62547 0.986176
0.536027 -0.251728 -0 0.598415 0.992817
0.536027 -0.377592 -0 0.631976 0.984251
0.536027 -0.352671 -0 0.62547 0.986176
0.536027 -0.352671 -0 0.62547 0.986176
0.536027 -0.377592 -0 0.631976 0.984251
0.647214 -0.470228 -0 0.652138 0.93903
0.536027 -0.377592 -0 0.631976 0.984251
0.621717 -0.503456 -0 0.660924 0.944643
0.647214 -0.470228 -0 0.652138 0.93903
0.647214 -0.470228 -0 0.652138 0.93903
0.621717 -0.503456 -0 0.660924 0.944643
0.809017 -0.587785 -0 0.672327 0.876342
0.621717 -0.503456 -0 0.660924 0.944643
0.777146 -0.62932 -0 0.682699 0.882967
0.809017 -0.587785 -0 0.672327 0.876342
0.809017 -0.587785 -0 0.672327 0.876342
0.777146 -0.62932 -0 0.682699 0.882967
0.97082 -0.705342 -0 0.687531 0.818138
0.777146 -0.62932 -0 0.682699 0.882967
0.932575 -0.755184 -0 0.699223 0.825535
0.97082 -0.705342 -0 0.687531 0.818138
0.97082 -0.705342 -0 0.687531 0.818138
0.932575 -0.755184 -0 0.699223 0.825535
1.13262 -0.822899 -0 0.698686 0.765894
0.932575 -0.755184 -0 0.699223 0.825535
1.088 -0.881049 -0 0.711454 0.773819
1.13262 -0.822899 -0 0.698686 0.765894
1.13262 -0.822899 -0 0.698686 0.765894
1.088 -0.881049 -0 0.711454 0.773819
1.29443 -0.940456 -0 0.706755 0.719976
1.088 -0.881049 -0 0.711454 0.773819
1.24343 -1.00691 -0 0.720385 0.728219
1.29443 -0.940456 -0 0.706755 0.719976
1.29443 -0.940456 -0 0.706755 0.719976
1.24343 -1.00691 -0 0.720385 0.728219
1.45623 -1.05801 -0 0.712552 0.680064
1.24343 -1.00691 -0 0.720385 0.728219
1.39886 -1.13278 -0 0.726868 0.688466
1.45623 -1.05801 -0 0.712552 0.680064
1.45623 -1.05801 -0 0.712552 0.680064
1.39886 -1.13278 -0 0.726868 0.688466
1.87799 -1.36444 0.04 0.723031 0.592871
1.39886 -1.13278 -0 0.726868 0.688466
1.804 -1.46085 0.04 0.738703 0.601272
1.87799 -1.36444 0.04 0.723031 0.592871
1.87799 -1.36444 0.04 0.723031 0.592871
1.804 -1.46085 0.04 0.738703 0.601272
2.03979 -1.48199 0.16 0.729847 0.54923
1.804 -1.46085 0.04 0.738703 0.601272
1.95943 -1.58672 0.16 0.746264 0.557548
2.03979 -1.48199 0.16 0.729847 0.54923
2.03979 -1.48199 0.16 0.729847 0.54923
1.95943 -1.58672 0.16 0.746264 0.557548
2.20159 -1.59955 0.36 0.738087 0.495142
1.95943 -1.58672 0.16 0.746264 0.557548
2.11486 -1.71258 0.36 0.755376 0.50328
2.20159 -1.59955 0.36 0.738087 0.495142
2.20159 -1.59955 0.36 0.738087 0.495142
2.11486 -1.71258 0.36 0.755376 0.50328
2.3634 -1.71711 0.64 0.74653 0.430123
2.11486 -1.71258 0.36 0.755376 0.50328
2.27029 -1.83845 0.64 0.76471 0.437937
2.3634 -1.71711 0.64 0.74653 0.430123
2.3634 -1.71711 0.64 0.74653 0.430123
2.27029 -1.83845 0.64 0.76471 0.437937
2.5252 -1.83467 1 0.753563 0.354886
2.27029 -1.83845 0.64 0.76471 0.437937
2.42572 -1.96431 1 0.772513 0.362207
2.5252 -1.83467 1 0.753563 0.354886
2.5252 -1.83467 1 0.753563 0.354886
2.42572 -1.96431 1 0.772513 0.362207
2.687 -1.95222 1.44 0.757318 0.272214
2.42572 -1.96431 1 0.772513 0.362207
2.58115 -2.09017 1.44 0.776766 0.278877
2.687 -1.95222 1.44 0.757318 0.272214
2.687 -1.95222 1.44 0.757318 0.272214
2.58115 -2.09017 1.44 0.776766 0.278877
2.84881 -2.06978 1.96 0.756246 0.187093
2.58115 -2.09017 1.44 0.776766 0.278877
2.73658 -2.21604 1.96 0.775826 0.19294
2.84881 -2.06978 1.96 0.756246 0.187093
0.536027 -0.108928 -0 0.55867 0.998697
0.536027 -0.117557 -0 0.561106 0.998466
0.536027 -0.217856 -0 0.589117 0.9946
0.536027 -0.117557 -0 0.561106 0.998466
0.536027 -0.235114 -0 0.593866 0.993721
0.536027 -0.217856 -0 0.589117 0.9946
0.536027 -0.217856 -0 0.589117 0.9946
0.536027 -0.235114 -0 0.593866 0.993721
0.536027 -0.326783 -0 0.618635 0.988061
0.536027 -0.235114 -0 0.593866 0.993721
0.536027 -0.352671 -0 0.62547 0.986176
0.536027 -0.326783 -0 0.618635 0.988061
0.536027 -0.326783 -0 0.618635 0.988061
0.536027 -0.352671 -0 0.62547 0.986176
0.670936 -0.435711 -0 0.643026 0.933819
0.536027 -0.352671 -0 0.62547 0.986176
0.647214 -0.470228 -0 0.652138 0.93903
0.670936 -0.435711 -0 0.643026 0.933819
0.670936 -0.435711 -0 0.643026 0.933819
0.647214 -0.470228 -0 0.652138 0.93903
0.838671 -0.544639 -0 0.661598 0.87019
0.647214 -0.470228 -0 0.652138 0.93903
0.809017 -0.587785 -0 0.672327 0.876342
0.838671 -0.544639 -0 0.661598 0.87019
0.838671 -0.544639 -0 0.661598 0.87019
0.809017 -0.587785 -0 0.672327 0.876342
1.0064 -0.653567 -0 0.675472 0.811279
0.809017 -0.587785 -0 0.672327 0.876342
0.97082 -0.705342 -0 0.687531 0.818138
1.0064 -0.653567 -0 0.675472 0.811279
1.0064 -0.653567 -0 0.675472 0.811279
0.97082 -0.705342 -0 0.687531 0.818138
1.17414 -0.762495 -0 0.685558 0.758565
0.97082 -0.705342 -0 0.687531 0.818138
1.13262 -0.822899 -0 0.698686 0.765894
1.17414 -0.762495 -0 0.685558 0.758565
1.17414 -0.762495 -0 0.685558 0.758565
1.13262 -0.822899 -0 0.698686 0.765894
1.34187 -0.871422 -0 0.692782 0.712377
1.13262 -0.822899 -0 0.698686 0.765894
1.29443 -0.940456 -0 0.706755 0.719976
1.34187 -0.871422 -0 0.692782 0.712377
1.34187 -0.871422 -0 0.692782 0.712377
1.29443 -0.940456 -0 0.706755 0.719976
1.50961 -0.98035 -0 0.697918 0.672346
1.29443 -0.940456 -0 0.706755 0.719976
1.45623 -1.05801 -0 0.712552 0.680064
1.50961 -0.98035 -0 0.697918 0.672346
1.50961 -0.98035 -0 0.697918 0.672346
1.45623 -1.05801 -0 0.712552 0.680064
1.94682 -1.26428 0.04 0.707102 0.585221
1.45623 -1.05801 -0 0.712552 0.680064
1.87799 -1.36444 0.04 0.723031 0.592871
1.94682 -1.26428 0.04 0.707102 0.585221
1.94682 -1.26428 0.04 0.707102 0.585221
1.87799 -1.36444 0.04 0.723031 0.592871
2.11456 -1.37321 0.16 0.713188 0.541686
1.87799 -1.36444 0.04 0.723031 0.592871
2.03979 -1.48199 0.16 0.729847 0.54923
2.11456 -1.37321 0.16 0.713188 0.541686
2.11456 -1.37321 0.16 0.713188 0.541686
2.03979 -1.48199 0.16 0.729847 0.54923
2.28229 -1.48214 0.36 0.720565 0.487802
2.03979 -1.48199 0.16 0.729847 0.54923
2.20159 -1.59955 0.36 0.738087 0.495142
2.28229 -1.48214 0.36 0.720565 0.487802
2.28229 -1.48214 0.36 0.720565 0.487802
2.20159 -1.59955 0.36 0.738087 0.495142
2.45003 -1.59107 0.64 0.728119 0.423126
2.20159 -1.59955 0.36 0.738087 0.495142
2.3634 -1.71711 0.64 0.74653 0.430123
2.45003 -1.59107 0.64 0.728119 0.423126
2.45003 -1.59107 0.64 0.728119 0.423126
2.3634 -1.71711 0.64 0.74653 0.430123
2.61776 -1.69999 1 0.734384 0.348387
2.3634 -1.71711 0.64 0.74653 0.430123
2.5252 -1.83467 1 0.753563 0.354886
2.61776 -1.69999 1 0.734384 0.348387
2.61776 -1.69999 1 0.734384 0.348387
2.5252 -1.83467 1 0.753563 0.354886
2.78549 -1.80892 1.44 0.737645 0.26635
2.5252 -1.83467 1 0.753563 0.354886
2.687 -1.95222 1.44 0.757318 0.272214
2.78549 -1.80892 1.44 0.737645 0.26635
2.78549 -1.80892 1.44 0.737645 0.26635
2.687 -1.95222 1.44 0.757318 0.272214
2.95323 -1.91785 1.96 0.736456 0.181981
2.687 -1.95222 1.44 0.757318 0.272214
2.84881 -2.06978 1.96 0.756246 0.187093
2.95323 -1.91785 1.96 0.736456 0.181981
0.536027 -0.1 -0 0.556147 0.998918
0.536027 -0.108928 -0 0.55867 0.998697
0.536027 -0.2 -0 0.584178 0.995445
0.536027 -0.108928 -0 0.55867 0.998697
0.536027 -0.217856 -0 0.589117 0.9946
0.536027 -0.2 -0 0.584178 0.995445
0.536027 -0.2 -0 0.584178 0.995445
0.536027 -0.217856 -0 0.589117 0.9946
0.536027 -0.3 -0 0.611485 0.989881
0.536027 -0.217856 -0 0.589117 0.9946
0.536027 -0.326783 -0 0.618635 0.988061
0.536027 -0.3 -0 0.611485 0.989881
0.536027 -0.3 -0 0.611485 0.989881
0.536027 -0.326783 -0 0.618635 0.988061
0.69282 -0.4 -0 0.633615 0.92902
0.536027 -0.326783 -0 0.618635 0.988061
0.670936 -0.435711 -0 0.643026 0.933819
0.69282 -0.4 -0 0.633615 0.92902
0.69282 -0.4 -0 0.633615 0.92902
0.670936 -0.435711 -0 0.643026 0.933819
0.866025 -0.5 -0 0.650545 0.864526
0.670936 -0.435711 -0 0.643026 0.933819
0.838671 -0.544639 -0 0.661598 0.87019
0.866025 -0.5 -0 0.650545 0.864526
0.866025 -0.5 -0 0.650545 0.864526
0.838671 -0.544639 -0 0.661598 0.87019
1.03923 -0.6 -0 0.663085 0.804975
0.838671 -0.544639 -0 0.661598 0.87019
1.0064 -0.653567 -0 0.675472 0.811279
1.03923 -0.6 -0 0.663085 0.804975
1.03923 -0.6 -0 0.663085 0.804975
1.0064 -0.653567 -0 0.675472 0.811279
1.21244 -0.7 -0 0.672116 0.751849
1.0064 -0.653567 -0 0.675472 0.811279
1.17414 -0.762495 -0 0.685558 0.758565
1.21244 -0.7 -0 0.672116 0.751849
1.21244 -0.7 -0 0.672116 0.751849
1.17414 -0.762495 -0 0.685558 0.758565
1.38564 -0.8 -0 0.678517 0.70544
1.17414 -0.762495 -0 0.685558 0.758565
1.34187 -0.871422 -0 0.692782 0.712377
1.38564 -0.8 -0 0.678517 0.70544
1.38564 -0.8 -0 0.678517 0.70544
1.34187 -0.871422 -0 0.692782 0.712377
1.55885 -0.9 -0 0.683017 0.665325
1.34187 -0.871422 -0 0.692782 0.712377
1.50961 -0.98035 -0 0.697918 0.672346
1.55885 -0.9 -0 0.683017 0.665325
1.55885 -0.9 -0 0.683017 0.665325
1.50961 -0.98035 -0 0.697918 0.672346
2.01032 -1.16066 0.04 0.690971 0.578323
1.50961 -0.98035 -0 0.697918 0.672346
1.94682 -1.26428 0.04 0.707102 0.585221
2.01032 -1.16066 0.04 0.690971 0.578323
2.01032 -1.16066 0.04 0.690971 0.578323
1.94682 -1.26428 0.04 0.707102 0.585221
2.18353 -1.26066 0.16 0.696344 0.534914
1.94682 -1.26428 0.04 0.707102 0.585221
2.11456 -1.37321 0.16 0.713188 0.541686
2.18353 -1.26066 0.16 0.696344 0.534914
2.18353 -1.26066 0.16 0.696344 0.534914
2.11456 -1.37321 0.16 0.713188 0.541686
2.35673 -1.36066 0.36 0.70287 0.481251
2.11456 -1.37321 0.16 0.713188 0.541686
2.28229 -1.48214 0.36 0.720565 0.487802
2.35673 -1.36066 0.36 0.70287 0.481251
2.35673 -1.36066 0.36 0.70287 0.481251
2.28229 -1.48214 0.36 0.720565 0.487802
2.52994 -1.46066 0.64 0.709541 0.41693
2.28229 -1.48214 0.36 0.720565 0.487802
2.45003 -1.59107 0.64 0.728119 0.423126
2.52994 -1.46066 0.64 0.709541 0.41693
2.87635 -1.66066 1.44 0.717798 0.261264
2.78549 -1.80892 1.44 0.737645 0.26635
3.04955 -1.76066 1.96 0.716498 0.177587
2.78549 -1.80892 1.44 0.737645 0.26635
2.95323 -1.91785 1.96 0.736456 0.181981
3.04955 -1.76066 1.96 0.716498 0.177587
0.536027 -0.0907981 -0 0.553543 0.999127
0.536027 -0.1 -0 0.556147 0.998918
0.536027 -0.181596 -0 0.579064 0.996247
0.536027 -0.1 -0 0.556147 0.998918
0.536027 -0.2 -0 0.584178 0.995445
0.536027 -0.181596 -0 0.579064 0.996247
0.536027 -0.181596 -0 0.579064 0.996247
0.536027 -0.2 -0 0.584178 0.995445
0.536027 -0.272394 -0 0.604038 0.991616
0.536027 -0.2 -0 0.584178 0.995445
0.536027 -0.3 -0 0.611485 0.989881
0.536027 -0.272394 -0 0.604038 0.991616
0.536027 -0.272394 -0 0.604038 0.991616
0.536027 -0.3 -0 0.611485 0.989881
0.712805 -0.363192 -0 0.623932 0.924645
0.536027 -0.3 -0 0.611485 0.989881
0.69282 -0.4 -0 0.633615 0.92902
0.712805 -0.363192 -0 0.623932 0.924645
0.712805 -0.363192 -0 0.623932 0.924645
0.69282 -0.4 -0 0.633615 0.92902
0.891007 -0.453991 -0 0.639201 0.859364
0.69282 -0.4 -0 0.633615 0.92902
0.866025 -0.5 -0 0.650545 0.864526
0.891007 -0.453991 -0 0.639201 0.859364
0.891007 -0.453991 -0 0.639201 0.859364
0.866025 -0.5 -0 0.650545 0.864526
1.06921 -0.544789 -0 0.650411 0.799242
0.866025 -0.5 -0 0.650545 0.864526
1.03923 -0.6 -0 0.663085 0.804975
1.06921 -0.544789 -0 0.650411 0.799242
1.06921 -0.544789 -0 0.650411 0.799242
1.03923 -0.6 -0 0.663085 0.804975
1.24741 -0.635587 -0 0.658403 0.745763
1.03923 -0.6 -0 0.663085 0.804975
1.21244 -0.7 -0 0.672116 0.751849
1.24741 -0.635587 -0 0.658403 0.745763
1.24741 -0.635587 -0 0.658403 0.745763
1.21244 -0.7 -0 0.672116 0.751849
1.42561 -0.726385 -0 0.664006 0.699177
1.21244 -0.7 -0 0.672116 0.751849
1.38564 -0.8 -0 0.678517 0.70544
1.42561 -0.726385 -0 0.664006 0.699177
2.95932 -1.50785 1.44 0.697828 0.256931
2.87635 -1.66066 1.44 0.717798 0.261264
3.13752 -1.59865 1.96 0.696411 0.17389
2.87635 -1.66066 1.44 0.717798 0.261264
3.04955 -1.76066 1.96 0.716498 0.177587
3.13752 -1.59865 1.96 0.696411 0.17389
0.536027 -0.0813473 -0 0.550866 0.999322
0.536027 -0.0907981 -0 0.553543 0.999127
0.536027 -0.162695 -0 0.573788 0.996994
0.536027 -0.0907981 -0 0.553543 0.999127
0.536027 -0.181596 -0 0.579064 0.996247
0.536027 -0.162695 -0 0.573788 0.996994
0.536027 -0.162695 -0 0.573788 0.996994
0.536027 -0.181596 -0 0.579064 0.996247
0.548127 -0.244042 -0 0.59617 0.989023
0.536027 -0.181596 -0 0.579064 0.996247
0.536027 -0.272394 -0 0.604038 0.991616
0.548127 -0.244042 -0 0.59617 0.989023
0.548127 -0.244042 -0 0.59617 0.989023
0.536027 -0.272394 -0 0.604038 0.991616
0.730836 -0.325389 -0 0.614003 0.920705
0.536027 -0.272394 -0 0.604038 0.991616
0.712805 -0.363192 -0 0.623932 0.924645
0.730836 -0.325389 -0 0.614003 0.920705
0.730836 -0.325389 -0 0.614003 0.920705
0.712805 -0.363192 -0 0.623932 0.924645
0.913545 -0.406737 -0 0.6276 0.854718
0.712805 -0.363192 -0 0.623932 0.924645
0.891007 -0.453991 -0 0.639201 0.859364
0.913545 -0.406737 -0 0.6276 0.854718
0.913545 -0.406737 -0 0.6276 0.854718
0.891007 -0.453991 -0 0.639201 0.859364
1.09625 -0.488084 -0 0.637487 0.794094
0.891007 -0.453991 -0 0.639201 0.859364
1.06921 -0.544789 -0 0.650411 0.799242
1.09625 -0.488084 -0 0.637487 0.794094
3.03418 -1.3509 1.44 0.67778 0.253324
2.95932 -1.50785 1.44 0.697828 0.256931
3.21689 -1.43225 1.96 0.676234 0.170865
2.95932 -1.50785 1.44 0.697828 0.256931
3.13752 -1.59865 1.96 0.696411 0.17389
3.21689 -1.43225 1.96 0.676234 0.170865
0.536027 -0.0716736 -0 0.548123 0.999501
0.536027 -0.0813473 -0 0.550866 0.999322
0.536027 -0.143347 -0 0.568365 0.99768
0.536027 -0.0813473 -0 0.550866 0.999322
0.536027 -0.162695 -0 0.573788 0.996994
0.536027 -0.143347 -0 0.568365 0.99768
0.536027 -0.143347 -0 0.568365 0.99768
0.536027 -0.162695 -0 0.573788 0.996994
0.560148 -0.215021 -0 0.588096 0.986286
0.536027 -0.162695 -0 0.573788 0.996994
0.548127 -0.244042 -0 0.59617 0.989023
0.560148 -0.215021 -0 0.588096 0.986286
0.560148 -0.215021 -0 0.588096 0.986286
0.548127 -0.244042 -0 0.59617 0.989023
0.746864 -0.286694 -0 0.603858 0.917209
0.548127 -0.244042 -0 0.59617 0.989023
0.730836 -0.325389 -0 0.614003 0.920705
0.746864 -0.286694 -0 0.603858 0.917209
3.10072 -1.19025 1.44 0.657693 0.25041
3.03418 -1.3509 1.44 0.67778 0.253324
3.28744 -1.26193 1.96 0.656 0.168486
3.03418 -1.3509 1.44 0.67778 0.253324
3.21689 -1.43225 1.96 0.676234 0.170865
3.28744 -1.26193 1.96 0.656 0.168486
0.536027 -0.0618034 -0 0.545322 0.999662
0.536027 -0.0716736 -0 0.548123 0.999501
0.536027 -0.123607 -0 0.562811 0.998295
0.536027 -0.0716736 -0 0.548123 0.999501
0.536027 -0.143347 -0 0.568365 0.99768
0.536027 -0.123607 -0 0.562811 0.998295
0.536027 -0.123607 -0 0.562811 0.998295
0.536027 -0.143347 -0 0.568365 0.99768
0.570634 -0.18541 -0 0.579855 0.983906
0.536027 -0.143347 -0 0.568365 0.99768
0.560148 -0.215021 -0 0.588096 0.986286
0.570634 -0.18541 -0 0.579855 0.983906
0.570634 -0.18541 -0 0.579855 0.983906
0.560148 -0.215021 -0 0.588096 0.986286
0.760845 -0.247214 -0 0.593523 0.914169
0.560148 -0.215021 -0 0.588096 0.986286
0.746864 -0.286694 -0 0.603858 0.917209
0.760845 -0.247214 -0 0.593523 0.914169
3.15876 -1.02634 1.44 0.637601 0.248159
3.10072 -1.19025 1.44 0.657693 0.25041
3.34897 -1.08815 1.96 0.63574 0.166722
3.10072 -1.19025 1.44 0.657693 0.25041
3.28744 -1.26193 1.96 0.656 0.168486
3.34897 -1.08815 1.96 0.63574 0.166722
0.536027 -0.0517638 -0 0.542471 0.999804
0.536027 -0.0618034 -0 0.545322 0.999662
0.536027 -0.103528 -0 0.557144 0.998833
0.536027 -0.0618034 -0 0.545322 0.999662
0.536027 -0.123607 -0 0.562811 0.998295
0.536027 -0.103528 -0 0.557144 0.998833
0.536027 -0.103528 -0 0.557144 0.998833
0.536027 -0.123607 -0 0.562811 0.998295
0.579556 -0.155291 -0 0.571471 0.981888
0.536027 -0.123607 -0 0.562811 0.998295
0.570634 -0.18541 -0 0.579855 0.983906
0.579556 -0.155291 -0 0.571471 0.981888
0.579556 -0.155291 -0 0.571471 0.981888
0.570634 -0.18541 -0 0.579855 0.983906
0.772741 -0.207055 -0 0.583026 0.911593
0.570634 -0.18541 -0 0.579855 0.983906
0.760845 -0.247214 -0 0.593523 0.914169
0.772741 -0.207055 -0 0.583026 0.911593
3.20815 -0.859621 1.44 0.617527 0.246539
3.15876 -1.02634 1.44 0.637601 0.248159
3.40133 -0.911385 1.96 0.615478 0.165545
3.15876 -1.02634 1.44 0.637601 0.248159
3.34897 -1.08815 1.96 0.63574 0.166722
3.40133 -0.911385 1.96 0.615478 0.165545
0.536027 -0.0415823 -0 0.539577 0.999924
0.536027 -0.0517638 -0 0.542471 0.999804
0.536027 -0.0831647 -0 0.551381 0.999286
0.536027 -0.0517638 -0 0.542471 0.999804
0.536027 -0.103528 -0 0.557144 0.998833
0.536027 -0.0831647 -0 0.551381 0.999286
0.536027 -0.0831647 -0 0.551381 0.999286
0.536027 -0.103528 -0 0.557144 0.998833
0.586889 -0.124747 -0 0.562966 0.980238
0.536027 -0.103528 -0 0.557144 0.998833
0.579556 -0.155291 -0 0.571471 0.981888
0.586889 -0.124747 -0 0.562966 0.980238
0.586889 -0.124747 -0 0.562966 0.980238
0.579556 -0.155291 -0 0.571471 0.981888
0.782518 -0.166329 -0 0.572396 0.909489
0.579556 -0.155291 -0 0.571471 0.981888
0.772741 -0.207055 -0 0.583026 0.911593
0.782518 -0.166329 -0 0.572396 0.909489
3.24874 -0.690541 1.44 0.59749 0.245524
3.20815 -0.859621 1.44 0.617527 0.246539
3.44437 -0.732124 1.96 0.595234 0.164926
3.20815 -0.859621 1.44 0.617527 0.246539
3.40133 -0.911385 1.96 0.615478 0.165545
3.44437 -0.732124 1.96 0.595234 0.164926
0.536027 -0.0312869 -0 0.536649 1.00002
0.536027 -0.0415823 -0 0.539577 0.999924
0.536027 -0.0625738 -0 0.545541 0.999651
0.536027 -0.0415823 -0 0.539577 0.999924
0.536027 -0.0831647 -0 0.551381 0.999286
0.536027 -0.0625738 -0 0.545541 0.999651
0.536027 -0.0625738 -0 0.545541 0.999651
0.536027 -0.0831647 -0 0.551381 0.999286
0.592613 -0.0938607 -0 0.554362 0.978961
0.536027 -0.0831647 -0 0.551381 0.999286
0.586889 -0.124747 -0 0.562966 0.980238
0.592613 -0.0938607 -0 0.554362 0.978961
0.592613 -0.0938607 -0 0.554362 0.978961
0.586889 -0.124747 -0 0.562966 0.980238
0.790151 -0.125148 -0 0.561659 0.907865
0.586889 -0.124747 -0 0.562966 0.980238
0.782518 -0.166329 -0 0.572396 0.909489
0.790151 -0.125148 -0 0.561659 0.907865
3.28043 -0.519569 1.44 0.577501 0.245089
3.24874 -0.690541 1.44 0.59749 0.245524
3.47797 -0.550856 1.96 0.575022 0.16484
3.24874 -0.690541 1.44 0.59749 0.245524
3.44437 -0.732124 1.96 0.595234 0.164926
3.47797 -0.550856 1.96 0.575022 0.16484
0.536027 -0.0209057 -0 0.533696 1.0001
0.536027 -0.0312869 -0 0.536649 1.00002
0.536027 -0.0418114 -0 0.539642 0.999921
0.536027 -0.0312869 -0 0.536649 1.00002
0.536027 -0.0625738 -0 0.545541 0.999651
0.536027 -0.0418114 -0 0.539642 0.999921
0.536027 -0.0418114 -0 0.539642 0.999921
0.536027 -0.0625738 -0 0.545541 0.999651
0.596713 -0.0627171 -0 0.545682 0.978059
0.536027 -0.0625738 -0 0.545541 0.999651
0.592613 -0.0938607 -0 0.554362 0.978961
0.596713 -0.0627171 -0 0.545682 0.978059
0.596713 -0.0627171 -0 0.545682 0.978059
0.592613 -0.0938607 -0 0.554362 0.978961
0.795618 -0.0836228 -0 0.550841 0.906725
0.592613 -0.0938607 -0 0.554362 0.978961
0.790151 -0.125148 -0 0.561659 0.907865
0.795618 -0.0836228 -0 0.550841 0.906725
3.30313 -0.347172 1.44 0.557567 0.245215
3.28043 -0.519569 1.44 0.577501 0.245089
3.50203 -0.368078 1.96 0.554849 0.165266
3.28043 -0.519569 1.44 0.577501 0.245089
3.47797 -0.550856 1.96 0.575022 0.16484
3.50203 -0.368078 1.96 0.554849 0.165266
0.536027 -0.0104672 -0 0.530726 1.00015
0.536027 -0.0209057 -0 0.533696 1.0001
0.536027 -0.0209344 -0 0.533704 1.0001
0.536027 -0.0209057 -0 0.533696 1.0001
0.536027 -0.0418114 -0 0.539642 0.999921
0.536027 -0.0209344 -0 0.533704 1.0001
0.536027 -0.0209344 -0 0.533704 1.0001
0.536027 -0.0418114 -0 0.539642 0.999921
0.599178 -0.0314016 -0 0.536948 0.977535
0.536027 -0.0418114 -0 0.539642 0.999921
0.596713 -0.0627171 -0 0.545682 0.978059
0.599178 -0.0314016 -0 0.536948 0.977535
0.599178 -0.0314016 -0 0.536948 0.977535
0.596713 -0.0627171 -0 0.545682 0.978059
0.798904 -0.0418688 -0 0.539969 0.906073
0.596713 -0.0627171 -0 0.545682 0.978059
0.795618 -0.0836228 -0 0.550841 0.906725
0.798904 -0.0418688 -0 0.539969 0.906073
3.31677 -0.173824 1.44 0.537688 0.245886
3.30313 -0.347172 1.44 0.557567 0.245215
3.51649 -0.184292 1.96 0.534722 0.166184
3.30313 -0.347172 1.44 0.557567 0.245215
3.50203 -0.368078 1.96 0.554849 0.165266
3.51649 -0.184292 1.96 0.534722 0.166184
0.536027 -1.22465e-17 -0 0.527747 1.00017
0.536027 -0.0104672 -0 0.530726 1.00015
0.536027 -2.44929e-17 -0 0.527747 1.00017
0.536027 -0.0104672 -0 0.530726 1.00015
0.536027 -0.0209344 -0 0.533704 1.0001
0.536027 -2.44929e-17 -0 0.527747 1.00017
0.536027 -2.44929e-17 -0 0.527747 1.00017
0.536027 -0.0209344 -0 0.533704 1.0001
0.6 -3.67394e-17 -0 0.528182 0.97739
0.536027 -0.0209344 -0 0.533704 1.0001
0.599178 -0.0314016 -0 0.536948 0.977535
0.6 -3.67394e-17 -0 0.528182 0.97739
0.6 -3.67394e-17 -0 0.528182 0.97739
0.599178 -0.0314016 -0 0.536948 0.977535
0.8 -4.89859e-17 -0 0.529068 0.905913
0.599178 -0.0314016 -0 0.536948 0.977535
0.798904 -0.0418688 -0 0.539969 0.906073
0.8 -4.89859e-17 -0 0.529068 0.905913
3.32132 -2.03372e-16 1.44 0.517865 0.247091
3.31677 -0.173824 1.44 0.537688 0.245886
3.52132 -2.15619e-16 1.96 0.514641 0.167581
3.31677 -0.173824 1.44 0.537688 0.245886
3.51649 -0.184292 1.96 0.534722 0.166184
3.52132 -2.15619e-16 1.96 0.514641 0.167581
0.536027 0.0104672 -0 0.524769 1.00017
0.536027 -1.22465e-17 -0 0.527747 1.00017
0.536027 0.0209344 -0 0.52179 1.00015
0.536027 -1.22465e-17 -0 0.527747 1.00017
0.536027 -2.44929e-17 -0 0.527747 1.00017
0.536027 0.0209344 -0 0.52179 1.00015
0.536027 0.0209344 -0 0.52179 1.00015
0.536027 -2.44929e-17 -0 0.527747 1.00017
0.599178 0.0314016 -0 0.519408 0.977626
0.536027 -2.44929e-17 -0 0.527747 1.00017
0.6 -3.67394e-17 -0 0.528182 0.97739
0.599178 0.0314016 -0 0.519408 0.977626
0.599178 0.0314016 -0 0.519408 0.977626
0.6 -3.67394e-17 -0 0.528182 0.97739
0.798904 0.0418688 -0 0.518164 0.906245
0.6 -3.67394e-17 -0 0.528182 0.97739
0.8 -4.89859e-17 -0 0.529068 0.905913
0.798904 0.0418688 -0 0.518164 0.906245
3.31677 0.173824 1.44 0.498094 0.248822
3.32132 -2.03372e-16 1.44 0.517865 0.247091
3.51649 0.184292 1.96 0.494605 0.169446
3.32132 -2.03372e-16 1.44 0.517865 0.247091
3.52132 -2.15619e-16 1.96 0.514641 0.167581
3.51649 0.184292 1.96 0.494605 0.169446
0.536027 0.0209057 -0 0.521799 1.00015
0.536027 0.0104672 -0 0.524769 1.00017
0.536027 0.0418114 -0 0.515854 1.00003
0.536027 0.0104672 -0 0.524769 1.00017
0.536027 0.0209344 -0 0.52179 1.00015
0.536027 0.0418114 -0 0.515854 1.00003
0.536027 0.0418114 -0 0.515854 1.00003
0.536027 0.0209344 -0 0.52179 1.00015
0.596713 0.0627171 -0 0.510646 0.978241
0.536027 0.0209344 -0 0.52179 1.00015
0.599178 0.0314016 -0 0.519408 0.977626
0.596713 0.0627171 -0 0.510646 0.978241
0.596713 0.0627171 -0 0.510646 0.978241
0.599178 0.0314016 -0 0.519408 0.977626
0.795618 0.0836228 -0 0.50728 0.907068
0.599178 0.0314016 -0 0.519408 0.977626
0.798904 0.0418688 -0 0.518164 0.906245
0.795618 0.0836228 -0 0.50728 0.907068
3.30313 0.347172 1.44 0.478371 0.251074
3.31677 0.173824 1.44 0.498094 0.248822
3.50203 0.368078 1.96 0.474613 0.171776
3.31677 0.173824 1.44 0.498094 0.248822
3.51649 0.184292 1.96 0.494605 0.169446
3.50203 0.368078 1.96 0.474613 0.171776
0.536027 0.0312869 -0 0.518846 1.0001
0.536027 0.0209057 -0 0.521799 1.00015
0.536027 0.0625738 -0 0.509958 0.999807
0.536027 0.0209057 -0 0.521799 1.00015
0.536027 0.0418114 -0 0.515854 1.00003
0.536027 0.0625738 -0 0.509958 0.999807
0.536027 0.0625738 -0 0.509958 0.999807
0.536027 0.0418114 -0 0.515854 1.00003
0.592613 0.0938607 -0 0.50192 0.979234
0.536027 0.0418114 -0 0.515854 1.00003
0.596713 0.0627171 -0 0.510646 0.978241
0.592613 0.0938607 -0 0.50192 0.979234
0.592613 0.0938607 -0 0.50192 0.979234
0.596713 0.0627171 -0 0.510646 0.978241
0.790151 0.125148 -0 0.496442 0.908379
0.596713 0.0627171 -0 0.510646 0.978241
0.795618 0.0836228 -0 0.50728 0.907068
0.790151 0.125148 -0 0.496442 0.908379
3.28043 0.519569 1.44 0.458692 0.253847
3.30313 0.347172 1.44 0.478371 0.251074
3.47797 0.550856 1.96 0.454661 0.174569
3.30313 0.347172 1.44 0.478371 0.251074
3.50203 0.368078 1.96 0.474613 0.171776
3.47797 0.550856 1.96 0.454661 0.174569
0.536027 0.0415823 -0 0.515919 1.00003
0.536027 0.0312869 -0 0.518846 1.0001
0.536027 0.0831647 -0 0.504121 0.999496
0.536027 0.0312869 -0 0.518846 1.0001
0.536027 0.0625738 -0 0.509958 0.999807
0.536027 0.0831647 -0 0.504121 0.999496
0.536027 0.0831647 -0 0.504121 0.999496
0.536027 0.0625738 -0 0.509958 0.999807
0.586889 0.124747 -0 0.49325 0.980601
0.536027 0.0625738 -0 0.509958 0.999807
0.592613 0.0938607 -0 0.50192 0.979234
0.586889 0.124747 -0 0.49325 0.980601
0.586889 0.124747 -0 0.49325 0.980601
0.592613 0.0938607 -0 0.50192 0.979234
0.782518 0.166329 -0 0.485674 0.910175
0.592613 0.0938607 -0 0.50192 0.979234
0.790151 0.125148 -0 0.496442 0.908379
0.782518 0.166329 -0 0.485674 0.910175
3.24874 0.690541 1.44 0.439054 0.257142
3.28043 0.519569 1.44 0.458692 0.253847
3.44437 0.732124 1.96 0.434749 0.177827
3.28043 0.519569 1.44 0.458692 0.253847
3.47797 0.550856 1.96 0.454661 0.174569
3.44437 0.732124 1.96 0.434749 0.177827
0.536027 0.0517638 -0 0.513027 0.999933
0.536027 0.0415823 -0 0.515919 1.00003
0.536027 0.103528 -0 0.498362 0.999095
0.536027 0.0415823 -0 0.515919 1.00003
0.536027 0.0831647 -0 0.504121 0.999496
0.536027 0.103528 -0 0.498362 0.999095
0.536027 0.103528 -0 0.498362 0.999095
0.536027 0.0831647 -0 0.504121 0.999496
0.579556 0.155291 -0 0.484657 0.982338
0.536027 0.0831647 -0 0.504121 0.999496
0.586889 0.124747 -0 0.49325 0.980601
0.579556 0.155291 -0 0.484657 0.982338
0.579556 0.155291 -0 0.484657 0.982338
0.586889 0.124747 -0 0.49325 0.980601
0.772741 0.207055 -0 0.474999 0.912449
0.586889 0.124747 -0 0.49325 0.980601
0.782518 0.166329 -0 0.485674 0.910175
0.772741 0.207055 -0 0.474999 0.912449
3.20815 0.859621 1.44 0.419453 0.260965
3.24874 0.690541 1.44 0.439054 0.257142
3.40133 0.911385 1.96 0.414875 0.181556
3.24874 0.690541 1.44 0.439054 0.257142
3.44437 0.732124 1.96 0.434749 0.177827
3.40133 0.911385 1.96 0.414875 0.181556
0.536027 0.0618034 -0 0.510176 0.999817
0.536027 0.0517638 -0 0.513027 0.999933
0.536027 0.123607 -0 0.4927 0.998611
0.536027 0.0517638 -0 0.513027 0.999933
0.536027 0.103528 -0 0.498362 0.999095
0.536027 0.123607 -0 0.4927 0.998611
0.536027 0.123607 -0 0.4927 0.998611
0.536027 0.103528 -0 0.498362 0.999095
0.570634 0.18541 -0 0.476165 0.984441
0.536027 0.103528 -0 0.498362 0.999095
0.579556 0.155291 -0 0.484657 0.982338
0.570634 0.18541 -0 0.476165 0.984441
0.570634 0.18541 -0 0.476165 0.984441
0.579556 0.155291 -0 0.484657 0.982338
0.760845 0.247214 -0 0.464442 0.915194
0.579556 0.155291 -0 0.484657 0.982338
0.772741 0.207055 -0 0.474999 0.912449
0.760845 0.247214 -0 0.464442 0.915194
3.15876 1.02634 1.44 0.399889 0.265324
3.20815 0.859621 1.44 0.419453 0.260965
3.34897 1.08815 1.96 0.395041 0.185768
3.20815 0.859621 1.44 0.419453 0.260965
3.40133 0.911385 1.96 0.414875 0.181556
3.34897 1.08815 1.96 0.395041 0.185768
0.536027 0.0716736 -0 0.507377 0.999681
0.536027 0.0618034 -0 0.510176 0.999817
0.536027 0.143347 -0 0.487153 0.99805
0.536027 0.0618034 -0 0.510176 0.999817
0.536027 0.123607 -0 0.4927 0.998611
0.536027 0.143347 -0 0.487153 0.99805
0.536027 0.143347 -0 0.487153 0.99805
0.536027 0.123607 -0 0.4927 0.998611
0.560148 0.215021 -0 0.467793 0.986903
0.536027 0.123607 -0 0.4927 0.998611
0.570634 0.18541 -0 0.476165 0.984441
0.560148 0.215021 -0 0.467793 0.986903
0.560148 0.215021 -0 0.467793 0.986903
0.570634 0.18541 -0 0.476165 0.984441
0.746864 0.286694 -0 0.454027 0.918401
0.570634 0.18541 -0 0.476165 0.984441
0.760845 0.247214 -0 0.464442 0.915194
0.746864 0.286694 -0 0.454027 0.918401
3.10072 1.19025 1.44 0.380364 0.270231
3.15876 1.02634 1.44 0.399889 0.265324
3.28744 1.26193 1.96 0.375252 0.190476
3.15876 1.02634 1.44 0.399889 0.265324
3.34897 1.08815 1.96 0.395041 0.185768
3.28744 1.26193 1.96 0.375252 0.190476
0.536027 0.0813473 -0 0.504635 0.999527
0.536027 0.0716736 -0 0.507377 0.999681
0.536027 0.162695 -0 0.481736 0.997419
0.536027 0.0716736 -0 0.507377 0.999681
0.536027 0.143347 -0 0.487153 0.99805
0.536027 0.162695 -0 0.481736 0.997419
0.536027 0.162695 -0 0.481736 0.997419
0.536027 0.143347 -0 0.487153 0.99805
0.548127 0.244042 -0 0.459562 0.989718
0.536027 0.143347 -0 0.487153 0.99805
0.560148 0.215021 -0 0.467793 0.986903
0.548127 0.244042 -0 0.459562 0.989718
0.548127 0.244042 -0 0.459562 0.989718
0.560148 0.215021 -0 0.467793 0.986903
0.730836 0.325389 -0 0.443779 0.922061
0.560148 0.215021 -0 0.467793 0.986903
0.746864 0.286694 -0 0.454027 0.918401
0.730836 0.325389 -0 0.443779 0.922061
3.03418 1.3509 1.44 0.360885 0.2757
3.10072 1.19025 1.44 0.380364 0.270231
3.21689 1.43225 1.96 0.355517 0.195697
3.10072 1.19025 1.44 0.380364 0.270231
3.28744 1.26193 1.96 0.375252 0.190476
3.21689 1.43225 1.96 0.355517 0.195697
0.536027 0.0907981 -0 0.50196 0.999356
0.536027 0.0813473 -0 0.504635 0.999527
0.536027 0.181596 -0 0.476467 0.996726
0.536027 0.0813473 -0 0.504635 0.999527
0.536027 0.162695 -0 0.481736 0.997419
0.536027 0.181596 -0 0.476467 0.996726
0.536027 0.181596 -0 0.476467 0.996726
0.536027 0.162695 -0 0.481736 0.997419
0.536027 0.272394 -0 0.451533 0.992386
0.536027 0.162695 -0 0.481736 0.997419
0.548127 0.244042 -0 0.459562 0.989718
0.536027 0.272394 -0 0.451533 0.992386
0.536027 0.272394 -0 0.451533 0.992386
0.548127 0.244042 -0 0.459562 0.989718
0.712805 0.363192 -0 0.43372 0.926161
0.548127 0.244042 -0 0.459562 0.989718
0.730836 0.325389 -0 0.443779 0.922061
0.712805 0.363192 -0 0.43372 0.926161
2.95932 1.50785 1.44 0.341462 0.28175
3.03418 1.3509 1.44 0.360885 0.2757
3.13752 1.59865 1.96 0.33585 0.201449
3.03418 1.3509 1.44 0.360885 0.2757
3.21689 1.43225 1.96 0.355517 0.195697
3.13752 1.59865 1.96 0.33585 0.201449
0.536027 0.1 -0 0.499359 0.999171
0.536027 0.0907981 -0 0.50196 0.999356
0.536027 0.2 -0 0.47136 0.99598
0.536027 0.0907981 -0 0.50196 0.999356
0.536027 0.181596 -0 0.476467 0.996726
0.536027 0.2 -0 0.47136 0.99598
0.536027 0.2 -0 0.47136 0.99598
0.536027 0.181596 -0 0.476467 0.996726
0.536027 0.3 -0 0.4441 0.99075
0.536027 0.181596 -0 0.476467 0.996726
0.536027 0.272394 -0 0.451533 0.992386
0.536027 0.3 -0 0.4441 0.99075
0.536027 0.3 -0 0.4441 0.99075
0.536027 0.272394 -0 0.451533 0.992386
0.69282 0.4 -0 0.423876 0.930689
0.536027 0.272394 -0 0.451533 0.992386
0.712805 0.363192 -0 0.43372 0.926161
0.69282 0.4 -0 0.423876 0.930689
2.87635 1.66066 1.44 0.322114 0.2884
2.95932 1.50785 1.44 0.341462 0.28175
3.04955 1.76066 1.96 0.31627 0.207752
2.95932 1.50785 1.44 0.341462 0.28175
3.13752 1.59865 1.96 0.33585 0.201449
3.04955 1.76066 1.96 0.31627 0.207752
0.536027 0.108928 -0 0.496838 0.998974
0.536027 0.1 -0 0.499359 0.999171
0.536027 0.217856 -0 0.466429 0.995191
0.536027 0.1 -0 0.499359 0.999171
0.536027 0.2 -0 0.47136 0.99598
0.536027 0.217856 -0 0.466429 0.995191
0.536027 0.217856 -0 0.466429 0.995191
0.536027 0.2 -0 0.47136 0.99598
0.536027 0.326783 -0 0.436965 0.98903
0.536027 0.2 -0 0.47136 0.99598
0.536027 0.3 -0 0.4441 0.99075
0.536027 0.326783 -0 0.436965 0.98903
0.536027 0.326783 -0 0.436965 0.98903
0.536027 0.3 -0 0.4441 0.99075
0.670936 0.435711 -0 0.414271 0.935631
0.536027 0.3 -0 0.4441 0.99075
0.69282 0.4 -0 0.423876 0.930689
0.670936 0.435711 -0 0.414271 0.935631
2.78549 1.80892 1.44 0.302864 0.295671
2.87635 1.66066 1.44 0.322114 0.2884
2.95323 1.91785 1.96 0.296799 0.214628
2.87635 1.66066 1.44 0.322114 0.2884
3.04955 1.76066 1.96 0.31627 0.207752
2.95323 1.91785 1.96 0.296799 0.214628
0.536027 0.117557 -0 0.494404 0.998766
0.536027 0.108928 -0 0.496838 0.998974
0.536027 0.235114 -0 0.461687 0.994366
0.536027 0.108928 -0 0.496838 0.998974
0.536027 0.217856 -0 0.466429 0.995191
0.536027 0.235114 -0 0.461687 0.994366
0.536027 0.235114 -0 0.461687 0.994366
0.536027 0.217856 -0 0.466429 0.995191
0.536027 0.352671 -0 0.430144 0.987248
0.536027 0.217856 -0 0.466429 0.995191
0.536027 0.326783 -0 0.436965 0.98903
0.536027 0.352671 -0 0.430144 0.987248
0.536027 0.352671 -0 0.430144 0.987248
0.536027 0.326783 -0 0.436965 0.98903
0.647214 0.470228 -0 0.404928 0.940975
0.536027 0.326783 -0 0.436965 0.98903
0.670936 0.435711 -0 0.414271 0.935631
0.647214 0.470228 -0 0.404928 0.940975
0.647214 0.470228 -0 0.404928 0.940975
0.670936 0.435711 -0 0.414271 0.935631
0.809017 0.587785 -0 0.386095 0.879525
0.670936 0.435711 -0 0.414271 0.935631
0.838671 0.544639 -0 0.396972 0.873145
0.809017 0.587785 -0 0.386095 0.879525
0.809017 0.587785 -0 0.386095 0.879525
0.838671 0.544639 -0 0.396972 0.873145
0.97082 0.705342 -0 0.371533 0.822769
0.838671 0.544639 -0 0.396972 0.873145
1.0064 0.653567 -0 0.383629 0.815587
0.97082 0.705342 -0 0.371533 0.822769
0.97082 0.705342 -0 0.371533 0.822769
1.0064 0.653567 -0 0.383629 0.815587
1.13262 0.822899 -0 0.360482 0.772108
1.0064 0.653567 -0 0.383629 0.815587
1.17414 0.762495 -0 0.373529 0.764367
1.13262 0.822899 -0 0.360482 0.772108
1.13262 0.822899 -0 0.360482 0.772108
1.17414 0.762495 -0 0.373529 0.764367
1.29443 0.940456 -0 0.352149 0.727804
1.17414 0.762495 -0 0.373529 0.764367
1.34187 0.871422 -0 0.365928 0.719707
1.29443 0.940456 -0 0.352149 0.727804
1.29443 0.940456 -0 0.352149 0.727804
1.34187 0.871422 -0 0.365928 0.719707
1.45623 1.05801 -0 0.345852 0.689452
1.34187 0.871422 -0 0.365928 0.719707
1.50961 0.98035 -0 0.360194 0.68115
1.45623 1.05801 -0 0.345852 0.689452
1.45623 1.05801 -0 0.345852 0.689452
1.50961 0.98035 -0 0.360194 0.68115
1.87799 1.36444 0.04 0.333508 0.606175
1.50961 0.98035 -0 0.360194 0.68115
1.94682 1.26428 0.04 0.34895 0.597701
1.87799 1.36444 0.04 0.333508 0.606175
1.87799 1.36444 0.04 0.333508 0.606175
1.94682 1.26428 0.04 0.34895 0.597701
2.03979 1.48199 0.16 0.325539 0.564906
1.94682 1.26428 0.04 0.34895 0.597701
2.11456 1.37321 0.16 0.341643 0.556381
2.03979 1.48199 0.16 0.325539 0.564906
2.03979 1.48199 0.16 0.325539 0.564906
2.11456 1.37321 0.16 0.341643 0.556381
2.20159 1.59955 0.36 0.315539 0.513963
2.11456 1.37321 0.16 0.341643 0.556381
2.28229 1.48214 0.36 0.332446 0.505428
2.20159 1.59955 0.36 0.315539 0.513963
2.20159 1.59955 0.36 0.315539 0.513963
2.28229 1.48214 0.36 0.332446 0.505428
2.3634 1.71711 0.64 0.304374 0.452823
2.687 1.95222 1.44 0.283744 0.303584
2.78549 1.80892 1.44 0.302864 0.295671
2.84881 2.06978 1.96 0.277468 0.222094
2.78549 1.80892 1.44 0.302864 0.295671
2.95323 1.91785 1.96 0.296799 0.214628
2.84881 2.06978 1.96 0.277468 0.222094
0.536027 0.125864 -0 0.492065 0.998551
0.536027 0.117557 -0 0.494404 0.998766
0.536027 0.251728 -0 0.457146 0.993517
0.536027 0.117557 -0 0.494404 0.998766
0.536027 0.235114 -0 0.461687 0.994366
0.536027 0.251728 -0 0.457146 0.993517
0.536027 0.251728 -0 0.457146 0.993517
0.536027 0.235114 -0 0.461687 0.994366
0.536027 0.377592 -0 0.423652 0.985427
0.536027 0.235114 -0 0.461687 0.994366
0.536027 0.352671 -0 0.430144 0.987248
0.536027 0.377592 -0 0.423652 0.985427
0.536027 0.377592 -0 0.423652 0.985427
0.536027 0.352671 -0 0.430144 0.987248
0.621717 0.503456 -0 0.395872 0.946704
0.536027 0.352671 -0 0.430144 0.987248
0.647214 0.470228 -0 0.404928 0.940975
0.621717 0.503456 -0 0.395872 0.946704
0.621717 0.503456 -0 0.395872 0.946704
0.647214 0.470228 -0 0.404928 0.940975
0.777146 0.62932 -0 0.375527 0.886361
0.647214 0.470228 -0 0.404928 0.940975
0.809017 0.587785 -0 0.386095 0.879525
0.777146 0.62932 -0 0.375527 0.886361
0.777146 0.62932 -0 0.375527 0.886361
0.809017 0.587785 -0 0.386095 0.879525
0.932575 0.755184 -0 0.359747 0.830469
0.809017 0.587785 -0 0.386095 0.879525
0.97082 0.705342 -0 0.371533 0.822769
0.932575 0.755184 -0 0.359747 0.830469
0.932575 0.755184 -0 0.359747 0.830469
0.97082 0.705342 -0 0.371533 0.822769
1.088 0.881049 -0 0.347733 0.78042
0.97082 0.705342 -0 0.371533 0.822769
1.13262 0.822899 -0 0.360482 0.772108
1.088 0.881049 -0 0.347733 0.78042
1.088 0.881049 -0 0.347733 0.78042
1.13262 0.822899 -0 0.360482 0.772108
1.24343 1.00691 -0 0.338647 0.736514
1.13262 0.822899 -0 0.360482 0.772108
1.29443 0.940456 -0 0.352149 0.727804
1.24343 1.00691 -0 0.338647 0.736514
1.24343 1.00691 -0 0.338647 0.736514
1.29443 0.940456 -0 0.352149 0.727804
1.39886 1.13278 -0 0.331763 0.698398
1.29443 0.940456 -0 0.352149 0.727804
1.45623 1.05801 -0 0.345852 0.689452
1.39886 1.13278 -0 0.331763 0.698398
1.39886 1.13278 -0 0.331763 0.698398
1.45623 1.05801 -0 0.345852 0.689452
1.804 1.46085 0.04 0.318261 0.615335
1.45623 1.05801 -0 0.345852 0.689452
1.87799 1.36444 0.04 0.333508 0.606175
1.804 1.46085 0.04 0.318261 0.615335
1.804 1.46085 0.04 0.318261 0.615335
1.87799 1.36444 0.04 0.333508 0.606175
1.95943 1.58672 0.16 0.309615 0.574128
1.87799 1.36444 0.04 0.333508 0.606175
2.03979 1.48199 0.16 0.325539 0.564906
1.95943 1.58672 0.16 0.309615 0.574128
1.95943 1.58672 0.16 0.309615 0.574128
2.03979 1.48199 0.16 0.325539 0.564906
2.11486 1.71258 0.36 0.298797 0.523199
2.03979 1.48199 0.16 0.325539 0.564906
2.20159 1.59955 0.36 0.315539 0.513963
2.11486 1.71258 0.36 0.298797 0.523199
2.11486 1.71258 0.36 0.298797 0.523199
2.20159 1.59955 0.36 0.315539 0.513963
2.27029 1.83845 0.64 0.286765 0.461976
2.20159 1.59955 0.36 0.315539 0.513963
2.3634 1.71711 0.64 0.304374 0.452823
2.27029 1.83845 0.64 0.286765 0.461976
2.27029 1.83845 0.64 0.286765 0.461976
2.3634 1.71711 0.64 0.304374 0.452823
2.42572 1.96431 1 0.274854 0.390882
2.3634 1.71711 0.64 0.304374 0.452823
2.5252 1.83467 1 0.293252 0.381948
2.42572 1.96431 1 0.274854 0.390882
2.42572 1.96431 1 0.274854 0.390882
2.5252 1.83467 1 0.293252 0.381948
2.58115 2.09017 1.44 0.26479 0.312156
2.5252 1.83467 1 0.293252 0.381948
2.687 1.95222 1.44 0.283744 0.303584
2.58115 2.09017 1.44 0.26479 0.312156
2.58115 2.09017 1.44 0.26479 0.312156
2.687 1.95222 1.44 0.283744 0.303584
2.73658 2.21604 1.96 0.258307 0.230168
2.687 1.95222 1.44 0.283744 0.303584
2.84881 2.06978 1.96 0.277468 0.222094
2.73658 2.21604 1.96 0.258307 0.230168
0.536027 0.133826 -0 0.489826 0.998331
0.536027 0.125864 -0 0.492065 0.998551
0.536027 0.267652 -0 0.452818 0.992653
0.536027 0.125864 -0 0.492065 0.998551
0.536027 0.251728 -0 0.457146 0.993517
0.536027 0.267652 -0 0.452818 0.992653
0.536027 0.267652 -0 0.452818 0.992653
0.536027 0.251728 -0 0.457146 0.993517
0.536027 0.401478 -0 0.417502 0.983586
0.536027 0.251728 -0 0.457146 0.993517
0.536027 0.377592 -0 0.423652 0.985427
0.536027 0.401478 -0 0.417502 0.983586
0.536027 0.401478 -0 0.417502 0.983586
0.536027 0.377592 -0 0.423652 0.985427
0.594516 0.535304 -0 0.387125 0.952805
0.536027 0.377592 -0 0.423652 0.985427
0.621717 0.503456 -0 0.395872 0.946704
0.594516 0.535304 -0 0.387125 0.952805
0.594516 0.535304 -0 0.387125 0.952805
0.621717 0.503456 -0 0.395872 0.946704
0.743145 0.669131 -0 0.365295 0.893635
0.621717 0.503456 -0 0.395872 0.946704
0.777146 0.62932 -0 0.375527 0.886361
0.743145 0.669131 -0 0.365295 0.893635
0.743145 0.669131 -0 0.365295 0.893635
0.777146 0.62932 -0 0.375527 0.886361
0.891774 0.802957 -0 0.348303 0.838667
0.777146 0.62932 -0 0.375527 0.886361
0.932575 0.755184 -0 0.359747 0.830469
0.891774 0.802957 -0 0.348303 0.838667
0.891774 0.802957 -0 0.348303 0.838667
0.932575 0.755184 -0 0.359747 0.830469
1.0404 0.936783 -0 0.335317 0.789283
0.932575 0.755184 -0 0.359747 0.830469
1.088 0.881049 -0 0.347733 0.78042
1.0404 0.936783 -0 0.335317 0.789283
1.0404 0.936783 -0 0.335317 0.789283
1.088 0.881049 -0 0.347733 0.78042
1.18903 1.07061 -0 0.325458 0.745818
1.088 0.881049 -0 0.347733 0.78042
1.24343 1.00691 -0 0.338647 0.736514
1.18903 1.07061 -0 0.325458 0.745818
1.18903 1.07061 -0 0.325458 0.745818
1.24343 1.00691 -0 0.338647 0.736514
1.33766 1.20444 -0 0.317965 0.707972
1.24343 1.00691 -0 0.338647 0.736514
1.39886 1.13278 -0 0.331763 0.698398
1.33766 1.20444 -0 0.317965 0.707972
1.33766 1.20444 -0 0.317965 0.707972
1.39886 1.13278 -0 0.331763 0.698398
1.72508 1.55327 0.04 0.303248 0.625175
1.39886 1.13278 -0 0.331763 0.698398
1.804 1.46085 0.04 0.318261 0.615335
1.72508 1.55327 0.04 0.303248 0.625175
1.72508 1.55327 0.04 0.303248 0.625175
1.804 1.46085 0.04 0.318261 0.615335
1.87371 1.68709 0.16 0.293909 0.584045
1.804 1.46085 0.04 0.318261 0.615335
1.95943 1.58672 0.16 0.309615 0.574128
1.87371 1.68709 0.16 0.293909 0.584045
1.87371 1.68709 0.16 0.293909 0.584045
1.95943 1.58672 0.16 0.309615 0.574128
2.02234 1.82092 0.36 0.282263 0.533142
1.95943 1.58672 0.16 0.309615 0.574128
2.11486 1.71258 0.36 0.298797 0.523199
2.02234 1.82092 0.36 0.282263 0.533142
2.02234 1.82092 0.36 0.282263 0.533142
2.11486 1.71258 0.36 0.298797 0.523199
2.17096 1.95474 0.64 0.269358 0.471839
2.11486 1.71258 0.36 0.298797 0.523199
2.27029 1.83845 0.64 0.286765 0.461976
2.17096 1.95474 0.64 0.269358 0.471839
2.17096 1.95474 0.64 0.269358 0.471839
2.27029 1.83845 0.64 0.286765 0.461976
2.31959 2.08857 1 0.25666 0.400518
2.27029 1.83845 0.64 0.286765 0.461976
2.42572 1.96431 1 0.274854 0.390882
2.31959 2.08857 1 0.25666 0.400518
2.31959 2.08857 1 0.25666 0.400518
2.42572 1.96431 1 0.274854 0.390882
2.46822 2.2224 1.44 0.246044 0.321406
2.42572 1.96431 1 0.274854 0.390882
2.58115 2.09017 1.44 0.26479 0.312156
2.46822 2.2224 1.44 0.246044 0.321406
2.46822 2.2224 1.44 0.246044 0.321406
2.58115 2.09017 1.44 0.26479 0.312156
2.61685 2.35622 1.96 0.239353 0.238864
2.58115 2.09017 1.44 0.26479 0.312156
2.73658 2.21604 1.96 0.258307 0.230168
2.61685 2.35622 1.96 0.239353 0.238864
0.536027 0.141421 -0 0.487693 0.998109
0.536027 0.133826 -0 0.489826 0.998331
0.536027 0.282843 -0 0.448711 0.991783
0.536027 0.133826 -0 0.489826 0.998331
0.536027 0.267652 -0 0.452818 0.992653
0.536027 0.282843 -0 0.448711 0.991783
0.536027 0.282843 -0 0.448711 0.991783
0.536027 0.267652 -0 0.452818 0.992653
0.536027 0.424264 -0 0.411703 0.981749
0.536027 0.267652 -0 0.452818 0.992653
0.536027 0.401478 -0 0.417502 0.983586
0.536027 0.424264 -0 0.411703 0.981749
0.536027 0.424264 -0 0.411703 0.981749
0.536027 0.401478 -0 0.417502 0.983586
0.565685 0.565685 -0 0.37871 0.959262
0.536027 0.401478 -0 0.417502 0.983586
0.594516 0.535304 -0 0.387125 0.952805
0.565685 0.565685 -0 0.37871 0.959262
0.565685 0.565685 -0 0.37871 0.959262
0.594516 0.535304 -0 0.387125 0.952805
0.707107 0.707107 -0 0.355428 0.901327
0.594516 0.535304 -0 0.387125 0.952805
0.743145 0.669131 -0 0.365295 0.893635
0.707107 0.707107 -0 0.355428 0.901327
0.707107 0.707107 -0 0.355428 0.901327
0.743145 0.669131 -0 0.365295 0.893635
0.848528 0.848528 -0 0.337235 0.847341
0.743145 0.669131 -0 0.365295 0.893635
0.891774 0.802957 -0 0.348303 0.838667
0.848528 0.848528 -0 0.337235 0.847341
0.848528 0.848528 -0 0.337235 0.847341
0.891774 0.802957 -0 0.348303 0.838667
0.98995 0.98995 -0 0.32327 0.798674
0.891774 0.802957 -0 0.348303 0.838667
1.0404 0.936783 -0 0.335317 0.789283
0.98995 0.98995 -0 0.32327 0.798674
0.98995 0.98995 -0 0.32327 0.798674
1.0404 0.936783 -0 0.335317 0.789283
1.13137 1.13137 -0 0.312624 0.755695
1.0404 0.936783 -0 0.335317 0.789283
1.18903 1.07061 -0 0.325458 0.745818
1.13137 1.13137 -0 0.312624 0.755695
1.13137 1.13137 -0 0.312624 0.755695
1.18903 1.07061 -0 0.325458 0.745818
1.27279 1.27279 -0 0.3045 0.718155
1.18903 1.07061 -0 0.325458 0.745818
1.33766 1.20444 -0 0.317965 0.707972
1.27279 1.27279 -0 0.3045 0.718155
1.27279 1.27279 -0 0.3045 0.718155
1.33766 1.20444 -0 0.317965 0.707972
1.64142 1.64142 0.04 0.288512 0.635685
1.33766 1.20444 -0 0.317965 0.707972
1.72508 1.55327 0.04 0.303248 0.625175
1.64142 1.64142 0.04 0.288512 0.635685
1.64142 1.64142 0.04 0.288512 0.635685
1.72508 1.55327 0.04 0.303248 0.625175
1.78284 1.78284 0.16 0.278467 0.594652
1.72508 1.55327 0.04 0.303248 0.625175
1.87371 1.68709 0.16 0.293909 0.584045
1.78284 1.78284 0.16 0.278467 0.594652
1.78284 1.78284 0.16 0.278467 0.594652
1.87371 1.68709 0.16 0.293909 0.584045
1.92426 1.92426 0.36 0.265983 0.543791
1.87371 1.68709 0.16 0.293909 0.584045
2.02234 1.82092 0.36 0.282263 0.533142
1.92426 1.92426 0.36 0.265983 0.543791
1.92426 1.92426 0.36 0.265983 0.543791
2.02234 1.82092 0.36 0.282263 0.533142
2.06569 2.06569 0.64 0.252202 0.482417
2.02234 1.82092 0.36 0.282263 0.533142
2.17096 1.95474 0.64 0.269358 0.471839
2.06569 2.06569 0.64 0.252202 0.482417
2.06569 2.06569 0.64 0.252202 0.482417
2.17096 1.95474 0.64 0.269358 0.471839
2.20711 2.20711 1 0.23872 0.410867
2.17096 1.95474 0.64 0.269358 0.471839
2.31959 2.08857 1 0.25666 0.400518
2.20711 2.20711 1 0.23872 0.410867
2.20711 2.20711 1 0.23872 0.410867
2.31959 2.08857 1 0.25666 0.400518
2.34853 2.34853 1.44 0.227552 0.331343
2.31959 2.08857 1 0.25666 0.400518
2.46822 2.2224 1.44 0.246044 0.321406
2.34853 2.34853 1.44 0.227552 0.331343
2.34853 2.34853 1.44 0.227552 0.331343
2.46822 2.2224 1.44 0.246044 0.321406
2.48995 2.48995 1.96 0.220641 0.248193
2.46822 2.2224 1.44 0.246044 0.321406
2.61685 2.35622 1.96 0.239353 0.238864
2.48995 2.48995 1.96 0.220641 0.248193
0.536027 0.148629 -0 0.485672 0.997886
0.536027 0.141421 -0 0.487693 0.998109
0.536027 0.297258 -0 0.444835 0.990919
0.536027 0.141421 -0 0.487693 0.998109
0.536027 0.282843 -0 0.448711 0.991783
0.536027 0.297258 -0 0.444835 0.990919
0.536027 0.297258 -0 0.444835 0.990919
0.536027 0.282843 -0 0.448711 0.991783
0.536027 0.445887 -0 0.406264 0.979934
0.536027 0.282843 -0 0.448711 0.991783
0.536027 0.424264 -0 0.411703 0.981749
0.536027 0.445887 -0 0.406264 0.979934
0.536027 0.445887 -0 0.406264 0.979934
0.536027 0.424264 -0 0.411703 0.981749
0.536027 0.594516 -0 0.370683 0.965832
0.536027 0.424264 -0 0.411703 0.981749
0.565685 0.565685 -0 0.37871 0.959262
0.536027 0.594516 -0 0.370683 0.965832
0.536027 0.594516 -0 0.370683 0.965832
0.565685 0.565685 -0 0.37871 0.959262
0.669131 0.743145 -0 0.345951 0.90942
0.565685 0.565685 -0 0.37871 0.959262
0.707107 0.707107 -0 0.355428 0.901327
0.669131 0.743145 -0 0.345951 0.90942
0.669131 0.743145 -0 0.345951 0.90942
0.707107 0.707107 -0 0.355428 0.901327
0.802957 0.891774 -0 0.326573 0.856468
0.707107 0.707107 -0 0.355428 0.901327
0.848528 0.848528 -0 0.337235 0.847341
0.802957 0.891774 -0 0.326573 0.856468
0.802957 0.891774 -0 0.326573 0.856468
0.848528 0.848528 -0 0.337235 0.847341
0.936783 1.0404 -0 0.31163 0.808569
0.848528 0.848528 -0 0.337235 0.847341
0.98995 0.98995 -0 0.32327 0.798674
0.936783 1.0404 -0 0.31163 0.808569
0.936783 1.0404 -0 0.31163 0.808569
0.98995 0.98995 -0 0.32327 0.798674
1.07061 1.18903 -0 0.300184 0.766122
0.98995 0.98995 -0 0.32327 0.798674
1.13137 1.13137 -0 0.312624 0.755695
1.07061 1.18903 -0 0.300184 0.766122
1.07061 1.18903 -0 0.300184 0.766122
1.13137 1.13137 -0 0.312624 0.755695
1.20444 1.33766 -0 0.291411 0.728926
1.13137 1.13137 -0 0.312624 0.755695
1.27279 1.27279 -0 0.3045 0.718155
1.20444 1.33766 -0 0.291411 0.728926
1.20444 1.33766 -0 0.291411 0.728926
1.27279 1.27279 -0 0.3045 0.718155
1.55327 1.72508 0.04 0.274101 0.646854
1.27279 1.27279 -0 0.3045 0.718155
1.64142 1.64142 0.04 0.288512 0.635685
1.55327 1.72508 0.04 0.274101 0.646854
1.55327 1.72508 0.04 0.274101 0.646854
1.64142 1.64142 0.04 0.288512 0.635685
1.68709 1.87371 0.16 0.263339 0.605941
1.64142 1.64142 0.04 0.288512 0.635685
1.78284 1.78284 0.16 0.278467 0.594652
1.68709 1.87371 0.16 0.263339 0.605941
1.68709 1.87371 0.16 0.263339 0.605941
1.78284 1.78284 0.16 0.278467 0.594652
1.82092 2.02234 0.36 0.250012 0.555143
1.78284 1.78284 0.16 0.278467 0.594652
1.92426 1.92426 0.36 0.265983 0.543791
1.82092 2.02234 0.36 0.250012 0.555143
1.82092 2.02234 0.36 0.250012 0.555143
1.92426 1.92426 0.36 0.265983 0.543791
1.95474 2.17096 0.64 0.235354 0.493712
1.92426 1.92426 0.36 0.265983 0.543791
2.06569 2.06569 0.64 0.252202 0.482417
1.95474 2.17096 0.64 0.235354 0.493712
1.95474 2.17096 0.64 0.235354 0.493712
2.06569 2.06569 0.64 0.252202 0.482417
2.08857 2.31959 1 0.221086 0.421934
2.06569 2.06569 0.64 0.252202 0.482417
2.20711 2.20711 1 0.23872 0.410867
2.08857 2.31959 1 0.221086 0.421934
2.08857 2.31959 1 0.221086 0.421934
2.20711 2.20711 1 0.23872 0.410867
2.2224 2.46822 1.44 0.20936 0.341976
2.20711 2.20711 1 0.23872 0.410867
2.34853 2.34853 1.44 0.227552 0.331343
2.2224 2.46822 1.44 0.20936 0.341976
2.2224 2.46822 1.44 0.20936 0.341976
2.34853 2.34853 1.44 0.227552 0.331343
2.35622 2.61685 1.96 0.20221 0.25816
2.34853 2.34853 1.44 0.227552 0.331343
2.48995 2.48995 1.96 0.220641 0.248193
2.35622 2.61685 1.96 0.20221 0.25816
0.536027 0.155429 -0 0.483768 0.997665
0.536027 0.148629 -0 0.485672 0.997886
0.536027 0.310858 -0 0.441198 0.990068
0.536027 0.148629 -0 0.485672 0.997886
0.536027 0.297258 -0 0.444835 0.990919
0.536027 0.310858 -0 0.441198 0.990068
0.536027 0.310858 -0 0.441198 0.990068
0.536027 0.297258 -0 0.444835 0.990919
0.536027 0.466288 -0 0.401191 0.978161
0.536027 0.297258 -0 0.444835 0.990919
0.536027 0.445887 -0 0.406264 0.979934
0.536027 0.466288 -0 0.401191 0.978161
0.536027 0.466288 -0 0.401191 0.978161
0.536027 0.445887 -0 0.406264 0.979934
0.536027 0.621717 -0 0.36453 0.96299
0.536027 0.445887 -0 0.406264 0.979934
0.536027 0.594516 -0 0.370683 0.965832
0.536027 0.621717 -0 0.36453 0.96299
0.536027 0.621717 -0 0.36453 0.96299
0.536027 0.594516 -0 0.370683 0.965832
0.62932 0.777146 -0 0.336892 0.917895
0.536027 0.594516 -0 0.370683 0.965832
0.669131 0.743145 -0 0.345951 0.90942
0.62932 0.777146 -0 0.336892 0.917895
0.62932 0.777146 -0 0.336892 0.917895
0.669131 0.743145 -0 0.345951 0.90942
0.755184 0.932575 -0 0.31635 0.86603
0.669131 0.743145 -0 0.345951 0.90942
0.802957 0.891774 -0 0.326573 0.856468
0.755184 0.932575 -0 0.31635 0.86603
0.755184 0.932575 -0 0.31635 0.86603
0.802957 0.891774 -0 0.326573 0.856468
0.881049 1.088 -0 0.300432 0.818947
0.802957 0.891774 -0 0.326573 0.856468
0.936783 1.0404 -0 0.31163 0.808569
0.881049 1.088 -0 0.300432 0.818947
0.881049 1.088 -0 0.300432 0.818947
0.936783 1.0404 -0 0.31163 0.808569
1.00691 1.24343 -0 0.28818 0.777076
0.936783 1.0404 -0 0.31163 0.808569
1.07061 1.18903 -0 0.300184 0.766122
1.00691 1.24343 -0 0.28818 0.777076
1.00691 1.24343 -0 0.28818 0.777076
1.07061 1.18903 -0 0.300184 0.766122
1.13278 1.39886 -0 0.278745 0.740263
1.07061 1.18903 -0 0.300184 0.766122
1.20444 1.33766 -0 0.291411 0.728926
1.13278 1.39886 -0 0.278745 0.740263
1.13278 1.39886 -0 0.278745 0.740263
1.20444 1.33766 -0 0.291411 0.728926
1.46085 1.804 0.04 0.260067 0.658664
1.20444 1.33766 -0 0.291411 0.728926
1.55327 1.72508 0.04 0.274101 0.646854
1.46085 1.804 0.04 0.260067 0.658664
1.46085 1.804 0.04 0.260067 0.658664
1.55327 1.72508 0.04 0.274101 0.646854
1.58672 1.95943 0.16 0.248578 0.6179
1.55327 1.72508 0.04 0.274101 0.646854
1.68709 1.87371 0.16 0.263339 0.605941
1.58672 1.95943 0.16 0.248578 0.6179
1.58672 1.95943 0.16 0.248578 0.6179
1.68709 1.87371 0.16 0.263339 0.605941
1.71258 2.11486 0.36 0.234405 0.56719
1.68709 1.87371 0.16 0.263339 0.605941
1.82092 2.02234 0.36 0.250012 0.555143
1.71258 2.11486 0.36 0.234405 0.56719
1.71258 2.11486 0.36 0.234405 0.56719
1.82092 2.02234 0.36 0.250012 0.555143
1.83845 2.27029 0.64 0.218869 0.505723
1.82092 2.02234 0.36 0.250012 0.555143
1.95474 2.17096 0.64 0.235354 0.493712
1.83845 2.27029 0.64 0.218869 0.505723
1.83845 2.27029 0.64 0.218869 0.505723
1.95474 2.17096 0.64 0.235354 0.493712
1.96431 2.42572 1 0.203813 0.433722
1.95474 2.17096 0.64 0.235354 0.493712
2.08857 2.31959 1 0.221086 0.421934
1.96431 2.42572 1 0.203813 0.433722
1.96431 2.42572 1 0.203813 0.433722
2.08857 2.31959 1 0.221086 0.421934
2.09017 2.58115 1.44 0.191513 0.353308
2.08857 2.31959 1 0.221086 0.421934
2.2224 2.46822 1.44 0.20936 0.341976
2.09017 2.58115 1.44 0.191513 0.353308
2.09017 2.58115 1.44 0.191513 0.353308
2.2224 2.46822 1.44 0.20936 0.341976
2.21604 2.73658 1.96 0.184093 0.268768
2.2224 2.46822 1.44 0.20936 0.341976
2.35622 2.61685 1.96 0.20221 0.25816
2.21604 2.73658 1.96 0.184093 0.268768
0.536027 0.161803 -0 0.481985 0.99745
0.536027 0.155429 -0 0.483768 0.997665
0.536027 0.323607 -0 0.437807 0.989241
0.536027 0.155429 -0 0.483768 0.997665
0.536027 0.310858 -0 0.441198 0.990068
0.536027 0.323607 -0 0.437807 0.989241
0.536027 0.323607 -0 0.437807 0.989241
0.536027 0.310858 -0 0.441198 0.990068
0.536027 0.48541 -0 0.396488 0.976448
0.536027 0.310858 -0 0.441198 0.990068
0.536027 0.466288 -0 0.401191 0.978161
0.536027 0.48541 -0 0.396488 0.976448
0.536027 0.48541 -0 0.396488 0.976448
0.536027 0.466288 -0 0.401191 0.978161
0.536027 0.647214 -0 0.358868 0.960267
0.536027 0.466288 -0 0.401191 0.978161
0.536027 0.621717 -0 0.36453 0.96299
0.536027 0.647214 -0 0.358868 0.960267
0.536027 0.647214 -0 0.358868 0.960267
0.536027 0.621717 -0 0.36453 0.96299
0.587785 0.809017 -0 0.328273 0.926735
0.536027 0.621717 -0 0.36453 0.96299
0.62932 0.777146 -0 0.336892 0.917895
0.587785 0.809017 -0 0.328273 0.926735
0.587785 0.809017 -0 0.328273 0.926735
0.62932 0.777146 -0 0.336892 0.917895
0.705342 0.97082 -0 0.306594 0.876004
0.62932 0.777146 -0 0.336892 0.917895
0.755184 0.932575 -0 0.31635 0.86603
0.705342 0.97082 -0 0.306594 0.876004
0.705342 0.97082 -0 0.306594 0.876004
0.755184 0.932575 -0 0.31635 0.86603
0.822899 1.13262 -0 0.289714 0.829784
0.755184 0.932575 -0 0.31635 0.86603
0.881049 1.088 -0 0.300432 0.818947
0.822899 1.13262 -0 0.289714 0.829784
0.822899 1.13262 -0 0.289714 0.829784
0.881049 1.088 -0 0.300432 0.818947
0.940456 1.29443 -0 0.276653 0.788533
0.881049 1.088 -0 0.300432 0.818947
1.00691 1.24343 -0 0.28818 0.777076
0.940456 1.29443 -0 0.276653 0.788533
0.940456 1.29443 -0 0.276653 0.788533
1.00691 1.24343 -0 0.28818 0.777076
1.05801 1.45623 -0 0.266544 0.752143
1.00691 1.24343 -0 0.28818 0.777076
1.13278 1.39886 -0 0.278745 0.740263
1.05801 1.45623 -0 0.266544 0.752143
1.05801 1.45623 -0 0.266544 0.752143
1.13278 1.39886 -0 0.278745 0.740263
1.36444 1.87799 0.04 0.24646 0.671099
1.13278 1.39886 -0 0.278745 0.740263
1.46085 1.804 0.04 0.260067 0.658664
1.36444 1.87799 0.04 0.24646 0.671099
1.36444 1.87799 0.04 0.24646 0.671099
1.46085 1.804 0.04 0.260067 0.658664
1.48199 2.03979 0.16 0.23424 0.630514
1.46085 1.804 0.04 0.260067 0.658664
1.58672 1.95943 0.16 0.248578 0.6179
1.48199 2.03979 0.16 0.23424 0.630514
1.48199 2.03979 0.16 0.23424 0.630514
1.58672 1.95943 0.16 0.248578 0.6179
1.59955 2.20159 0.36 0.219218 0.579923
1.58672 1.95943 0.16 0.248578 0.6179
1.71258 2.11486 0.36 0.234405 0.56719
1.59955 2.20159 0.36 0.219218 0.579923
1.59955 2.20159 0.36 0.219218 0.579923
1.71258 2.11486 0.36 0.234405 0.56719
1.71711 2.3634 0.64 0.202804 0.518442
1.71258 2.11486 0.36 0.234405 0.56719
1.83845 2.27029 0.64 0.218869 0.505723
1.71711 2.3634 0.64 0.202804 0.518442
1.71711 2.3634 0.64 0.202804 0.518442
1.83845 2.27029 0.64 0.218869 0.505723
1.83467 2.5252 1 0.186951 0.446227
1.83845 2.27029 0.64 0.218869 0.505723
1.96431 2.42572 1 0.203813 0.433722
1.83467 2.5252 1 0.186951 0.446227
1.83467 2.5252 1 0.186951 0.446227
1.96431 2.42572 1 0.203813 0.433722
1.95222 2.687 1.44 0.174055 0.365337
1.96431 2.42572 1 0.203813 0.433722
2.09017 2.58115 1.44 0.191513 0.353308
1.95222 2.687 1.44 0.174055 0.365337
1.95222 2.687 1.44 0.174055 0.365337
2.09017 2.58115 1.44 0.191513 0.353308
2.06978 2.84881 1.96 0.166322 0.280015
2.09017 2.58115 1.44 0.191513 0.353308
2.21604 2.73658 1.96 0.184093 0.268768
2.06978 2.84881 1.96 0.166322 0.280015
0.536027 0.167734 -0 0.480329 0.997242
0.536027 0.161803 -0 0.481985 0.99745
0.536027 0.335468 -0 0.434668 0.988445
0.536027 0.161803 -0 0.481985 0.99745
0.536027 0.323607 -0 0.437807 0.989241
0.536027 0.335468 -0 0.434668 0.988445
0.536027 0.335468 -0 0.434668 0.988445
0.536027 0.323607 -0 0.437807 0.989241
0.536027 0.503202 -0 0.39216 0.974812
0.536027 0.323607 -0 0.437807 0.989241
0.536027 0.48541 -0 0.396488 0.976448
0.536027 0.503202 -0 0.39216 0.974812
0.536027 0.503202 -0 0.39216 0.974812
0.536027 0.48541 -0 0.396488 0.976448
0.536027 0.670936 -0 0.353692 0.957685
0.536027 0.48541 -0 0.396488 0.976448
0.536027 0.647214 -0 0.358868 0.960267
0.536027 0.670936 -0 0.353692 0.957685
0.536027 0.670936 -0 0.353692 0.957685
0.536027 0.647214 -0 0.358868 0.960267
0.544639 0.838671 -0 0.320118 0.935925
0.536027 0.647214 -0 0.358868 0.960267
0.587785 0.809017 -0 0.328273 0.926735
0.544639 0.838671 -0 0.320118 0.935925
0.544639 0.838671 -0 0.320118 0.935925
0.587785 0.809017 -0 0.328273 0.926735
0.653567 1.0064 -0 0.297335 0.886374
0.587785 0.809017 -0 0.328273 0.926735
0.705342 0.97082 -0 0.306594 0.876004
0.653567 1.0064 -0 0.297335 0.886374
0.653567 1.0064 -0 0.297335 0.886374
0.705342 0.97082 -0 0.306594 0.876004
0.762495 1.17414 -0 0.279506 0.841061
0.705342 0.97082 -0 0.306594 0.876004
0.822899 1.13262 -0 0.289714 0.829784
0.762495 1.17414 -0 0.279506 0.841061
0.762495 1.17414 -0 0.279506 0.841061
0.822899 1.13262 -0 0.289714 0.829784
0.871422 1.34187 -0 0.265639 0.800474
0.822899 1.13262 -0 0.289714 0.829784
0.940456 1.29443 -0 0.276653 0.788533
0.871422 1.34187 -0 0.265639 0.800474
0.871422 1.34187 -0 0.265639 0.800474
0.940456 1.29443 -0 0.276653 0.788533
0.98035 1.50961 -0 0.254852 0.764546
0.940456 1.29443 -0 0.276653 0.788533
1.05801 1.45623 -0 0.266544 0.752143
0.98035 1.50961 -0 0.254852 0.764546
0.98035 1.50961 -0 0.254852 0.764546
1.05801 1.45623 -0 0.266544 0.752143
1.26428 1.94682 0.04 0.23333 0.684142
1.05801 1.45623 -0 0.266544 0.752143
1.36444 1.87799 0.04 0.24646 0.671099
1.26428 1.94682 0.04 0.23333 0.684142
1.26428 1.94682 0.04 0.23333 0.684142
1.36444 1.87799 0.04 0.24646 0.671099
1.37321 2.11456 0.16 0.220375 0.643768
1.36444 1.87799 0.04 0.24646 0.671099
1.48199 2.03979 0.16 0.23424 0.630514
1.37321 2.11456 0.16 0.220375 0.643768
1.37321 2.11456 0.16 0.220375 0.643768
1.48199 2.03979 0.16 0.23424 0.630514
1.48214 2.28229 0.36 0.204506 0.593329
1.48199 2.03979 0.16 0.23424 0.630514
1.59955 2.20159 0.36 0.219218 0.579923
1.48214 2.28229 0.36 0.204506 0.593329
1.48214 2.28229 0.36 0.204506 0.593329
1.59955 2.20159 0.36 0.219218 0.579923
1.59107 2.45003 0.64 0.18721 0.531861
1.59955 2.20159 0.36 0.219218 0.579923
1.71711 2.3634 0.64 0.202804 0.518442
1.59107 2.45003 0.64 0.18721 0.531861
1.59107 2.45003 0.64 0.18721 0.531861
1.71711 2.3634 0.64 0.202804 0.518442
1.69999 2.61776 1 0.170547 0.459443
1.71711 2.3634 0.64 0.202804 0.518442
1.83467 2.5252 1 0.186951 0.446227
1.69999 2.61776 1 0.170547 0.459443
1.69999 2.61776 1 0.170547 0.459443
1.83467 2.5252 1 0.186951 0.446227
1.80892 2.78549 1.44 0.157023 0.378059
1.83467 2.5252 1 0.186951 0.446227
1.95222 2.687 1.44 0.174055 0.365337
1.80892 2.78549 1.44 0.157023 0.378059
1.80892 2.78549 1.44 0.157023 0.378059
1.95222 2.687 1.44 0.174055 0.365337
1.91785 2.95323 1.96 0.148924 0.291895
1.95222 2.687 1.44 0.174055 0.365337
2.06978 2.84881 1.96 0.166322 0.280015
1.91785 2.95323 1.96 0.148924 0.291895
0.536027 0.173205 -0 0.478803 0.997043
0.536027 0.167734 -0 0.480329 0.997242
0.536027 0.34641 -0 0.431786 0.98769
0.536027 0.167734 -0 0.480329 0.997242
0.536027 0.335468 -0 0.434668 0.988445
0.536027 0.34641 -0 0.431786 0.98769
0.536027 0.34641 -0 0.431786 0.98769
0.536027 0.335468 -0 0.434668 0.988445
0.536027 0.519615 -0 0.388208 0.973268
0.536027 0.335468 -0 0.434668 0.988445
0.536027 0.503202 -0 0.39216 0.974812
0.536027 0.519615 -0 0.388208 0.973268
0.536027 0.519615 -0 0.388208 0.973268
0.536027 0.503202 -0 0.39216 0.974812
0.536027 0.69282 -0 0.348995 0.955265
0.536027 0.503202 -0 0.39216 0.974812
0.536027 0.670936 -0 0.353692 0.957685
0.536027 0.69282 -0 0.348995 0.955265
0.536027 0.69282 -0 0.348995 0.955265
0.536027 0.670936 -0 0.353692 0.957685
0.536027 0.866025 -0 0.314492 0.935157
0.536027 0.670936 -0 0.353692 0.957685
0.544639 0.838671 -0 0.320118 0.935925
0.536027 0.866025 -0 0.314492 0.935157
0.536027 0.866025 -0 0.314492 0.935157
0.544639 0.838671 -0 0.320118 0.935925
0.6 1.03923 -0 0.288597 0.897122
0.544639 0.838671 -0 0.320118 0.935925
0.653567 1.0064 -0 0.297335 0.886374
0.6 1.03923 -0 0.288597 0.897122
0.6 1.03923 -0 0.288597 0.897122
0.653567 1.0064 -0 0.297335 0.886374
0.7 1.21244 -0 0.269839 0.85276
0.653567 1.0064 -0 0.297335 0.886374
0.762495 1.17414 -0 0.279506 0.841061
0.7 1.21244 -0 0.269839 0.85276
0.7 1.21244 -0 0.269839 0.85276
0.762495 1.17414 -0 0.279506 0.841061
0.8 1.38564 -0 0.255175 0.812876
0.762495 1.17414 -0 0.279506 0.841061
0.871422 1.34187 -0 0.265639 0.800474
0.8 1.38564 -0 0.255175 0.812876
0.8 1.38564 -0 0.255175 0.812876
0.871422 1.34187 -0 0.265639 0.800474
0.9 1.55885 -0 0.243705 0.77745
0.871422 1.34187 -0 0.265639 0.800474
0.98035 1.50961 -0 0.254852 0.764546
0.9 1.55885 -0 0.243705 0.77745
0.9 1.55885 -0 0.243705 0.77745
0.98035 1.50961 -0 0.254852 0.764546
1.16066 2.01032 0.04 0.220724 0.697772
0.98035 1.50961 -0 0.254852 0.764546
1.26428 1.94682 0.04 0.23333 0.684142
1.16066 2.01032 0.04 0.220724 0.697772
1.16066 2.01032 0.04 0.220724 0.697772
1.26428 1.94682 0.04 0.23333 0.684142
1.26066 2.18353 0.16 0.207034 0.657646
1.26428 1.94682 0.04 0.23333 0.684142
1.37321 2.11456 0.16 0.220375 0.643768
1.26066 2.18353 0.16 0.207034 0.657646
1.26066 2.18353 0.16 0.207034 0.657646
1.37321 2.11456 0.16 0.220375 0.643768
1.36066 2.35673 0.36 0.190318 0.607393
1.37321 2.11456 0.16 0.220375 0.643768
1.48214 2.28229 0.36 0.204506 0.593329
1.36066 2.35673 0.36 0.190318 0.607393
1.36066 2.35673 0.36 0.190318 0.607393
1.48214 2.28229 0.36 0.204506 0.593329
1.46066 2.52994 0.64 0.172135 0.54597
1.48214 2.28229 0.36 0.204506 0.593329
1.59107 2.45003 0.64 0.18721 0.531861
1.46066 2.52994 0.64 0.172135 0.54597
1.46066 2.52994 0.64 0.172135 0.54597
1.59107 2.45003 0.64 0.18721 0.531861
1.56066 2.70314 1 0.154644 0.473361
1.59107 2.45003 0.64 0.18721 0.531861
1.69999 2.61776 1 0.170547 0.459443
1.56066 2.70314 1 0.154644 0.473361
1.56066 2.70314 1 0.154644 0.473361
1.69999 2.61776 1 0.170547 0.459443
1.66066 2.87635 1.44 0.140449 0.391466
1.69999 2.61776 1 0.170547 0.459443
1.80892 2.78549 1.44 0.157023 0.378059
1.66066 2.87635 1.44 0.140449 0.391466
0.536027 0.178201 -0 0.477412 0.996856
0.536027 0.173205 -0 0.478803 0.997043
0.536027 0.356403 -0 0.429167 0.986982
0.536027 0.173205 -0 0.478803 0.997043
0.536027 0.34641 -0 0.431786 0.98769
0.536027 0.356403 -0 0.429167 0.986982
0.536027 0.356403 -0 0.429167 0.986982
0.536027 0.34641 -0 0.431786 0.98769
0.536027 0.534604 -0 0.384633 0.971829
0.536027 0.34641 -0 0.431786 0.98769
0.536027 0.519615 -0 0.388208 0.973268
0.536027 0.534604 -0 0.384633 0.971829
0.536027 0.534604 -0 0.384633 0.971829
0.536027 0.519615 -0 0.388208 0.973268
0.536027 0.712805 -0 0.344772 0.953026
0.536027 0.519615 -0 0.388208 0.973268
0.536027 0.69282 -0 0.348995 0.955265
0.536027 0.712805 -0 0.344772 0.953026
0.536027 0.712805 -0 0.344772 0.953026
0.536027 0.69282 -0 0.348995 0.955265
0.536027 0.891007 -0 0.309902 0.93216
0.536027 0.69282 -0 0.348995 0.955265
0.536027 0.866025 -0 0.314492 0.935157
0.536027 0.891007 -0 0.309902 0.93216
0.536027 0.891007 -0 0.309902 0.93216
0.536027 0.866025 -0 0.314492 0.935157
0.544789 1.06921 -0 0.280404 0.908233
0.536027 0.866025 -0 0.314492 0.935157
0.6 1.03923 -0 0.288597 0.897122
0.544789 1.06921 -0 0.280404 0.908233
0.544789 1.06921 -0 0.280404 0.908233
0.6 1.03923 -0 0.288597 0.897122
0.635587 1.24741 -0 0.260741 0.864862
0.6 1.03923 -0 0.288597 0.897122
0.7 1.21244 -0 0.269839 0.85276
0.635587 1.24741 -0 0.260741 0.864862
0.635587 1.24741 -0 0.260741 0.864862
0.7 1.21244 -0 0.269839 0.85276
0.726385 1.42561 -0 0.245289 0.825724
0.7 1.21244 -0 0.269839 0.85276
0.8 1.38564 -0 0.255175 0.812876
0.726385 1.42561 -0 0.245289 0.825724
0.726385 1.42561 -0 0.245289 0.825724
0.8 1.38564 -0 0.255175 0.812876
0.817183 1.60381 -0 0.233141 0.790837
0.8 1.38564 -0 0.255175 0.812876
0.9 1.55885 -0 0.243705 0.77745
0.817183 1.60381 -0 0.233141 0.790837
0.817183 1.60381 -0 0.233141 0.790837
0.9 1.55885 -0 0.243705 0.77745
1.05386 2.06831 0.04 0.208685 0.711975
0.9 1.55885 -0 0.243705 0.77745
1.16066 2.01032 0.04 0.220724 0.697772
1.05386 2.06831 0.04 0.208685 0.711975
1.05386 2.06831 0.04 0.208685 0.711975
1.16066 2.01032 0.04 0.220724 0.697772
1.14466 2.24651 0.16 0.19426 0.672133
1.16066 2.01032 0.04 0.220724 0.697772
1.26066 2.18353 0.16 0.207034 0.657646
1.14466 2.24651 0.16 0.19426 0.672133
1.14466 2.24651 0.16 0.19426 0.672133
1.26066 2.18353 0.16 0.207034 0.657646
1.23545 2.42471 0.36 0.176697 0.622104
1.26066 2.18353 0.16 0.207034 0.657646
1.36066 2.35673 0.36 0.190318 0.607393
1.23545 2.42471 0.36 0.176697 0.622104
1.23545 2.42471 0.36 0.176697 0.622104
1.36066 2.35673 0.36 0.190318 0.607393
1.32625 2.60292 0.64 0.157621 0.560756
1.36066 2.35673 0.36 0.190318 0.607393
1.46066 2.52994 0.64 0.172135 0.54597
1.32625 2.60292 0.64 0.157621 0.560756
1.32625 2.60292 0.64 0.157621 0.560756
1.46066 2.52994 0.64 0.172135 0.54597
1.41705 2.78112 1 0.139275 0.487974
1.46066 2.52994 0.64 0.172135 0.54597
1.56066 2.70314 1 0.154644 0.473361
1.41705 2.78112 1 0.139275 0.487974
1.41705 2.78112 1 0.139275 0.487974
1.56066 2.70314 1 0.154644 0.473361
1.50785 2.95932 1.44 0.12436 0.40555
1.56066 2.70314 1 0.154644 0.473361
1.66066 2.87635 1.44 0.140449 0.391466
1.50785 2.95932 1.44 0.12436 0.40555
0.536027 0.182709 -0 0.476157 0.996683
0.536027 0.178201 -0 0.477412 0.996856
0.536027 0.365418 -0 0.426814 0.986329
0.536027 0.178201 -0 0.477412 0.996856
0.536027 0.356403 -0 0.429167 0.986982
0.536027 0.365418 -0 0.426814 0.986329
0.536027 0.365418 -0 0.426814 0.986329
0.536027 0.356403 -0 0.429167 0.986982
0.536027 0.548127 -0 0.381437 0.970509
0.536027 0.356403 -0 0.429167 0.986982
0.536027 0.534604 -0 0.384633 0.971829
0.536027 0.548127 -0 0.381437 0.970509
0.536027 0.548127 -0 0.381437 0.970509
0.536027 0.534604 -0 0.384633 0.971829
0.536027 0.730836 -0 0.341017 0.950984
0.536027 0.534604 -0 0.384633 0.971829
0.536027 0.712805 -0 0.344772 0.953026
0.536027 0.730836 -0 0.341017 0.950984
0.536027 0.730836 -0 0.341017 0.950984
0.536027 0.712805 -0 0.344772 0.953026
0.536027 0.913545 -0 0.305843 0.929444
0.536027 0.712805 -0 0.344772 0.953026
0.536027 0.891007 -0 0.309902 0.93216
0.536027 0.913545 -0 0.305843 0.929444
0.536027 0.913545 -0 0.305843 0.929444
0.536027 0.891007 -0 0.309902 0.93216
0.536027 1.09625 -0 0.275699 0.907254
0.536027 0.891007 -0 0.309902 0.93216
0.544789 1.06921 -0 0.280404 0.908233
0.536027 1.09625 -0 0.275699 0.907254
0.536027 0.186716 -0 0.475044 0.996526
0.536027 0.182709 -0 0.476157 0.996683
0.536027 0.373432 -0 0.42473 0.985738
0.536027 0.182709 -0 0.476157 0.996683
0.536027 0.365418 -0 0.426814 0.986329
0.536027 0.373432 -0 0.42473 0.985738
0.536027 0.373432 -0 0.42473 0.985738
0.536027 0.365418 -0 0.426814 0.986329
0.536027 0.560148 -0 0.378619 0.969319
0.536027 0.365418 -0 0.426814 0.986329
0.536027 0.548127 -0 0.381437 0.970509
0.536027 0.560148 -0 0.378619 0.969319
0.536027 0.560148 -0 0.378619 0.969319
0.536027 0.548127 -0 0.381437 0.970509
0.536027 0.746864 -0 0.337721 0.949152
0.536027 0.548127 -0 0.381437 0.970509
0.536027 0.730836 -0 0.341017 0.950984
0.536027 0.746864 -0 0.337721 0.949152
0.536027 0.746864 -0 0.337721 0.949152
0.536027 0.730836 -0 0.341017 0.950984
0.536027 0.93358 -0 0.3023 0.927022
0.536027 0.730836 -0 0.341017 0.950984
0.536027 0.913545 -0 0.305843 0.929444
0.536027 0.93358 -0 0.3023 0.927022
0.536027 0.93358 -0 0.3023 0.927022
0.536027 0.913545 -0 0.305843 0.929444
0.536027 1.1203 -0 0.272082 0.904341
0.536027 0.913545 -0 0.305843 0.929444
0.536027 1.09625 -0 0.275699 0.907254
0.536027 1.1203 -0 0.272082 0.904341
0.536027 0.190211 -0 0.474073 0.996386
0.536027 0.186716 -0 0.475044 0.996526
0.536027 0.380423 -0 0.422919 0.985213
0.536027 0.186716 -0 0.475044 0.996526
0.536027 0.373432 -0 0.42473 0.985738
0.536027 0.380423 -0 0.422919 0.985213
0.536027 0.380423 -0 0.422919 0.985213
0.536027 0.373432 -0 0.42473 0.985738
0.536027 0.570634 -0 0.376178 0.968268
0.536027 0.373432 -0 0.42473 0.985738
0.536027 0.560148 -0 0.378619 0.969319
0.536027 0.570634 -0 0.376178 0.968268
0.536027 0.570634 -0 0.376178 0.968268
0.536027 0.560148 -0 0.378619 0.969319
0.536027 0.760845 -0 0.33488 0.947543
0.536027 0.560148 -0 0.378619 0.969319
0.536027 0.746864 -0 0.337721 0.949152
0.536027 0.760845 -0 0.33488 0.947543
0.536027 0.760845 -0 0.33488 0.947543
0.536027 0.746864 -0 0.337721 0.949152
0.536027 0.951057 -0 0.299258 0.924904
0.536027 0.746864 -0 0.337721 0.949152
0.536027 0.93358 -0 0.3023 0.927022
0.536027 0.951057 -0 0.299258 0.924904
0.536027 0.951057 -0 0.299258 0.924904
0.536027 0.93358 -0 0.3023 0.927022
0.536027 1.14127 -0 0.26899 0.901806
0.536027 0.93358 -0 0.3023 0.927022
0.536027 1.1203 -0 0.272082 0.904341
0.536027 1.14127 -0 0.26899 0.901806
0.536027 0.193185 -0 0.473248 0.996265
0.536027 0.190211 -0 0.474073 0.996386
0.536027 0.38637 -0 0.421383 0.984761
0.536027 0.190211 -0 0.474073 0.996386
0.536027 0.380423 -0 0.422919 0.985213
0.536027 0.38637 -0 0.421383 0.984761
0.536027 0.38637 -0 0.421383 0.984761
0.536027 0.380423 -0 0.422919 0.985213
0.536027 0.579556 -0 0.374115 0.967365
0.536027 0.380423 -0 0.422919 0.985213
0.536027 0.570634 -0 0.376178 0.968268
0.536027 0.579556 -0 0.374115 0.967365
0.536027 0.579556 -0 0.374115 0.967365
0.536027 0.570634 -0 0.376178 0.968268
0.536027 0.772741 -0 0.332487 0.946166
0.536027 0.570634 -0 0.376178 0.968268
0.536027 0.760845 -0 0.33488 0.947543
0.536027 0.772741 -0 0.332487 0.946166
0.536027 0.772741 -0 0.332487 0.946166
0.536027 0.760845 -0 0.33488 0.947543
0.536027 0.965926 -0 0.296705 0.923099
0.536027 0.760845 -0 0.33488 0.947543
0.536027 0.951057 -0 0.299258 0.924904
0.536027 0.965926 -0 0.296705 0.923099
0.536027 0.19563 -0 0.47257 0.996164
0.536027 0.193185 -0 0.473248 0.996265
0.536027 0.391259 -0 0.420124 0.984385
0.536027 0.193185 -0 0.473248 0.996265
0.536027 0.38637 -0 0.421383 0.984761
0.536027 0.391259 -0 0.420124 0.984385
0.536027 0.391259 -0 0.420124 0.984385
0.536027 0.38637 -0 0.421383 0.984761
0.536027 0.586889 -0 0.372428 0.966616
0.536027 0.38637 -0 0.421383 0.984761
0.536027 0.579556 -0 0.374115 0.967365
0.536027 0.586889 -0 0.372428 0.966616
0.536027 0.586889 -0 0.372428 0.966616
0.536027 0.579556 -0 0.374115 0.967365
0.536027 0.782518 -0 0.330537 0.945029
0.536027 0.579556 -0 0.374115 0.967365
0.536027 0.772741 -0 0.332487 0.946166
0.536027 0.782518 -0 0.330537 0.945029
0.536027 0.782518 -0 0.330537 0.945029
0.536027 0.772741 -0 0.332487 0.946166
0.536027 0.978148 -0 0.294632 0.921614
0.536027 0.772741 -0 0.332487 0.946166
0.536027 0.965926 -0 0.296705 0.923099
0.536027 0.978148 -0 0.294632 0.921614
