-0.193185 -0.373406 -0 0.54857 0.995574
-0.19563 -0.373406 -0 0.549219 0.99547
-0.38637 -0.373406 -0 0.597909 0.984209
-0.19563 -0.373406 -0 0.549219 0.99547
-0.391259 -0.373406 -0 0.5991 0.983847
-0.38637 -0.373406 -0 0.597909 0.984209
-0.38637 -0.373406 -0 0.597909 0.984209
-0.391259 -0.373406 -0 0.5991 0.983847
-0.579556 -0.373406 -0 0.642465 0.967778
-0.391259 -0.373406 -0 0.5991 0.983847
-0.586889 -0.373406 -0 0.64405 0.96708
-0.579556 -0.373406 -0 0.642465 0.967778
-0.579556 -0.373406 -0 0.642465 0.967778
-0.586889 -0.373406 -0 0.64405 0.96708
-0.772741 -0.373406 -0 0.681559 0.948156
-0.586889 -0.373406 -0 0.64405 0.96708
-0.782518 -0.373406 -0 0.68339 0.94711
-0.772741 -0.373406 -0 0.681559 0.948156
-0.772741 -0.373406 -0 0.681559 0.948156
-0.782518 -0.373406 -0 0.68339 0.94711
-0.965926 -0.373406 -0 0.715192 0.926995
-0.782518 -0.373406 -0 0.68339 0.94711
-0.978148 -0.373406 -0 0.717145 0.925636
-0.965926 -0.373406 -0 0.715192 0.926995
-0.190211 -0.373406 -0 0.54778 0.9957
-0.193185 -0.373406 -0 0.54857 0.995574
-0.380423 -0.373406 -0 0.596456 0.984644
-0.193185 -0.373406 -0 0.54857 0.995574
-0.38637 -0.373406 -0 0.597909 0.984209
-0.380423 -0.373406 -0 0.596456 0.984644
-0.380423 -0.373406 -0 0.596456 0.984644
-0.38637 -0.373406 -0 0.597909 0.984209
-0.570634 -0.373406 -0 0.640525 0.968621
-0.38637 -0.373406 -0 0.597909 0.984209
-0.579556 -0.373406 -0 0.642465 0.967778
-0.570634 -0.373406 -0 0.640525 0.968621
-0.570634 -0.373406 -0 0.640525 0.968621
-0.579556 -0.373406 -0 0.642465 0.967778
-0.760845 -0.373406 -0 0.679312 0.949424
-0.579556 -0.373406 -0 0.642465 0.967778
-0.772741 -0.373406 -0 0.681559 0.948156
-0.760845 -0.373406 -0 0.679312 0.949424
-0.760845 -0.373406 -0 0.679312 0.949424
-0.772741 -0.373406 -0 0.681559 0.948156
-0.951057 -0.373406 -0 0.71279 0.928648
-0.772741 -0.373406 -0 0.681559 0.948156
-0.965926 -0.373406 -0 0.715192 0.926995
-0.951057 -0.373406 -0 0.71279 0.928648
-0.186716 -0.373406 -0 0.54685 0.995846
-0.190211 -0.373406 -0 0.54778 0.9957
-0.373432 -0.373406 -0 0.594742 0.985149
-0.190211 -0.373406 -0 0.54778 0.9957
-0.380423 -0.373406 -0 0.596456 0.984644
-0.373432 -0.373406 -0 0.594742 0.985149
-0.373432 -0.373406 -0 0.594742 0.985149
-0.380423 -0.373406 -0 0.596456 0.984644
-0.560148 -0.373406 -0 0.63823 0.969603
-0.380423 -0.373406 -0 0.596456 0.984644
-0.570634 -0.373406 -0 0.640525 0.968621
-0.560148 -0.373406 -0 0.63823 0.969603
-0.560148 -0.373406 -0 0.63823 0.969603
-0.570634 -0.373406 -0 0.640525 0.968621
-0.746864 -0.373406 -0 0.676645 0.950906
-0.570634 -0.373406 -0 0.640525 0.968621
-0.760845 -0.373406 -0 0.679312 0.949424
-0.746864 -0.373406 -0 0.676645 0.950906
-0.746864 -0.373406 -0 0.676645 0.950906
-0.760845 -0.373406 -0 0.679312 0.949424
-0.93358 -0.373406 -0 0.709927 0.930587
-0.760845 -0.373406 -0 0.679312 0.949424
-0.951057 -0.373406 -0 0.71279 0.928648
-0.93358 -0.373406 -0 0.709927 0.930587
-0.182709 -0.373406 -0 0.545783 0.99601
-0.186716 -0.373406 -0 0.54685 0.995846
-0.365418 -0.373406 -0 0.592769 0.98572
-0.186716 -0.373406 -0 0.54685 0.995846
-0.373432 -0.373406 -0 0.594742 0.985149
-0.365418 -0.373406 -0 0.592769 0.98572
-0.365418 -0.373406 -0 0.592769 0.98572
-0.373432 -0.373406 -0 0.594742 0.985149
-0.548127 -0.373406 -0 0.63558 0.970717
-0.373432 -0.373406 -0 0.594742 0.985149
-0.560148 -0.373406 -0 0.63823 0.969603
-0.548127 -0.373406 -0 0.63558 0.970717
-0.548127 -0.373406 -0 0.63558 0.970717
-0.560148 -0.373406 -0 0.63823 0.969603
-0.730836 -0.373406 -0 0.673551 0.952595
-0.560148 -0.373406 -0 0.63823 0.969603
-0.746864 -0.373406 -0 0.676645 0.950906
-0.730836 -0.373406 -0 0.673551 0.952595
-0.730836 -0.373406 -0 0.673551 0.952595
-0.746864 -0.373406 -0 0.676645 0.950906
-0.913545 -0.406737 -0 0.706176 0.925744
-0.746864 -0.373406 -0 0.676645 0.950906
-0.93358 -0.373406 -0 0.709927 0.930587
-0.913545 -0.406737 -0 0.706176 0.925744
-0.913545 -0.406737 -0 0.706176 0.925744
-0.93358 -0.373406 -0 0.709927 0.930587
-1.09625 -0.488084 -0 0.733298 0.889148
-0.178201 -0.373406 -0 0.544581 0.996192
-0.182709 -0.373406 -0 0.545783 0.99601
-0.356403 -0.373406 -0 0.590541 0.986351
-0.182709 -0.373406 -0 0.545783 0.99601
-0.365418 -0.373406 -0 0.592769 0.98572
-0.356403 -0.373406 -0 0.590541 0.986351
-0.356403 -0.373406 -0 0.590541 0.986351
-0.365418 -0.373406 -0 0.592769 0.98572
-0.534604 -0.373406 -0 0.632572 0.971954
-0.365418 -0.373406 -0 0.592769 0.98572
-0.548127 -0.373406 -0 0.63558 0.970717
-0.534604 -0.373406 -0 0.632572 0.971954
-0.534604 -0.373406 -0 0.632572 0.971954
-0.548127 -0.373406 -0 0.63558 0.970717
-0.712805 -0.373406 -0 0.670025 0.954479
-0.548127 -0.373406 -0 0.63558 0.970717
-0.730836 -0.373406 -0 0.673551 0.952595
-0.712805 -0.373406 -0 0.670025 0.954479
-0.712805 -0.373406 -0 0.670025 0.954479
-0.730836 -0.373406 -0 0.673551 0.952595
-0.891007 -0.453991 -0 0.701706 0.917993
-0.730836 -0.373406 -0 0.673551 0.952595
-0.913545 -0.406737 -0 0.706176 0.925744
-0.891007 -0.453991 -0 0.701706 0.917993
-0.891007 -0.453991 -0 0.701706 0.917993
-0.913545 -0.406737 -0 0.706176 0.925744
-1.06921 -0.544789 -0 0.728368 0.880091
-0.913545 -0.406737 -0 0.706176 0.925744
-1.09625 -0.488084 -0 0.733298 0.889148
-1.06921 -0.544789 -0 0.728368 0.880091
-1.06921 -0.544789 -0 0.728368 0.880091
-1.09625 -0.488084 -0 0.733298 0.889148
-1.24741 -0.635587 -0 0.750602 0.844109
-1.09625 -0.488084 -0 0.733298 0.889148
-1.27896 -0.569431 -0 0.755928 0.854359
-1.24741 -0.635587 -0 0.750602 0.844109
-1.24741 -0.635587 -0 0.750602 0.844109
-1.27896 -0.569431 -0 0.755928 0.854359
-1.42561 -0.726385 -0 0.769022 0.810645
-1.27896 -0.569431 -0 0.755928 0.854359
-1.46167 -0.650779 -0 0.774698 0.821965
-1.42561 -0.726385 -0 0.769022 0.810645
-1.42561 -0.726385 -0 0.769022 0.810645
-1.46167 -0.650779 -0 0.774698 0.821965
-1.60381 -0.817183 -0 0.784249 0.779944
-1.46167 -0.650779 -0 0.774698 0.821965
-1.64438 -0.732126 -0 0.790243 0.792209
-1.60381 -0.817183 -0 0.784249 0.779944
-1.60381 -0.817183 -0 0.784249 0.779944
-1.64438 -0.732126 -0 0.790243 0.792209
-2.06831 -1.05386 0.04 0.815754 0.706604
-0.173205 -0.373406 -0 0.543247 0.996389
-0.178201 -0.373406 -0 0.544581 0.996192
-0.34641 -0.373406 -0 0.588058 0.987037
-0.178201 -0.373406 -0 0.544581 0.996192
-0.356403 -0.373406 -0 0.590541 0.986351
-0.34641 -0.373406 -0 0.588058 0.987037
-0.34641 -0.373406 -0 0.588058 0.987037
-0.356403 -0.373406 -0 0.590541 0.986351
-0.519615 -0.373406 -0 0.629208 0.973304
-0.356403 -0.373406 -0 0.590541 0.986351
-0.534604 -0.373406 -0 0.632572 0.971954
-0.519615 -0.373406 -0 0.629208 0.973304
-0.519615 -0.373406 -0 0.629208 0.973304
-0.534604 -0.373406 -0 0.632572 0.971954
-0.69282 -0.4 -0 0.665756 0.950596
-0.534604 -0.373406 -0 0.632572 0.971954
-0.712805 -0.373406 -0 0.670025 0.954479
-0.69282 -0.4 -0 0.665756 0.950596
-0.69282 -0.4 -0 0.665756 0.950596
-0.712805 -0.373406 -0 0.670025 0.954479
-0.866025 -0.5 -0 0.696689 0.910486
-0.712805 -0.373406 -0 0.670025 0.954479
-0.891007 -0.453991 -0 0.701706 0.917993
-0.866025 -0.5 -0 0.696689 0.910486
-0.866025 -0.5 -0 0.696689 0.910486
-0.891007 -0.453991 -0 0.701706 0.917993
-1.03923 -0.6 -0 0.72283 0.8713
-0.891007 -0.453991 -0 0.701706 0.917993
-1.06921 -0.544789 -0 0.728368 0.880091
-1.03923 -0.6 -0 0.72283 0.8713
-1.03923 -0.6 -0 0.72283 0.8713
-1.06921 -0.544789 -0 0.728368 0.880091
-1.21244 -0.7 -0 0.744624 0.834135
-1.06921 -0.544789 -0 0.728368 0.880091
-1.24741 -0.635587 -0 0.750602 0.844109
-1.21244 -0.7 -0 0.744624 0.834135
-1.21244 -0.7 -0 0.744624 0.834135
-1.24741 -0.635587 -0 0.750602 0.844109
-1.38564 -0.8 -0 0.76266 0.799606
-1.24741 -0.635587 -0 0.750602 0.844109
-1.42561 -0.726385 -0 0.769022 0.810645
-1.38564 -0.8 -0 0.76266 0.799606
-1.38564 -0.8 -0 0.76266 0.799606
-1.42561 -0.726385 -0 0.769022 0.810645
-1.55885 -0.9 -0 0.777545 0.767962
-1.42561 -0.726385 -0 0.769022 0.810645
-1.60381 -0.817183 -0 0.784249 0.779944
-1.55885 -0.9 -0 0.777545 0.767962
-1.55885 -0.9 -0 0.777545 0.767962
-1.60381 -0.817183 -0 0.784249 0.779944
-2.01032 -1.16066 0.04 0.808249 0.69254
-1.60381 -0.817183 -0 0.784249 0.779944
-2.06831 -1.05386 0.04 0.815754 0.706604
-2.01032 -1.16066 0.04 0.808249 0.69254
-2.01032 -1.16066 0.04 0.808249 0.69254
-2.06831 -1.05386 0.04 0.815754 0.706604
-2.18353 -1.26066 0.16 0.823526 0.65191
-2.06831 -1.05386 0.04 0.815754 0.706604
-2.24651 -1.14466 0.16 0.831429 0.666968
-2.18353 -1.26066 0.16 0.823526 0.65191
-2.18353 -1.26066 0.16 0.823526 0.65191
-2.24651 -1.14466 0.16 0.831429 0.666968
-2.35673 -1.36066 0.36 0.84068 0.600691
-2.24651 -1.14466 0.16 0.831429 0.666968
-2.42471 -1.23545 0.36 0.849083 0.616862
-2.35673 -1.36066 0.36 0.84068 0.600691
-2.35673 -1.36066 0.36 0.84068 0.600691
-2.42471 -1.23545 0.36 0.849083 0.616862
-2.52994 -1.46066 0.64 0.857947 0.538795
-2.42471 -1.23545 0.36 0.849083 0.616862
-2.60292 -1.32625 0.64 0.86698 0.556077
-2.52994 -1.46066 0.64 0.857947 0.538795
-2.52994 -1.46066 0.64 0.857947 0.538795
-2.60292 -1.32625 0.64 0.86698 0.556077
-2.70314 -1.56066 1 0.873197 0.467276
-2.60292 -1.32625 0.64 0.86698 0.556077
-2.78112 -1.41705 1 0.883004 0.485468
-2.70314 -1.56066 1 0.873197 0.467276
-0.167734 -0.373406 -0 0.541784 0.996599
-0.173205 -0.373406 -0 0.543247 0.996389
-0.335468 -0.373406 -0 0.585326 0.987771
-0.173205 -0.373406 -0 0.543247 0.996389
-0.34641 -0.373406 -0 0.588058 0.987037
-0.335468 -0.373406 -0 0.585326 0.987771
-0.335468 -0.373406 -0 0.585326 0.987771
-0.34641 -0.373406 -0 0.588058 0.987037
-0.503202 -0.373406 -0 0.625487 0.974756
-0.34641 -0.373406 -0 0.588058 0.987037
-0.519615 -0.373406 -0 0.629208 0.973304
-0.503202 -0.373406 -0 0.625487 0.974756
-0.503202 -0.373406 -0 0.625487 0.974756
-0.519615 -0.373406 -0 0.629208 0.973304
-0.670936 -0.435711 -0 0.660905 0.944676
-0.519615 -0.373406 -0 0.629208 0.973304
-0.69282 -0.4 -0 0.665756 0.950596
-0.670936 -0.435711 -0 0.660905 0.944676
-0.670936 -0.435711 -0 0.660905 0.944676
-0.69282 -0.4 -0 0.665756 0.950596
-0.838671 -0.544639 -0 0.69112 0.903233
-0.69282 -0.4 -0 0.665756 0.950596
-0.866025 -0.5 -0 0.696689 0.910486
-0.838671 -0.544639 -0 0.69112 0.903233
-0.838671 -0.544639 -0 0.69112 0.903233
-0.866025 -0.5 -0 0.696689 0.910486
-1.0064 -0.653567 -0 0.716675 0.862781
-0.866025 -0.5 -0 0.696689 0.910486
-1.03923 -0.6 -0 0.72283 0.8713
-1.0064 -0.653567 -0 0.716675 0.862781
-1.0064 -0.653567 -0 0.716675 0.862781
-1.03923 -0.6 -0 0.72283 0.8713
-1.17414 -0.762495 -0 0.73798 0.824444
-1.03923 -0.6 -0 0.72283 0.8713
-1.21244 -0.7 -0 0.744624 0.834135
-1.17414 -0.762495 -0 0.73798 0.824444
-1.17414 -0.762495 -0 0.73798 0.824444
-1.21244 -0.7 -0 0.744624 0.834135
-1.34187 -0.871422 -0 0.755595 0.788854
-1.21244 -0.7 -0 0.744624 0.834135
-1.38564 -0.8 -0 0.76266 0.799606
-1.34187 -0.871422 -0 0.755595 0.788854
-1.34187 -0.871422 -0 0.755595 0.788854
-1.38564 -0.8 -0 0.76266 0.799606
-1.50961 -0.98035 -0 0.77011 0.756268
-1.38564 -0.8 -0 0.76266 0.799606
-1.55885 -0.9 -0 0.777545 0.767962
-1.50961 -0.98035 -0 0.77011 0.756268
-1.50961 -0.98035 -0 0.77011 0.756268
-1.55885 -0.9 -0 0.777545 0.767962
-1.94682 -1.26428 0.04 0.799968 0.678758
-1.55885 -0.9 -0 0.777545 0.767962
-2.01032 -1.16066 0.04 0.808249 0.69254
-1.94682 -1.26428 0.04 0.799968 0.678758
-1.94682 -1.26428 0.04 0.799968 0.678758
-2.01032 -1.16066 0.04 0.808249 0.69254
-2.11456 -1.37321 0.16 0.814837 0.63713
-2.01032 -1.16066 0.04 0.808249 0.69254
-2.18353 -1.26066 0.16 0.823526 0.65191
-2.11456 -1.37321 0.16 0.814837 0.63713
-2.11456 -1.37321 0.16 0.814837 0.63713
-2.18353 -1.26066 0.16 0.823526 0.65191
-2.28229 -1.48214 0.36 0.831488 0.584787
-2.18353 -1.26066 0.16 0.823526 0.65191
-2.35673 -1.36066 0.36 0.84068 0.600691
-2.28229 -1.48214 0.36 0.831488 0.584787
-2.28229 -1.48214 0.36 0.831488 0.584787
-2.35673 -1.36066 0.36 0.84068 0.600691
-2.45003 -1.59107 0.64 0.848137 0.521767
-2.35673 -1.36066 0.36 0.84068 0.600691
-2.52994 -1.46066 0.64 0.857947 0.538795
-2.45003 -1.59107 0.64 0.848137 0.521767
-2.45003 -1.59107 0.64 0.848137 0.521767
-2.52994 -1.46066 0.64 0.857947 0.538795
-2.61776 -1.69999 1 0.862641 0.449328
-2.52994 -1.46066 0.64 0.857947 0.538795
-2.70314 -1.56066 1 0.873197 0.467276
-2.61776 -1.69999 1 0.862641 0.449328
-2.61776 -1.69999 1 0.862641 0.449328
-2.70314 -1.56066 1 0.873197 0.467276
-2.78549 -1.80892 1.44 0.872886 0.37038
-0.161803 -0.373406 -0 0.540194 0.99682
-0.167734 -0.373406 -0 0.541784 0.996599
-0.323607 -0.373406 -0 0.582348 0.988547
-0.167734 -0.373406 -0 0.541784 0.996599
-0.335468 -0.373406 -0 0.585326 0.987771
-0.323607 -0.373406 -0 0.582348 0.988547
-0.323607 -0.373406 -0 0.582348 0.988547
-0.335468 -0.373406 -0 0.585326 0.987771
-0.48541 -0.373406 -0 0.62141 0.976298
-0.335468 -0.373406 -0 0.585326 0.987771
-0.503202 -0.373406 -0 0.625487 0.974756
-0.48541 -0.373406 -0 0.62141 0.976298
-0.48541 -0.373406 -0 0.62141 0.976298
-0.503202 -0.373406 -0 0.625487 0.974756
-0.647214 -0.470228 -0 0.655584 0.938986
-0.503202 -0.373406 -0 0.625487 0.974756
-0.670936 -0.435711 -0 0.660905 0.944676
-0.647214 -0.470228 -0 0.655584 0.938986
-0.647214 -0.470228 -0 0.655584 0.938986
-0.670936 -0.435711 -0 0.660905 0.944676
-0.809017 -0.587785 -0 0.684995 0.896242
-0.670936 -0.435711 -0 0.660905 0.944676
-0.838671 -0.544639 -0 0.69112 0.903233
-0.809017 -0.587785 -0 0.684995 0.896242
-0.809017 -0.587785 -0 0.684995 0.896242
-0.838671 -0.544639 -0 0.69112 0.903233
-0.97082 -0.705342 -0 0.709895 0.854544
-0.838671 -0.544639 -0 0.69112 0.903233
-1.0064 -0.653567 -0 0.716675 0.862781
-0.97082 -0.705342 -0 0.709895 0.854544
-0.97082 -0.705342 -0 0.709895 0.854544
-1.0064 -0.653567 -0 0.716675 0.862781
-1.13262 -0.822899 -0 0.730656 0.815046
-1.0064 -0.653567 -0 0.716675 0.862781
-1.17414 -0.762495 -0 0.73798 0.824444
-1.13262 -0.822899 -0 0.730656 0.815046
-1.13262 -0.822899 -0 0.730656 0.815046
-1.17414 -0.762495 -0 0.73798 0.824444
-1.29443 -0.940456 -0 0.747809 0.778399
-1.17414 -0.762495 -0 0.73798 0.824444
-1.34187 -0.871422 -0 0.755595 0.788854
-1.29443 -0.940456 -0 0.747809 0.778399
-1.29443 -0.940456 -0 0.747809 0.778399
-1.34187 -0.871422 -0 0.755595 0.788854
-1.45623 -1.05801 -0 0.761922 0.74487
-1.34187 -0.871422 -0 0.755595 0.788854
-1.50961 -0.98035 -0 0.77011 0.756268
-1.45623 -1.05801 -0 0.761922 0.74487
-1.45623 -1.05801 -0 0.761922 0.74487
-1.50961 -0.98035 -0 0.77011 0.756268
-1.87799 -1.36444 0.04 0.790882 0.665269
-1.50961 -0.98035 -0 0.77011 0.756268
-1.94682 -1.26428 0.04 0.799968 0.678758
-1.87799 -1.36444 0.04 0.790882 0.665269
-1.87799 -1.36444 0.04 0.790882 0.665269
-1.94682 -1.26428 0.04 0.799968 0.678758
-2.03979 -1.48199 0.16 0.805328 0.622635
-1.94682 -1.26428 0.04 0.799968 0.678758
-2.11456 -1.37321 0.16 0.814837 0.63713
-2.03979 -1.48199 0.16 0.805328 0.622635
-2.03979 -1.48199 0.16 0.805328 0.622635
-2.11456 -1.37321 0.16 0.814837 0.63713
-2.20159 -1.59955 0.36 0.821472 0.569159
-2.11456 -1.37321 0.16 0.814837 0.63713
-2.28229 -1.48214 0.36 0.831488 0.584787
-2.20159 -1.59955 0.36 0.821472 0.569159
-2.20159 -1.59955 0.36 0.821472 0.569159
-2.28229 -1.48214 0.36 0.831488 0.584787
-2.3634 -1.71711 0.64 0.837512 0.505002
-2.28229 -1.48214 0.36 0.831488 0.584787
-2.45003 -1.59107 0.64 0.848137 0.521767
-2.3634 -1.71711 0.64 0.837512 0.505002
-2.3634 -1.71711 0.64 0.837512 0.505002
-2.45003 -1.59107 0.64 0.848137 0.521767
-2.5252 -1.83467 1 0.851299 0.431632
-2.45003 -1.59107 0.64 0.848137 0.521767
-2.61776 -1.69999 1 0.862641 0.449328
-2.5252 -1.83467 1 0.851299 0.431632
-2.5252 -1.83467 1 0.851299 0.431632
-2.61776 -1.69999 1 0.862641 0.449328
-2.687 -1.95222 1.44 0.860748 0.352217
-2.61776 -1.69999 1 0.862641 0.449328
-2.78549 -1.80892 1.44 0.872886 0.37038
-2.687 -1.95222 1.44 0.860748 0.352217
-0.155429 -0.373406 -0 0.538483 0.99705
-0.161803 -0.373406 -0 0.540194 0.99682
-0.310858 -0.373406 -0 0.579129 0.989357
-0.161803 -0.373406 -0 0.540194 0.99682
-0.323607 -0.373406 -0 0.582348 0.988547
-0.310858 -0.373406 -0 0.579129 0.989357
-0.310858 -0.373406 -0 0.579129 0.989357
-0.323607 -0.373406 -0 0.582348 0.988547
-0.466288 -0.377592 -0 0.616934 0.976938
-0.323607 -0.373406 -0 0.582348 0.988547
-0.48541 -0.373406 -0 0.62141 0.976298
-0.466288 -0.377592 -0 0.616934 0.976938
-0.466288 -0.377592 -0 0.616934 0.976938
-0.48541 -0.373406 -0 0.62141 0.976298
-0.621717 -0.503456 -0 0.649795 0.933533
-0.48541 -0.373406 -0 0.62141 0.976298
-0.647214 -0.470228 -0 0.655584 0.938986
-0.621717 -0.503456 -0 0.649795 0.933533
-0.621717 -0.503456 -0 0.649795 0.933533
-0.647214 -0.470228 -0 0.655584 0.938986
-0.777146 -0.62932 -0 0.678311 0.88952
-0.647214 -0.470228 -0 0.655584 0.938986
-0.809017 -0.587785 -0 0.684995 0.896242
-0.777146 -0.62932 -0 0.678311 0.88952
-0.777146 -0.62932 -0 0.678311 0.88952
-0.809017 -0.587785 -0 0.684995 0.896242
-0.932575 -0.755184 -0 0.702483 0.846598
-0.809017 -0.587785 -0 0.684995 0.896242
-0.97082 -0.705342 -0 0.709895 0.854544
-0.932575 -0.755184 -0 0.702483 0.846598
-0.932575 -0.755184 -0 0.702483 0.846598
-0.97082 -0.705342 -0 0.709895 0.854544
-1.088 -0.881049 -0 0.722641 0.805948
-0.97082 -0.705342 -0 0.709895 0.854544
-1.13262 -0.822899 -0 0.730656 0.815046
-1.088 -0.881049 -0 0.722641 0.805948
-1.088 -0.881049 -0 0.722641 0.805948
-1.13262 -0.822899 -0 0.730656 0.815046
-1.24343 -1.00691 -0 0.739284 0.76825
-1.13262 -0.822899 -0 0.730656 0.815046
-1.29443 -0.940456 -0 0.747809 0.778399
-1.24343 -1.00691 -0 0.739284 0.76825
-1.24343 -1.00691 -0 0.739284 0.76825
-1.29443 -0.940456 -0 0.747809 0.778399
-1.39886 -1.13278 -0 0.75296 0.73378
-1.29443 -0.940456 -0 0.747809 0.778399
-1.45623 -1.05801 -0 0.761922 0.74487
-1.39886 -1.13278 -0 0.75296 0.73378
-1.39886 -1.13278 -0 0.75296 0.73378
-1.45623 -1.05801 -0 0.761922 0.74487
-1.804 -1.46085 0.04 0.780962 0.652084
-1.45623 -1.05801 -0 0.761922 0.74487
-1.87799 -1.36444 0.04 0.790882 0.665269
-1.804 -1.46085 0.04 0.780962 0.652084
-1.804 -1.46085 0.04 0.780962 0.652084
-1.87799 -1.36444 0.04 0.790882 0.665269
-1.95943 -1.58672 0.16 0.794968 0.60844
-1.87799 -1.36444 0.04 0.790882 0.665269
-2.03979 -1.48199 0.16 0.805328 0.622635
-1.95943 -1.58672 0.16 0.794968 0.60844
-1.95943 -1.58672 0.16 0.794968 0.60844
-2.03979 -1.48199 0.16 0.805328 0.622635
-2.11486 -1.71258 0.36 0.810595 0.553822
-2.03979 -1.48199 0.16 0.805328 0.622635
-2.20159 -1.59955 0.36 0.821472 0.569159
-2.11486 -1.71258 0.36 0.810595 0.553822
-2.11486 -1.71258 0.36 0.810595 0.553822
-2.20159 -1.59955 0.36 0.821472 0.569159
-2.27029 -1.83845 0.64 0.826033 0.488517
-2.20159 -1.59955 0.36 0.821472 0.569159
-2.3634 -1.71711 0.64 0.837512 0.505002
-2.27029 -1.83845 0.64 0.826033 0.488517
-2.27029 -1.83845 0.64 0.826033 0.488517
-2.3634 -1.71711 0.64 0.837512 0.505002
-2.42572 -1.96431 1 0.839131 0.414207
-2.3634 -1.71711 0.64 0.837512 0.505002
-2.5252 -1.83467 1 0.851299 0.431632
-2.42572 -1.96431 1 0.839131 0.414207
-2.42572 -1.96431 1 0.839131 0.414207
-2.5252 -1.83467 1 0.851299 0.431632
-2.58115 -2.09017 1.44 0.847838 0.334324
-2.5252 -1.83467 1 0.851299 0.431632
-2.687 -1.95222 1.44 0.860748 0.352217
-2.58115 -2.09017 1.44 0.847838 0.334324
-2.58115 -2.09017 1.44 0.847838 0.334324
-2.687 -1.95222 1.44 0.860748 0.352217
-2.73658 -2.21604 1.96 0.850876 0.253537
-0.148629 -0.373406 -0 0.536654 0.997288
-0.155429 -0.373406 -0 0.538483 0.99705
-0.297258 -0.373406 -0 0.575673 0.990193
-0.155429 -0.373406 -0 0.538483 0.99705
-0.310858 -0.373406 -0 0.579129 0.989357
-0.297258 -0.373406 -0 0.575673 0.990193
-0.297258 -0.373406 -0 0.575673 0.990193
-0.310858 -0.373406 -0 0.579129 0.989357
-0.445887 -0.401478 -0 0.611894 0.97297
-0.310858 -0.373406 -0 0.579129 0.989357
-0.466288 -0.377592 -0 0.616934 0.976938
-0.445887 -0.401478 -0 0.611894 0.97297
-0.445887 -0.401478 -0 0.611894 0.97297
-0.466288 -0.377592 -0 0.616934 0.976938
-0.594516 -0.535304 -0 0.643541 0.928325
-0.466288 -0.377592 -0 0.616934 0.976938
-0.621717 -0.503456 -0 0.649795 0.933533
-0.594516 -0.535304 -0 0.643541 0.928325
-0.594516 -0.535304 -0 0.643541 0.928325
-0.621717 -0.503456 -0 0.649795 0.933533
-0.743145 -0.669131 -0 0.671068 0.883078
-0.621717 -0.503456 -0 0.649795 0.933533
-0.777146 -0.62932 -0 0.678311 0.88952
-0.743145 -0.669131 -0 0.671068 0.883078
-0.743145 -0.669131 -0 0.671068 0.883078
-0.777146 -0.62932 -0 0.678311 0.88952
-0.891774 -0.802957 -0 0.694431 0.838951
-0.777146 -0.62932 -0 0.678311 0.88952
-0.932575 -0.755184 -0 0.702483 0.846598
-0.891774 -0.802957 -0 0.694431 0.838951
-0.891774 -0.802957 -0 0.694431 0.838951
-0.932575 -0.755184 -0 0.702483 0.846598
-1.0404 -0.936783 -0 0.713921 0.797162
-0.932575 -0.755184 -0 0.702483 0.846598
-1.088 -0.881049 -0 0.722641 0.805948
-1.0404 -0.936783 -0 0.713921 0.797162
-1.0404 -0.936783 -0 0.713921 0.797162
-1.088 -0.881049 -0 0.722641 0.805948
-1.18903 -1.07061 -0 0.730005 0.758418
-1.088 -0.881049 -0 0.722641 0.805948
-1.24343 -1.00691 -0 0.739284 0.76825
-1.18903 -1.07061 -0 0.730005 0.758418
-1.18903 -1.07061 -0 0.730005 0.758418
-1.24343 -1.00691 -0 0.739284 0.76825
-1.33766 -1.20444 -0 0.743204 0.72301
-1.24343 -1.00691 -0 0.739284 0.76825
-1.39886 -1.13278 -0 0.75296 0.73378
-1.33766 -1.20444 -0 0.743204 0.72301
-1.33766 -1.20444 -0 0.743204 0.72301
-1.39886 -1.13278 -0 0.75296 0.73378
-1.72508 -1.55327 0.04 0.770179 0.639221
-1.39886 -1.13278 -0 0.75296 0.73378
-1.804 -1.46085 0.04 0.780962 0.652084
-1.72508 -1.55327 0.04 0.770179 0.639221
-1.72508 -1.55327 0.04 0.770179 0.639221
-1.804 -1.46085 0.04 0.780962 0.652084
-1.87371 -1.68709 0.16 0.783723 0.594564
-1.804 -1.46085 0.04 0.780962 0.652084
-1.95943 -1.58672 0.16 0.794968 0.60844
-1.87371 -1.68709 0.16 0.783723 0.594564
-1.87371 -1.68709 0.16 0.783723 0.594564
-1.95943 -1.58672 0.16 0.794968 0.60844
-2.02234 -1.82092 0.36 0.798821 0.538797
-1.95943 -1.58672 0.16 0.794968 0.60844
-2.11486 -1.71258 0.36 0.810595 0.553822
-2.02234 -1.82092 0.36 0.798821 0.538797
-2.02234 -1.82092 0.36 0.798821 0.538797
-2.11486 -1.71258 0.36 0.810595 0.553822
-2.17096 -1.95474 0.64 0.813662 0.472336
-2.11486 -1.71258 0.36 0.810595 0.553822
-2.27029 -1.83845 0.64 0.826033 0.488517
-2.17096 -1.95474 0.64 0.813662 0.472336
-2.17096 -1.95474 0.64 0.813662 0.472336
-2.27029 -1.83845 0.64 0.826033 0.488517
-2.31959 -2.08857 1 0.826099 0.39708
-2.27029 -1.83845 0.64 0.826033 0.488517
-2.42572 -1.96431 1 0.839131 0.414207
-2.31959 -2.08857 1 0.826099 0.39708
-2.31959 -2.08857 1 0.826099 0.39708
-2.42572 -1.96431 1 0.839131 0.414207
-2.46822 -2.2224 1.44 0.834118 0.316729
-2.42572 -1.96431 1 0.839131 0.414207
-2.58115 -2.09017 1.44 0.847838 0.334324
-2.46822 -2.2224 1.44 0.834118 0.316729
-2.46822 -2.2224 1.44 0.834118 0.316729
-2.58115 -2.09017 1.44 0.847838 0.334324
-2.61685 -2.35622 1.96 0.836527 0.236156
-2.58115 -2.09017 1.44 0.847838 0.334324
-2.73658 -2.21604 1.96 0.850876 0.253537
-2.61685 -2.35622 1.96 0.836527 0.236156
-0.141421 -0.373406 -0 0.534711 0.99753
-0.148629 -0.373406 -0 0.536654 0.997288
-0.282843 -0.373406 -0 0.571987 0.991047
-0.148629 -0.373406 -0 0.536654 0.997288
-0.297258 -0.373406 -0 0.575673 0.990193
-0.282843 -0.373406 -0 0.571987 0.991047
-0.282843 -0.373406 -0 0.571987 0.991047
-0.297258 -0.373406 -0 0.575673 0.990193
-0.424264 -0.424264 -0 0.606505 0.969206
-0.297258 -0.373406 -0 0.575673 0.990193
-0.445887 -0.401478 -0 0.611894 0.97297
-0.424264 -0.424264 -0 0.606505 0.969206
-0.424264 -0.424264 -0 0.606505 0.969206
-0.445887 -0.401478 -0 0.611894 0.97297
-0.565685 -0.565685 -0 0.636828 0.92337
-0.445887 -0.401478 -0 0.611894 0.97297
-0.594516 -0.535304 -0 0.643541 0.928325
-0.565685 -0.565685 -0 0.636828 0.92337
-0.565685 -0.565685 -0 0.636828 0.92337
-0.594516 -0.535304 -0 0.643541 0.928325
-0.707107 -0.707107 -0 0.663265 0.876922
-0.594516 -0.535304 -0 0.643541 0.928325
-0.743145 -0.669131 -0 0.671068 0.883078
-0.707107 -0.707107 -0 0.663265 0.876922
-0.707107 -0.707107 -0 0.663265 0.876922
-0.743145 -0.669131 -0 0.671068 0.883078
-0.848528 -0.848528 -0 0.685736 0.831613
-0.743145 -0.669131 -0 0.671068 0.883078
-0.891774 -0.802957 -0 0.694431 0.838951
-0.848528 -0.848528 -0 0.685736 0.831613
-0.848528 -0.848528 -0 0.685736 0.831613
-0.891774 -0.802957 -0 0.694431 0.838951
-0.98995 -0.98995 -0 0.704489 0.7887
-0.891774 -0.802957 -0 0.694431 0.838951
-1.0404 -0.936783 -0 0.713921 0.797162
-0.98995 -0.98995 -0 0.704489 0.7887
-0.98995 -0.98995 -0 0.704489 0.7887
-1.0404 -0.936783 -0 0.713921 0.797162
-1.13137 -1.13137 -0 0.719958 0.748919
-1.0404 -0.936783 -0 0.713921 0.797162
-1.18903 -1.07061 -0 0.730005 0.758418
-1.13137 -1.13137 -0 0.719958 0.748919
-1.13137 -1.13137 -0 0.719958 0.748919
-1.18903 -1.07061 -0 0.730005 0.758418
-1.27279 -1.27279 -0 0.732637 0.712578
-1.18903 -1.07061 -0 0.730005 0.758418
-1.33766 -1.20444 -0 0.743204 0.72301
-1.27279 -1.27279 -0 0.732637 0.712578
-1.27279 -1.27279 -0 0.732637 0.712578
-1.33766 -1.20444 -0 0.743204 0.72301
-1.64142 -1.64142 0.04 0.75851 0.626702
-1.33766 -1.20444 -0 0.743204 0.72301
-1.72508 -1.55327 0.04 0.770179 0.639221
-1.64142 -1.64142 0.04 0.75851 0.626702
-1.64142 -1.64142 0.04 0.75851 0.626702
-1.72508 -1.55327 0.04 0.770179 0.639221
-1.78284 -1.78284 0.16 0.771565 0.581031
-1.72508 -1.55327 0.04 0.770179 0.639221
-1.87371 -1.68709 0.16 0.783723 0.594564
-1.78284 -1.78284 0.16 0.771565 0.581031
-1.78284 -1.78284 0.16 0.771565 0.581031
-1.87371 -1.68709 0.16 0.783723 0.594564
-1.92426 -1.92426 0.36 0.786116 0.524113
-1.87371 -1.68709 0.16 0.783723 0.594564
-2.02234 -1.82092 0.36 0.798821 0.538797
-1.92426 -1.92426 0.36 0.786116 0.524113
-1.92426 -1.92426 0.36 0.786116 0.524113
-2.02234 -1.82092 0.36 0.798821 0.538797
-2.06569 -2.06569 0.64 0.800361 0.456491
-2.02234 -1.82092 0.36 0.798821 0.538797
-2.17096 -1.95474 0.64 0.813662 0.472336
-2.06569 -2.06569 0.64 0.800361 0.456491
-2.06569 -2.06569 0.64 0.800361 0.456491
-2.17096 -1.95474 0.64 0.813662 0.472336
-2.20711 -2.20711 1 0.812166 0.380285
-2.17096 -1.95474 0.64 0.813662 0.472336
-2.31959 -2.08857 1 0.826099 0.39708
-2.20711 -2.20711 1 0.812166 0.380285
-2.20711 -2.20711 1 0.812166 0.380285
-2.31959 -2.08857 1 0.826099 0.39708
-2.34853 -2.34853 1.44 0.819554 0.299469
-2.31959 -2.08857 1 0.826099 0.39708
-2.46822 -2.2224 1.44 0.834118 0.316729
-2.34853 -2.34853 1.44 0.819554 0.299469
-2.34853 -2.34853 1.44 0.819554 0.299469
-2.46822 -2.2224 1.44 0.834118 0.316729
-2.48995 -2.48995 1.96 0.821419 0.219119
-2.46822 -2.2224 1.44 0.834118 0.316729
-2.61685 -2.35622 1.96 0.836527 0.236156
-2.48995 -2.48995 1.96 0.821419 0.219119
-0.133826 -0.373406 -0 0.53266 0.997774
-0.141421 -0.373406 -0 0.534711 0.99753
-0.267652 -0.373406 -0 0.568078 0.991911
-0.141421 -0.373406 -0 0.534711 0.99753
-0.282843 -0.373406 -0 0.571987 0.991047
-0.267652 -0.373406 -0 0.568078 0.991911
-0.267652 -0.373406 -0 0.568078 0.991911
-0.282843 -0.373406 -0 0.571987 0.991047
-0.401478 -0.445887 -0 0.600776 0.965653
-0.282843 -0.373406 -0 0.571987 0.991047
-0.424264 -0.424264 -0 0.606505 0.969206
-0.401478 -0.445887 -0 0.600776 0.965653
-0.401478 -0.445887 -0 0.600776 0.965653
-0.424264 -0.424264 -0 0.606505 0.969206
-0.535304 -0.594516 -0 0.629662 0.918674
-0.424264 -0.424264 -0 0.606505 0.969206
-0.565685 -0.565685 -0 0.636828 0.92337
-0.535304 -0.594516 -0 0.629662 0.918674
-0.535304 -0.594516 -0 0.629662 0.918674
-0.565685 -0.565685 -0 0.636828 0.92337
-0.669131 -0.743145 -0 0.654907 0.871062
-0.565685 -0.565685 -0 0.636828 0.92337
-0.707107 -0.707107 -0 0.663265 0.876922
-0.669131 -0.743145 -0 0.654907 0.871062
-0.669131 -0.743145 -0 0.654907 0.871062
-0.707107 -0.707107 -0 0.663265 0.876922
-0.802957 -0.891774 -0 0.676397 0.824597
-0.707107 -0.707107 -0 0.663265 0.876922
-0.848528 -0.848528 -0 0.685736 0.831613
-0.802957 -0.891774 -0 0.676397 0.824597
-0.802957 -0.891774 -0 0.676397 0.824597
-0.848528 -0.848528 -0 0.685736 0.831613
-0.936783 -1.0404 -0 0.69434 0.780576
-0.848528 -0.848528 -0 0.685736 0.831613
-0.98995 -0.98995 -0 0.704489 0.7887
-0.936783 -1.0404 -0 0.69434 0.780576
-0.936783 -1.0404 -0 0.69434 0.780576
-0.98995 -0.98995 -0 0.704489 0.7887
-1.07061 -1.18903 -0 0.709135 0.739768
-0.98995 -0.98995 -0 0.704489 0.7887
-1.13137 -1.13137 -0 0.719958 0.748919
-1.07061 -1.18903 -0 0.709135 0.739768
-1.07061 -1.18903 -0 0.709135 0.739768
-1.13137 -1.13137 -0 0.719958 0.748919
-1.20444 -1.33766 -0 0.721247 0.702501
-1.13137 -1.13137 -0 0.719958 0.748919
-1.27279 -1.27279 -0 0.732637 0.712578
-1.20444 -1.33766 -0 0.721247 0.702501
-1.20444 -1.33766 -0 0.721247 0.702501
-1.27279 -1.27279 -0 0.732637 0.712578
-1.55327 -1.72508 0.04 0.745934 0.614554
-1.27279 -1.27279 -0 0.732637 0.712578
-1.64142 -1.64142 0.04 0.75851 0.626702
-1.55327 -1.72508 0.04 0.745934 0.614554
-1.55327 -1.72508 0.04 0.745934 0.614554
-1.64142 -1.64142 0.04 0.75851 0.626702
-1.68709 -1.87371 0.16 0.75847 0.567873
-1.64142 -1.64142 0.04 0.75851 0.626702
-1.78284 -1.78284 0.16 0.771565 0.581031
-1.68709 -1.87371 0.16 0.75847 0.567873
-1.68709 -1.87371 0.16 0.75847 0.567873
-1.78284 -1.78284 0.16 0.771565 0.581031
-1.82092 -2.02234 0.36 0.772452 0.509805
-1.78284 -1.78284 0.16 0.771565 0.581031
-1.92426 -1.92426 0.36 0.786116 0.524113
-1.82092 -2.02234 0.36 0.772452 0.509805
-1.82092 -2.02234 0.36 0.772452 0.509805
-1.92426 -1.92426 0.36 0.786116 0.524113
-1.95474 -2.17096 0.64 0.786098 0.441022
-1.92426 -1.92426 0.36 0.786116 0.524113
-2.06569 -2.06569 0.64 0.800361 0.456491
-1.95474 -2.17096 0.64 0.786098 0.441022
-1.95474 -2.17096 0.64 0.786098 0.441022
-2.06569 -2.06569 0.64 0.800361 0.456491
-2.08857 -2.31959 1 0.797298 0.363867
-2.06569 -2.06569 0.64 0.800361 0.456491
-2.20711 -2.20711 1 0.812166 0.380285
-2.08857 -2.31959 1 0.797298 0.363867
-2.08857 -2.31959 1 0.797298 0.363867
-2.20711 -2.20711 1 0.812166 0.380285
-2.2224 -2.46822 1.44 0.804118 0.282592
-2.20711 -2.20711 1 0.812166 0.380285
-2.34853 -2.34853 1.44 0.819554 0.299469
-2.2224 -2.46822 1.44 0.804118 0.282592
-2.2224 -2.46822 1.44 0.804118 0.282592
-2.34853 -2.34853 1.44 0.819554 0.299469
-2.35622 -2.61685 1.96 0.805528 0.202474
-2.34853 -2.34853 1.44 0.819554 0.299469
-2.48995 -2.48995 1.96 0.821419 0.219119
-2.35622 -2.61685 1.96 0.805528 0.202474
-0.125864 -0.373406 -0 0.530505 0.998018
-0.133826 -0.373406 -0 0.53266 0.997774
-0.251728 -0.373406 -0 0.563953 0.992775
-0.133826 -0.373406 -0 0.53266 0.997774
-0.267652 -0.373406 -0 0.568078 0.991911
-0.251728 -0.373406 -0 0.563953 0.992775
-0.251728 -0.373406 -0 0.563953 0.992775
-0.267652 -0.373406 -0 0.568078 0.991911
-0.377592 -0.466288 -0 0.594719 0.962315
-0.267652 -0.373406 -0 0.568078 0.991911
-0.401478 -0.445887 -0 0.600776 0.965653
-0.377592 -0.466288 -0 0.594719 0.962315
-0.377592 -0.466288 -0 0.594719 0.962315
-0.401478 -0.445887 -0 0.600776 0.965653
-0.503456 -0.621717 -0 0.622053 0.914246
-0.401478 -0.445887 -0 0.600776 0.965653
-0.535304 -0.594516 -0 0.629662 0.918674
-0.503456 -0.621717 -0 0.622053 0.914246
-0.503456 -0.621717 -0 0.622053 0.914246
-0.535304 -0.594516 -0 0.629662 0.918674
-0.62932 -0.777146 -0 0.646001 0.865508
-0.535304 -0.594516 -0 0.629662 0.918674
-0.669131 -0.743145 -0 0.654907 0.871062
-0.62932 -0.777146 -0 0.646001 0.865508
-0.62932 -0.777146 -0 0.646001 0.865508
-0.669131 -0.743145 -0 0.654907 0.871062
-0.755184 -0.932575 -0 0.666417 0.817914
-0.669131 -0.743145 -0 0.654907 0.871062
-0.802957 -0.891774 -0 0.676397 0.824597
-0.755184 -0.932575 -0 0.666417 0.817914
-0.755184 -0.932575 -0 0.666417 0.817914
-0.802957 -0.891774 -0 0.676397 0.824597
-0.881049 -1.088 -0 0.683473 0.772805
-0.802957 -0.891774 -0 0.676397 0.824597
-0.936783 -1.0404 -0 0.69434 0.780576
-0.881049 -1.088 -0 0.683473 0.772805
-0.881049 -1.088 -0 0.683473 0.772805
-0.936783 -1.0404 -0 0.69434 0.780576
-1.00691 -1.24343 -0 0.697531 0.730985
-0.936783 -1.0404 -0 0.69434 0.780576
-1.07061 -1.18903 -0 0.709135 0.739768
-1.00691 -1.24343 -0 0.697531 0.730985
-1.00691 -1.24343 -0 0.697531 0.730985
-1.07061 -1.18903 -0 0.709135 0.739768
-1.13278 -1.39886 -0 0.709027 0.692805
-1.07061 -1.18903 -0 0.709135 0.739768
-1.20444 -1.33766 -0 0.721247 0.702501
-1.13278 -1.39886 -0 0.709027 0.692805
-1.13278 -1.39886 -0 0.709027 0.692805
-1.20444 -1.33766 -0 0.721247 0.702501
-1.46085 -1.804 0.04 0.732439 0.602808
-1.20444 -1.33766 -0 0.721247 0.702501
-1.55327 -1.72508 0.04 0.745934 0.614554
-1.46085 -1.804 0.04 0.732439 0.602808
-1.46085 -1.804 0.04 0.732439 0.602808
-1.55327 -1.72508 0.04 0.745934 0.614554
-1.58672 -1.95943 0.16 0.744419 0.555127
-1.55327 -1.72508 0.04 0.745934 0.614554
-1.68709 -1.87371 0.16 0.75847 0.567873
-1.58672 -1.95943 0.16 0.744419 0.555127
-1.58672 -1.95943 0.16 0.744419 0.555127
-1.68709 -1.87371 0.16 0.75847 0.567873
-1.71258 -2.11486 0.36 0.757804 0.495916
-1.68709 -1.87371 0.16 0.75847 0.567873
-1.82092 -2.02234 0.36 0.772452 0.509805
-1.71258 -2.11486 0.36 0.757804 0.495916
-1.71258 -2.11486 0.36 0.757804 0.495916
-1.82092 -2.02234 0.36 0.772452 0.509805
-1.83845 -2.27029 0.64 0.770845 0.425978
-1.82092 -2.02234 0.36 0.772452 0.509805
-1.95474 -2.17096 0.64 0.786098 0.441022
-1.83845 -2.27029 0.64 0.770845 0.425978
-1.83845 -2.27029 0.64 0.770845 0.425978
-1.95474 -2.17096 0.64 0.786098 0.441022
-1.96431 -2.42572 1 0.781467 0.347878
-1.95474 -2.17096 0.64 0.786098 0.441022
-2.08857 -2.31959 1 0.797298 0.363867
-1.96431 -2.42572 1 0.781467 0.347878
-1.96431 -2.42572 1 0.781467 0.347878
-2.08857 -2.31959 1 0.797298 0.363867
-2.09017 -2.58115 1.44 0.787783 0.266151
-2.08857 -2.31959 1 0.797298 0.363867
-2.2224 -2.46822 1.44 0.804118 0.282592
-2.09017 -2.58115 1.44 0.787783 0.266151
-2.09017 -2.58115 1.44 0.787783 0.266151
-2.2224 -2.46822 1.44 0.804118 0.282592
-2.21604 -2.73658 1.96 0.788835 0.186275
-2.2224 -2.46822 1.44 0.804118 0.282592
-2.35622 -2.61685 1.96 0.805528 0.202474
-2.21604 -2.73658 1.96 0.788835 0.186275
-0.117557 -0.373406 -0 0.528252 0.998259
-0.125864 -0.373406 -0 0.530505 0.998018
-0.235114 -0.373406 -0 0.559622 0.993631
-0.125864 -0.373406 -0 0.530505 0.998018
-0.251728 -0.373406 -0 0.563953 0.992775
-0.235114 -0.373406 -0 0.559622 0.993631
-0.235114 -0.373406 -0 0.559622 0.993631
-0.251728 -0.373406 -0 0.563953 0.992775
-0.352671 -0.48541 -0 0.588344 0.959198
-0.251728 -0.373406 -0 0.563953 0.992775
-0.377592 -0.466288 -0 0.594719 0.962315
-0.352671 -0.48541 -0 0.588344 0.959198
-0.352671 -0.48541 -0 0.588344 0.959198
-0.377592 -0.466288 -0 0.594719 0.962315
-0.470228 -0.647214 -0 0.614012 0.910091
-0.377592 -0.466288 -0 0.594719 0.962315
-0.503456 -0.621717 -0 0.622053 0.914246
-0.470228 -0.647214 -0 0.614012 0.910091
-0.470228 -0.647214 -0 0.614012 0.910091
-0.503456 -0.621717 -0 0.622053 0.914246
-0.587785 -0.809017 -0 0.636555 0.860269
-0.503456 -0.621717 -0 0.622053 0.914246
-0.62932 -0.777146 -0 0.646001 0.865508
-0.587785 -0.809017 -0 0.636555 0.860269
-0.587785 -0.809017 -0 0.636555 0.860269
-0.62932 -0.777146 -0 0.646001 0.865508
-0.705342 -0.97082 -0 0.655803 0.811579
-0.62932 -0.777146 -0 0.646001 0.865508
-0.755184 -0.932575 -0 0.666417 0.817914
-0.705342 -0.97082 -0 0.655803 0.811579
-0.705342 -0.97082 -0 0.655803 0.811579
-0.755184 -0.932575 -0 0.666417 0.817914
-0.822899 -1.13262 -0 0.671892 0.765405
-0.755184 -0.932575 -0 0.666417 0.817914
-0.881049 -1.088 -0 0.683473 0.772805
-0.822899 -1.13262 -0 0.671892 0.765405
-0.822899 -1.13262 -0 0.671892 0.765405
-0.881049 -1.088 -0 0.683473 0.772805
-0.940456 -1.29443 -0 0.685148 0.722593
-0.881049 -1.088 -0 0.683473 0.772805
-1.00691 -1.24343 -0 0.697531 0.730985
-0.940456 -1.29443 -0 0.685148 0.722593
-0.940456 -1.29443 -0 0.685148 0.722593
-1.00691 -1.24343 -0 0.697531 0.730985
-1.05801 -1.45623 -0 0.695977 0.683515
-1.00691 -1.24343 -0 0.697531 0.730985
-1.13278 -1.39886 -0 0.709027 0.692805
-1.05801 -1.45623 -0 0.695977 0.683515
-1.05801 -1.45623 -0 0.695977 0.683515
-1.13278 -1.39886 -0 0.709027 0.692805
-1.36444 -1.87799 0.04 0.718019 0.591504
-1.13278 -1.39886 -0 0.709027 0.692805
-1.46085 -1.804 0.04 0.732439 0.602808
-1.36444 -1.87799 0.04 0.718019 0.591504
-1.36444 -1.87799 0.04 0.718019 0.591504
-1.46085 -1.804 0.04 0.732439 0.602808
-1.48199 -2.03979 0.16 0.729406 0.542836
-1.46085 -1.804 0.04 0.732439 0.602808
-1.58672 -1.95943 0.16 0.744419 0.555127
-1.48199 -2.03979 0.16 0.729406 0.542836
-1.48199 -2.03979 0.16 0.729406 0.542836
-1.58672 -1.95943 0.16 0.744419 0.555127
-1.59955 -2.20159 0.36 0.742161 0.482496
-1.58672 -1.95943 0.16 0.744419 0.555127
-1.71258 -2.11486 0.36 0.757804 0.495916
-1.59955 -2.20159 0.36 0.742161 0.482496
-1.59955 -2.20159 0.36 0.742161 0.482496
-1.71258 -2.11486 0.36 0.757804 0.495916
-1.71711 -2.3634 0.64 0.754585 0.411414
-1.71258 -2.11486 0.36 0.757804 0.495916
-1.83845 -2.27029 0.64 0.770845 0.425978
-1.71711 -2.3634 0.64 0.754585 0.411414
-1.71711 -2.3634 0.64 0.754585 0.411414
-1.83845 -2.27029 0.64 0.770845 0.425978
-1.83467 -2.5252 1 0.764653 0.332381
-1.83845 -2.27029 0.64 0.770845 0.425978
-1.96431 -2.42572 1 0.781467 0.347878
-1.83467 -2.5252 1 0.764653 0.332381
-1.83467 -2.5252 1 0.764653 0.332381
-1.96431 -2.42572 1 0.781467 0.347878
-1.95222 -2.687 1.44 0.770531 0.250213
-1.96431 -2.42572 1 0.781467 0.347878
-2.09017 -2.58115 1.44 0.787783 0.266151
-1.95222 -2.687 1.44 0.770531 0.250213
-1.95222 -2.687 1.44 0.770531 0.250213
-2.09017 -2.58115 1.44 0.787783 0.266151
-2.06978 -2.84881 1.96 0.771326 0.170586
-2.09017 -2.58115 1.44 0.787783 0.266151
-2.21604 -2.73658 1.96 0.788835 0.186275
-2.06978 -2.84881 1.96 0.771326 0.170586
-0.108928 -0.373406 -0 0.525906 0.998495
-0.117557 -0.373406 -0 0.528252 0.998259
-0.217856 -0.373406 -0 0.555093 0.994469
-0.117557 -0.373406 -0 0.528252 0.998259
-0.235114 -0.373406 -0 0.559622 0.993631
-0.217856 -0.373406 -0 0.555093 0.994469
-0.217856 -0.373406 -0 0.555093 0.994469
-0.235114 -0.373406 -0 0.559622 0.993631
-0.326783 -0.503202 -0 0.581666 0.956308
-0.235114 -0.373406 -0 0.559622 0.993631
-0.352671 -0.48541 -0 0.588344 0.959198
-0.326783 -0.503202 -0 0.581666 0.956308
-0.326783 -0.503202 -0 0.581666 0.956308
-0.352671 -0.48541 -0 0.588344 0.959198
-0.435711 -0.670936 -0 0.605554 0.906218
-0.352671 -0.48541 -0 0.588344 0.959198
-0.470228 -0.647214 -0 0.614012 0.910091
-0.435711 -0.670936 -0 0.605554 0.906218
-0.435711 -0.670936 -0 0.605554 0.906218
-0.470228 -0.647214 -0 0.614012 0.910091
-0.544639 -0.838671 -0 0.626584 0.855357
-0.470228 -0.647214 -0 0.614012 0.910091
-0.587785 -0.809017 -0 0.636555 0.860269
-0.544639 -0.838671 -0 0.626584 0.855357
-0.544639 -0.838671 -0 0.626584 0.855357
-0.587785 -0.809017 -0 0.636555 0.860269
-0.653567 -1.0064 -0 0.644567 0.805605
-0.587785 -0.809017 -0 0.636555 0.860269
-0.705342 -0.97082 -0 0.655803 0.811579
-0.653567 -1.0064 -0 0.644567 0.805605
-0.653567 -1.0064 -0 0.644567 0.805605
-0.705342 -0.97082 -0 0.655803 0.811579
-0.762495 -1.17414 -0 0.659606 0.758397
-0.705342 -0.97082 -0 0.655803 0.811579
-0.822899 -1.13262 -0 0.671892 0.765405
-0.762495 -1.17414 -0 0.659606 0.758397
-0.762495 -1.17414 -0 0.659606 0.758397
-0.822899 -1.13262 -0 0.671892 0.765405
-0.871422 -1.34187 -0 0.671994 0.714617
-0.822899 -1.13262 -0 0.671892 0.765405
-0.940456 -1.29443 -0 0.685148 0.722593
-0.871422 -1.34187 -0 0.671994 0.714617
-0.871422 -1.34187 -0 0.671994 0.714617
-0.940456 -1.29443 -0 0.685148 0.722593
-0.98035 -1.50961 -0 0.682103 0.674663
-0.940456 -1.29443 -0 0.685148 0.722593
-1.05801 -1.45623 -0 0.695977 0.683515
-0.98035 -1.50961 -0 0.682103 0.674663
-0.98035 -1.50961 -0 0.682103 0.674663
-1.05801 -1.45623 -0 0.695977 0.683515
-1.26428 -1.94682 0.04 0.70268 0.580684
-1.05801 -1.45623 -0 0.695977 0.683515
-1.36444 -1.87799 0.04 0.718019 0.591504
-1.26428 -1.94682 0.04 0.70268 0.580684
-1.26428 -1.94682 0.04 0.70268 0.580684
-1.36444 -1.87799 0.04 0.718019 0.591504
-1.37321 -2.11456 0.16 0.713432 0.531048
-1.36444 -1.87799 0.04 0.718019 0.591504
-1.48199 -2.03979 0.16 0.729406 0.542836
-1.37321 -2.11456 0.16 0.713432 0.531048
-1.37321 -2.11456 0.16 0.713432 0.531048
-1.48199 -2.03979 0.16 0.729406 0.542836
-1.48214 -2.28229 0.36 0.72552 0.4696
-1.48199 -2.03979 0.16 0.729406 0.542836
-1.59955 -2.20159 0.36 0.742161 0.482496
-1.48214 -2.28229 0.36 0.72552 0.4696
-1.48214 -2.28229 0.36 0.72552 0.4696
-1.59955 -2.20159 0.36 0.742161 0.482496
-1.59107 -2.45003 0.64 0.73731 0.397396
-1.59955 -2.20159 0.36 0.742161 0.482496
-1.71711 -2.3634 0.64 0.754585 0.411414
-1.59107 -2.45003 0.64 0.73731 0.397396
-1.59107 -2.45003 0.64 0.73731 0.397396
-1.71711 -2.3634 0.64 0.754585 0.411414
-1.69999 -2.61776 1 0.746845 0.317447
-1.71711 -2.3634 0.64 0.754585 0.411414
-1.83467 -2.5252 1 0.764653 0.332381
-1.69999 -2.61776 1 0.746845 0.317447
-1.69999 -2.61776 1 0.746845 0.317447
-1.83467 -2.5252 1 0.764653 0.332381
-1.80892 -2.78549 1.44 0.752352 0.23485
-1.83467 -2.5252 1 0.764653 0.332381
-1.95222 -2.687 1.44 0.770531 0.250213
-1.80892 -2.78549 1.44 0.752352 0.23485
-1.80892 -2.78549 1.44 0.752352 0.23485
-1.95222 -2.687 1.44 0.770531 0.250213
-1.91785 -2.95323 1.96 0.752996 0.155476
-1.95222 -2.687 1.44 0.770531 0.250213
-2.06978 -2.84881 1.96 0.771326 0.170586
-1.91785 -2.95323 1.96 0.752996 0.155476
-0.1 -0.373406 -0 0.523474 0.998724
-0.108928 -0.373406 -0 0.525906 0.998495
-0.2 -0.373406 -0 0.550378 0.99528
-0.108928 -0.373406 -0 0.525906 0.998495
-0.217856 -0.373406 -0 0.555093 0.994469
-0.2 -0.373406 -0 0.550378 0.99528
-0.2 -0.373406 -0 0.550378 0.99528
-0.217856 -0.373406 -0 0.555093 0.994469
-0.3 -0.519615 -0 0.574699 0.953649
-0.217856 -0.373406 -0 0.555093 0.994469
-0.326783 -0.503202 -0 0.581666 0.956308
-0.3 -0.519615 -0 0.574699 0.953649
-0.3 -0.519615 -0 0.574699 0.953649
-0.326783 -0.503202 -0 0.581666 0.956308
-0.4 -0.69282 -0 0.596696 0.902633
-0.326783 -0.503202 -0 0.581666 0.956308
-0.435711 -0.670936 -0 0.605554 0.906218
-0.4 -0.69282 -0 0.596696 0.902633
-0.4 -0.69282 -0 0.596696 0.902633
-0.435711 -0.670936 -0 0.605554 0.906218
-0.5 -0.866025 -0 0.616106 0.850781
-0.435711 -0.670936 -0 0.605554 0.906218
-0.544639 -0.838671 -0 0.626584 0.855357
-0.5 -0.866025 -0 0.616106 0.850781
-0.5 -0.866025 -0 0.616106 0.850781
-0.544639 -0.838671 -0 0.626584 0.855357
-0.6 -1.03923 -0 0.632727 0.800009
-0.544639 -0.838671 -0 0.626584 0.855357
-0.653567 -1.0064 -0 0.644567 0.805605
-0.6 -1.03923 -0 0.632727 0.800009
-0.6 -1.03923 -0 0.632727 0.800009
-0.653567 -1.0064 -0 0.644567 0.805605
-0.7 -1.21244 -0 0.646635 0.751803
-0.653567 -1.0064 -0 0.644567 0.805605
-0.762495 -1.17414 -0 0.659606 0.758397
-0.7 -1.21244 -0 0.646635 0.751803
-0.7 -1.21244 -0 0.646635 0.751803
-0.762495 -1.17414 -0 0.659606 0.758397
-0.8 -1.38564 -0 0.658087 0.707086
-0.762495 -1.17414 -0 0.659606 0.758397
-0.871422 -1.34187 -0 0.671994 0.714617
-0.8 -1.38564 -0 0.658087 0.707086
-0.8 -1.38564 -0 0.658087 0.707086
-0.871422 -1.34187 -0 0.671994 0.714617
-0.9 -1.55885 -0 0.667424 0.666283
-0.871422 -1.34187 -0 0.671994 0.714617
-0.98035 -1.50961 -0 0.682103 0.674663
-0.9 -1.55885 -0 0.667424 0.666283
-0.9 -1.55885 -0 0.667424 0.666283
-0.98035 -1.50961 -0 0.682103 0.674663
-1.16066 -2.01032 0.04 0.68644 0.570394
-0.98035 -1.50961 -0 0.682103 0.674663
-1.26428 -1.94682 0.04 0.70268 0.580684
-1.16066 -2.01032 0.04 0.68644 0.570394
-1.16066 -2.01032 0.04 0.68644 0.570394
-1.26428 -1.94682 0.04 0.70268 0.580684
-1.26066 -2.18353 0.16 0.696512 0.519816
-1.26428 -1.94682 0.04 0.70268 0.580684
-1.37321 -2.11456 0.16 0.713432 0.531048
-1.26066 -2.18353 0.16 0.696512 0.519816
-1.26066 -2.18353 0.16 0.696512 0.519816
-1.37321 -2.11456 0.16 0.713432 0.531048
-1.36066 -2.35673 0.36 0.707893 0.45729
-1.37321 -2.11456 0.16 0.713432 0.531048
-1.48214 -2.28229 0.36 0.72552 0.4696
-1.36066 -2.35673 0.36 0.707893 0.45729
-1.36066 -2.35673 0.36 0.707893 0.45729
-1.48214 -2.28229 0.36 0.72552 0.4696
-1.46066 -2.52994 0.64 0.719027 0.383993
-1.48214 -2.28229 0.36 0.72552 0.4696
-1.59107 -2.45003 0.64 0.73731 0.397396
-1.46066 -2.52994 0.64 0.719027 0.383993
-1.66066 -2.87635 1.44 0.733249 0.220141
-1.80892 -2.78549 1.44 0.752352 0.23485
-1.76066 -3.04955 1.96 0.73385 0.141021
-1.80892 -2.78549 1.44 0.752352 0.23485
-1.91785 -2.95323 1.96 0.752996 0.155476
-1.76066 -3.04955 1.96 0.73385 0.141021
-0.0907981 -0.373406 -0 0.520963 0.998944
-0.1 -0.373406 -0 0.523474 0.998724
-0.181596 -0.373406 -0 0.545487 0.996056
-0.1 -0.373406 -0 0.523474 0.998724
-0.2 -0.373406 -0 0.550378 0.99528
-0.181596 -0.373406 -0 0.545487 0.996056
-0.181596 -0.373406 -0 0.545487 0.996056
-0.2 -0.373406 -0 0.550378 0.99528
-0.272394 -0.534604 -0 0.567462 0.951226
-0.2 -0.373406 -0 0.550378 0.99528
-0.3 -0.519615 -0 0.574699 0.953649
-0.272394 -0.534604 -0 0.567462 0.951226
-0.272394 -0.534604 -0 0.567462 0.951226
-0.3 -0.519615 -0 0.574699 0.953649
-0.363192 -0.712805 -0 0.587458 0.899345
-0.3 -0.519615 -0 0.574699 0.953649
-0.4 -0.69282 -0 0.596696 0.902633
-0.363192 -0.712805 -0 0.587458 0.899345
-1.50785 -2.95932 1.44 0.713235 0.206172
-1.66066 -2.87635 1.44 0.733249 0.220141
-1.59865 -3.13752 1.96 0.713901 0.127303
-1.66066 -2.87635 1.44 0.733249 0.220141
-1.76066 -3.04955 1.96 0.73385 0.141021
-1.59865 -3.13752 1.96 0.713901 0.127303
-0.0813473 -0.373406 -0 0.518378 0.999151
-0.0907981 -0.373406 -0 0.520963 0.998944
-0.162695 -0.373406 -0 0.540433 0.996787
-0.0907981 -0.373406 -0 0.520963 0.998944
-0.181596 -0.373406 -0 0.545487 0.996056
-0.162695 -0.373406 -0 0.540433 0.996787
-0.162695 -0.373406 -0 0.540433 0.996787
-0.181596 -0.373406 -0 0.545487 0.996056
-0.244042 -0.548127 -0 0.559973 0.949043
-0.181596 -0.373406 -0 0.545487 0.996056
-0.272394 -0.534604 -0 0.567462 0.951226
-0.244042 -0.548127 -0 0.559973 0.949043
-1.3509 -3.03418 1.44 0.692338 0.193033
-1.50785 -2.95932 1.44 0.713235 0.206172
-1.43225 -3.21689 1.96 0.693175 0.114405
-1.50785 -2.95932 1.44 0.713235 0.206172
-1.59865 -3.13752 1.96 0.713901 0.127303
-1.43225 -3.21689 1.96 0.693175 0.114405
-0.0716736 -0.373406 -0 0.515727 0.999345
-0.0813473 -0.373406 -0 0.518378 0.999151
-0.143347 -0.373432 -0 0.53523 0.99746
-0.0813473 -0.373406 -0 0.518378 0.999151
-0.162695 -0.373406 -0 0.540433 0.996787
-0.143347 -0.373432 -0 0.53523 0.99746
-0.143347 -0.373432 -0 0.53523 0.99746
-0.162695 -0.373406 -0 0.540433 0.996787
-0.215021 -0.560148 -0 0.552253 0.947106
-0.162695 -0.373406 -0 0.540433 0.996787
-0.244042 -0.548127 -0 0.559973 0.949043
-0.215021 -0.560148 -0 0.552253 0.947106
-1.19025 -3.10072 1.44 0.670599 0.180813
-1.3509 -3.03418 1.44 0.692338 0.193033
-1.26193 -3.28744 1.96 0.671711 0.102412
-1.3509 -3.03418 1.44 0.692338 0.193033
-1.43225 -3.21689 1.96 0.693175 0.114405
-1.26193 -3.28744 1.96 0.671711 0.102412
-0.0618034 -0.373406 -0 0.513017 0.999523
-0.0716736 -0.373406 -0 0.515727 0.999345
-0.123607 -0.380423 -0 0.529824 0.996354
-0.0716736 -0.373406 -0 0.515727 0.999345
-0.143347 -0.373432 -0 0.53523 0.99746
-0.123607 -0.380423 -0 0.529824 0.996354
-0.123607 -0.380423 -0 0.529824 0.996354
-0.143347 -0.373432 -0 0.53523 0.99746
-0.18541 -0.570634 -0 0.544324 0.945416
-0.143347 -0.373432 -0 0.53523 0.99746
-0.215021 -0.560148 -0 0.552253 0.947106
-0.18541 -0.570634 -0 0.544324 0.945416
-1.02634 -3.15876 1.44 0.648076 0.169603
-1.19025 -3.10072 1.44 0.670599 0.180813
-1.08815 -3.34897 1.96 0.649559 0.0914103
-1.19025 -3.10072 1.44 0.670599 0.180813
-1.26193 -3.28744 1.96 0.671711 0.102412
-1.08815 -3.34897 1.96 0.649559 0.0914103
-0.0517638 -0.373406 -0 0.510255 0.999684
-0.0618034 -0.373406 -0 0.513017 0.999523
-0.103528 -0.38637 -0 0.52431 0.995426
-0.0618034 -0.373406 -0 0.513017 0.999523
-0.123607 -0.380423 -0 0.529824 0.996354
-0.103528 -0.38637 -0 0.52431 0.995426
-0.103528 -0.38637 -0 0.52431 0.995426
-0.123607 -0.380423 -0 0.529824 0.996354
-0.155291 -0.579556 -0 0.536211 0.943979
-0.123607 -0.380423 -0 0.529824 0.996354
-0.18541 -0.570634 -0 0.544324 0.945416
-0.155291 -0.579556 -0 0.536211 0.943979
-0.859621 -3.20815 1.44 0.624838 0.15949
-1.02634 -3.15876 1.44 0.648076 0.169603
-0.911385 -3.40133 1.96 0.626781 0.0814802
-1.02634 -3.15876 1.44 0.648076 0.169603
-1.08815 -3.34897 1.96 0.649559 0.0914103
-0.911385 -3.40133 1.96 0.626781 0.0814802
-0.0415823 -0.373406 -0 0.50745 0.999826
-0.0517638 -0.373406 -0 0.510255 0.999684
-0.0831647 -0.391259 -0 0.518702 0.994678
-0.0517638 -0.373406 -0 0.510255 0.999684
-0.103528 -0.38637 -0 0.52431 0.995426
-0.0831647 -0.391259 -0 0.518702 0.994678
-0.0831647 -0.391259 -0 0.518702 0.994678
-0.103528 -0.38637 -0 0.52431 0.995426
-0.124747 -0.586889 -0 0.52794 0.942797
-0.103528 -0.38637 -0 0.52431 0.995426
-0.155291 -0.579556 -0 0.536211 0.943979
-0.124747 -0.586889 -0 0.52794 0.942797
-0.690541 -3.24874 1.44 0.600972 0.150555
-0.859621 -3.20815 1.44 0.624838 0.15949
-0.732124 -3.44437 1.96 0.603452 0.0726978
-0.859621 -3.20815 1.44 0.624838 0.15949
-0.911385 -3.40133 1.96 0.626781 0.0814802
-0.732124 -3.44437 1.96 0.603452 0.0726978
-0.0312869 -0.373406 -0 0.504609 0.999948
-0.0415823 -0.373406 -0 0.50745 0.999826
-0.0625738 -0.395075 -0 0.513019 0.994112
-0.0415823 -0.373406 -0 0.50745 0.999826
-0.0831647 -0.391259 -0 0.518702 0.994678
-0.0625738 -0.395075 -0 0.513019 0.994112
-0.0625738 -0.395075 -0 0.513019 0.994112
-0.0831647 -0.391259 -0 0.518702 0.994678
-0.0938607 -0.592613 -0 0.519538 0.941875
-0.0831647 -0.391259 -0 0.518702 0.994678
-0.124747 -0.586889 -0 0.52794 0.942797
-0.0938607 -0.592613 -0 0.519538 0.941875
-0.519569 -3.28043 1.44 0.576573 0.142874
-0.690541 -3.24874 1.44 0.600972 0.150555
-0.550856 -3.47797 1.96 0.579657 0.0651318
-0.690541 -3.24874 1.44 0.600972 0.150555
-0.732124 -3.44437 1.96 0.603452 0.0726978
-0.550856 -3.47797 1.96 0.579657 0.0651318
-0.0209057 -0.373406 -0 0.501739 1.00005
-0.0312869 -0.373406 -0 0.504609 0.999948
-0.0418114 -0.397809 -0 0.507279 0.993728
-0.0312869 -0.373406 -0 0.504609 0.999948
-0.0625738 -0.395075 -0 0.513019 0.994112
-0.0418114 -0.397809 -0 0.507279 0.993728
-0.0418114 -0.397809 -0 0.507279 0.993728
-0.0625738 -0.395075 -0 0.513019 0.994112
-0.0627171 -0.596713 -0 0.511034 0.941213
-0.0625738 -0.395075 -0 0.513019 0.994112
-0.0938607 -0.592613 -0 0.519538 0.941875
-0.0627171 -0.596713 -0 0.511034 0.941213
-0.347172 -3.30313 1.44 0.55175 0.136511
-0.519569 -3.28043 1.44 0.576573 0.142874
-0.368078 -3.50203 1.96 0.55549 0.0588418
-0.519569 -3.28043 1.44 0.576573 0.142874
-0.550856 -3.47797 1.96 0.579657 0.0651318
-0.368078 -3.50203 1.96 0.55549 0.0588418
-0.0104672 -0.373406 -0 0.49885 1.00013
-0.0209057 -0.373406 -0 0.501739 1.00005
-0.0209344 -0.399452 -0 0.501499 0.993529
-0.0209057 -0.373406 -0 0.501739 1.00005
-0.0418114 -0.397809 -0 0.507279 0.993728
-0.0209344 -0.399452 -0 0.501499 0.993529
-0.0209344 -0.399452 -0 0.501499 0.993529
-0.0418114 -0.397809 -0 0.507279 0.993728
-0.0314016 -0.599178 -0 0.502456 0.940815
-0.0418114 -0.397809 -0 0.507279 0.993728
-0.0627171 -0.596713 -0 0.511034 0.941213
-0.0314016 -0.599178 -0 0.502456 0.940815
-0.173824 -3.31677 1.44 0.526618 0.13152
-0.347172 -3.30313 1.44 0.55175 0.136511
-0.184292 -3.51649 1.96 0.531051 0.0538762
-0.347172 -3.30313 1.44 0.55175 0.136511
-0.368078 -3.50203 1.96 0.55549 0.0588418
-0.184292 -3.51649 1.96 0.531051 0.0538762
-1.22465e-17 -0.373406 -0 0.495949 1.00018
-0.0104672 -0.373406 -0 0.49885 1.00013
-2.44929e-17 -0.4 -0 0.495698 0.993515
-0.0104672 -0.373406 -0 0.49885 1.00013
-0.0209344 -0.399452 -0 0.501499 0.993529
-2.44929e-17 -0.4 -0 0.495698 0.993515
-2.44929e-17 -0.4 -0 0.495698 0.993515
-0.0209344 -0.399452 -0 0.501499 0.993529
-3.67394e-17 -0.6 -0 0.493837 0.940682
-0.0209344 -0.399452 -0 0.501499 0.993529
-0.0314016 -0.599178 -0 0.502456 0.940815
-3.67394e-17 -0.6 -0 0.493837 0.940682
-2.03372e-16 -3.32132 1.44 0.501302 0.127942
-0.173824 -3.31677 1.44 0.526618 0.13152
-2.15619e-16 -3.52132 1.96 0.506449 0.0502706
-0.173824 -3.31677 1.44 0.526618 0.13152
-0.184292 -3.51649 1.96 0.531051 0.0538762
-2.15619e-16 -3.52132 1.96 0.506449 0.0502706
0.0104672 -0.373406 -0 0.493046 1.00021
-1.22465e-17 -0.373406 -0 0.495949 1.00018
0.0209344 -0.399452 -0 0.489894 0.993686
-1.22465e-17 -0.373406 -0 0.495949 1.00018
-2.44929e-17 -0.4 -0 0.495698 0.993515
0.0209344 -0.399452 -0 0.489894 0.993686
0.0209344 -0.399452 -0 0.489894 0.993686
-2.44929e-17 -0.4 -0 0.495698 0.993515
0.0314016 -0.599178 -0 0.485205 0.940816
-2.44929e-17 -0.4 -0 0.495698 0.993515
-3.67394e-17 -0.6 -0 0.493837 0.940682
0.0314016 -0.599178 -0 0.485205 0.940816
0.173824 -3.31677 1.44 0.475927 0.125805
-2.03372e-16 -3.32132 1.44 0.501302 0.127942
0.184292 -3.51649 1.96 0.481791 0.0480481
-2.03372e-16 -3.32132 1.44 0.501302 0.127942
-2.15619e-16 -3.52132 1.96 0.506449 0.0502706
0.184292 -3.51649 1.96 0.481791 0.0480481
0.0209057 -0.373406 -0 0.490147 1.00022
0.0104672 -0.373406 -0 0.493046 1.00021
0.0418114 -0.397809 -0 0.484107 0.994043
0.0104672 -0.373406 -0 0.493046 1.00021
0.0209344 -0.399452 -0 0.489894 0.993686
0.0418114 -0.397809 -0 0.484107 0.994043
0.0418114 -0.397809 -0 0.484107 0.994043
0.0209344 -0.399452 -0 0.489894 0.993686
0.0627171 -0.596713 -0 0.476594 0.941217
0.0209344 -0.399452 -0 0.489894 0.993686
0.0314016 -0.599178 -0 0.485205 0.940816
0.0627171 -0.596713 -0 0.476594 0.941217
0.347172 -3.30313 1.44 0.450621 0.125119
0.173824 -3.31677 1.44 0.475927 0.125805
0.368078 -3.50203 1.96 0.457189 0.0472168
0.173824 -3.31677 1.44 0.475927 0.125805
0.184292 -3.51649 1.96 0.481791 0.0480481
0.368078 -3.50203 1.96 0.457189 0.0472168
0.0312869 -0.373406 -0 0.487262 1.00021
0.0209057 -0.373406 -0 0.490147 1.00022
0.0625738 -0.395075 -0 0.478355 0.994585
0.0209057 -0.373406 -0 0.490147 1.00022
0.0418114 -0.397809 -0 0.484107 0.994043
0.0625738 -0.395075 -0 0.478355 0.994585
0.0625738 -0.395075 -0 0.478355 0.994585
0.0418114 -0.397809 -0 0.484107 0.994043
0.0938607 -0.592613 -0 0.468034 0.941887
0.0418114 -0.397809 -0 0.484107 0.994043
0.0627171 -0.596713 -0 0.476594 0.941217
0.0938607 -0.592613 -0 0.468034 0.941887
0.519569 -3.28043 1.44 0.425509 0.125883
0.347172 -3.30313 1.44 0.450621 0.125119
0.550856 -3.47797 1.96 0.432749 0.0477712
0.347172 -3.30313 1.44 0.450621 0.125119
0.368078 -3.50203 1.96 0.457189 0.0472168
0.550856 -3.47797 1.96 0.432749 0.0477712
0.0415823 -0.373406 -0 0.484398 1.00017
0.0312869 -0.373406 -0 0.487262 1.00021
0.0831647 -0.391259 -0 0.472657 0.995312
0.0312869 -0.373406 -0 0.487262 1.00021
0.0625738 -0.395075 -0 0.478355 0.994585
0.0831647 -0.391259 -0 0.472657 0.995312
0.0831647 -0.391259 -0 0.472657 0.995312
0.0625738 -0.395075 -0 0.478355 0.994585
0.124747 -0.586889 -0 0.459557 0.942825
0.0625738 -0.395075 -0 0.478355 0.994585
0.0938607 -0.592613 -0 0.468034 0.941887
0.124747 -0.586889 -0 0.459557 0.942825
0.690541 -3.24874 1.44 0.400711 0.128078
0.519569 -3.28043 1.44 0.425509 0.125883
0.732124 -3.44437 1.96 0.408574 0.0496912
0.519569 -3.28043 1.44 0.425509 0.125883
0.550856 -3.47797 1.96 0.432749 0.0477712
0.732124 -3.44437 1.96 0.408574 0.0496912
0.0517638 -0.373406 -0 0.481565 1.00012
0.0415823 -0.373406 -0 0.484398 1.00017
0.103528 -0.38637 -0 0.467032 0.996224
0.0415823 -0.373406 -0 0.484398 1.00017
0.0831647 -0.391259 -0 0.472657 0.995312
0.103528 -0.38637 -0 0.467032 0.996224
0.103528 -0.38637 -0 0.467032 0.996224
0.0831647 -0.391259 -0 0.472657 0.995312
0.155291 -0.579556 -0 0.451192 0.944031
0.0831647 -0.391259 -0 0.472657 0.995312
0.124747 -0.586889 -0 0.459557 0.942825
0.155291 -0.579556 -0 0.451192 0.944031
0.859621 -3.20815 1.44 0.37634 0.131672
0.690541 -3.24874 1.44 0.400711 0.128078
0.911385 -3.40133 1.96 0.38476 0.0529445
0.690541 -3.24874 1.44 0.400711 0.128078
0.732124 -3.44437 1.96 0.408574 0.0496912
0.911385 -3.40133 1.96 0.38476 0.0529445
0.0618034 -0.373406 -0 0.47877 1.00004
0.0517638 -0.373406 -0 0.481565 1.00012
0.123607 -0.380423 -0 0.461497 0.99732
0.0517638 -0.373406 -0 0.481565 1.00012
0.103528 -0.38637 -0 0.467032 0.996224
0.123607 -0.380423 -0 0.461497 0.99732
0.123607 -0.380423 -0 0.461497 0.99732
0.103528 -0.38637 -0 0.467032 0.996224
0.18541 -0.570634 -0 0.442971 0.945504
0.103528 -0.38637 -0 0.467032 0.996224
0.155291 -0.579556 -0 0.451192 0.944031
0.18541 -0.570634 -0 0.442971 0.945504
1.02634 -3.15876 1.44 0.352497 0.136621
0.859621 -3.20815 1.44 0.37634 0.131672
1.08815 -3.34897 1.96 0.361395 0.0574859
0.859621 -3.20815 1.44 0.37634 0.131672
0.911385 -3.40133 1.96 0.38476 0.0529445
1.08815 -3.34897 1.96 0.361395 0.0574859
0.0716736 -0.373406 -0 0.476021 0.99994
0.0618034 -0.373406 -0 0.47877 1.00004
0.143347 -0.373432 -0 0.456071 0.998598
0.0618034 -0.373406 -0 0.47877 1.00004
0.123607 -0.380423 -0 0.461497 0.99732
0.143347 -0.373432 -0 0.456071 0.998598
0.143347 -0.373432 -0 0.456071 0.998598
0.123607 -0.380423 -0 0.461497 0.99732
0.215021 -0.560148 -0 0.434923 0.947243
0.123607 -0.380423 -0 0.461497 0.99732
0.18541 -0.570634 -0 0.442971 0.945504
0.215021 -0.560148 -0 0.434923 0.947243
1.19025 -3.10072 1.44 0.329274 0.142867
1.02634 -3.15876 1.44 0.352497 0.136621
1.26193 -3.28744 1.96 0.338555 0.0632608
1.02634 -3.15876 1.44 0.352497 0.136621
1.08815 -3.34897 1.96 0.361395 0.0574859
1.26193 -3.28744 1.96 0.338555 0.0632608
0.0813473 -0.373406 -0 0.473327 0.999823
0.0716736 -0.373406 -0 0.476021 0.99994
0.162695 -0.373406 -0 0.450699 0.998057
0.0716736 -0.373406 -0 0.476021 0.99994
0.143347 -0.373432 -0 0.456071 0.998598
0.162695 -0.373406 -0 0.450699 0.998057
0.162695 -0.373406 -0 0.450699 0.998057
0.143347 -0.373432 -0 0.456071 0.998598
0.244042 -0.548127 -0 0.427074 0.949246
0.143347 -0.373432 -0 0.456071 0.998598
0.215021 -0.560148 -0 0.434923 0.947243
0.244042 -0.548127 -0 0.427074 0.949246
1.3509 -3.03418 1.44 0.306746 0.150345
1.19025 -3.10072 1.44 0.329274 0.142867
1.43225 -3.21689 1.96 0.316303 0.0702061
1.19025 -3.10072 1.44 0.329274 0.142867
1.26193 -3.28744 1.96 0.338555 0.0632608
1.43225 -3.21689 1.96 0.316303 0.0702061
0.0907981 -0.373406 -0 0.470695 0.999691
0.0813473 -0.373406 -0 0.473327 0.999823
0.181596 -0.373406 -0 0.445461 0.997445
0.0813473 -0.373406 -0 0.473327 0.999823
0.162695 -0.373406 -0 0.450699 0.998057
0.181596 -0.373406 -0 0.445461 0.997445
0.181596 -0.373406 -0 0.445461 0.997445
0.162695 -0.373406 -0 0.450699 0.998057
0.272394 -0.534604 -0 0.419452 0.951512
0.162695 -0.373406 -0 0.450699 0.998057
0.244042 -0.548127 -0 0.427074 0.949246
0.272394 -0.534604 -0 0.419452 0.951512
1.50785 -2.95932 1.44 0.284972 0.158981
1.3509 -3.03418 1.44 0.306746 0.150345
1.59865 -3.13752 1.96 0.294692 0.0782533
1.3509 -3.03418 1.44 0.306746 0.150345
1.43225 -3.21689 1.96 0.316303 0.0702061
1.59865 -3.13752 1.96 0.294692 0.0782533
0.1 -0.373406 -0 0.468132 0.999543
0.0907981 -0.373406 -0 0.470695 0.999691
0.2 -0.373406 -0 0.440372 0.996778
0.0907981 -0.373406 -0 0.470695 0.999691
0.181596 -0.373406 -0 0.445461 0.997445
0.2 -0.373406 -0 0.440372 0.996778
0.2 -0.373406 -0 0.440372 0.996778
0.181596 -0.373406 -0 0.445461 0.997445
0.3 -0.519615 -0 0.412082 0.954037
0.181596 -0.373406 -0 0.445461 0.997445
0.272394 -0.534604 -0 0.419452 0.951512
0.3 -0.519615 -0 0.412082 0.954037
0.3 -0.519615 -0 0.412082 0.954037
0.272394 -0.534604 -0 0.419452 0.951512
0.4 -0.69282 -0 0.385635 0.900261
1.66066 -2.87635 1.44 0.263999 0.168699
1.50785 -2.95932 1.44 0.284972 0.158981
1.76066 -3.04955 1.96 0.273761 0.0873302
1.50785 -2.95932 1.44 0.284972 0.158981
1.59865 -3.13752 1.96 0.294692 0.0782533
1.76066 -3.04955 1.96 0.273761 0.0873302
0.108928 -0.373406 -0 0.465646 0.999382
0.1 -0.373406 -0 0.468132 0.999543
0.217856 -0.373406 -0 0.435449 0.996064
0.1 -0.373406 -0 0.468132 0.999543
0.2 -0.373406 -0 0.440372 0.996778
0.217856 -0.373406 -0 0.435449 0.996064
0.217856 -0.373406 -0 0.435449 0.996064
0.2 -0.373406 -0 0.440372 0.996778
0.326783 -0.503202 -0 0.404987 0.956819
0.2 -0.373406 -0 0.440372 0.996778
0.3 -0.519615 -0 0.412082 0.954037
0.326783 -0.503202 -0 0.404987 0.956819
0.326783 -0.503202 -0 0.404987 0.956819
0.3 -0.519615 -0 0.412082 0.954037
0.435711 -0.670936 -0 0.376497 0.903784
0.3 -0.519615 -0 0.412082 0.954037
0.4 -0.69282 -0 0.385635 0.900261
0.435711 -0.670936 -0 0.376497 0.903784
0.762495 -1.17414 -0 0.311734 0.742059
0.7 -1.21244 -0 0.325295 0.73642
0.871422 -1.34187 -0 0.297185 0.693618
0.7 -1.21244 -0 0.325295 0.73642
0.8 -1.38564 -0 0.311705 0.687347
0.871422 -1.34187 -0 0.297185 0.693618
0.871422 -1.34187 -0 0.297185 0.693618
0.8 -1.38564 -0 0.311705 0.687347
0.98035 -1.50961 -0 0.285533 0.64951
0.8 -1.38564 -0 0.311705 0.687347
0.9 -1.55885 -0 0.300815 0.642668
0.98035 -1.50961 -0 0.285533 0.64951
0.98035 -1.50961 -0 0.285533 0.64951
0.9 -1.55885 -0 0.300815 0.642668
1.26428 -1.94682 0.04 0.263775 0.546896
0.9 -1.55885 -0 0.300815 0.642668
1.16066 -2.01032 0.04 0.28054 0.538762
1.26428 -1.94682 0.04 0.263775 0.546896
1.26428 -1.94682 0.04 0.263775 0.546896
1.16066 -2.01032 0.04 0.28054 0.538762
1.37321 -2.11456 0.16 0.255177 0.493409
1.16066 -2.01032 0.04 0.28054 0.538762
1.26066 -2.18353 0.16 0.272666 0.484604
1.37321 -2.11456 0.16 0.255177 0.493409
1.37321 -2.11456 0.16 0.255177 0.493409
1.26066 -2.18353 0.16 0.272666 0.484604
1.48214 -2.28229 0.36 0.247145 0.427523
1.80892 -2.78549 1.44 0.243856 0.179419
1.66066 -2.87635 1.44 0.263999 0.168699
1.91785 -2.95323 1.96 0.253536 0.0973642
1.66066 -2.87635 1.44 0.263999 0.168699
1.76066 -3.04955 1.96 0.273761 0.0873302
1.91785 -2.95323 1.96 0.253536 0.0973642
0.117557 -0.373406 -0 0.463244 0.999211
0.108928 -0.373406 -0 0.465646 0.999382
0.235114 -0.373406 -0 0.430704 0.995312
0.108928 -0.373406 -0 0.465646 0.999382
0.217856 -0.373406 -0 0.435449 0.996064
0.235114 -0.373406 -0 0.430704 0.995312
0.235114 -0.373406 -0 0.430704 0.995312
0.217856 -0.373406 -0 0.435449 0.996064
0.352671 -0.48541 -0 0.398188 0.959854
0.217856 -0.373406 -0 0.435449 0.996064
0.326783 -0.503202 -0 0.404987 0.956819
0.352671 -0.48541 -0 0.398188 0.959854
0.352671 -0.48541 -0 0.398188 0.959854
0.326783 -0.503202 -0 0.404987 0.956819
0.470228 -0.647214 -0 0.367769 0.907642
0.326783 -0.503202 -0 0.404987 0.956819
0.435711 -0.670936 -0 0.376497 0.903784
0.470228 -0.647214 -0 0.367769 0.907642
0.470228 -0.647214 -0 0.367769 0.907642
0.435711 -0.670936 -0 0.376497 0.903784
0.587785 -0.809017 -0 0.340854 0.853431
0.435711 -0.670936 -0 0.376497 0.903784
0.544639 -0.838671 -0 0.351234 0.84877
0.587785 -0.809017 -0 0.340854 0.853431
0.587785 -0.809017 -0 0.340854 0.853431
0.544639 -0.838671 -0 0.351234 0.84877
0.705342 -0.97082 -0 0.317897 0.799652
0.544639 -0.838671 -0 0.351234 0.84877
0.653567 -1.0064 -0 0.329646 0.794205
0.705342 -0.97082 -0 0.317897 0.799652
0.705342 -0.97082 -0 0.317897 0.799652
0.653567 -1.0064 -0 0.329646 0.794205
0.822899 -1.13262 -0 0.298874 0.748255
0.653567 -1.0064 -0 0.329646 0.794205
0.762495 -1.17414 -0 0.311734 0.742059
0.822899 -1.13262 -0 0.298874 0.748255
0.822899 -1.13262 -0 0.298874 0.748255
0.762495 -1.17414 -0 0.311734 0.742059
0.940456 -1.29443 -0 0.283435 0.700506
0.762495 -1.17414 -0 0.311734 0.742059
0.871422 -1.34187 -0 0.297185 0.693618
0.940456 -1.29443 -0 0.283435 0.700506
0.940456 -1.29443 -0 0.283435 0.700506
0.871422 -1.34187 -0 0.297185 0.693618
1.05801 -1.45623 -0 0.271071 0.657019
0.871422 -1.34187 -0 0.297185 0.693618
0.98035 -1.50961 -0 0.285533 0.64951
1.05801 -1.45623 -0 0.271071 0.657019
1.05801 -1.45623 -0 0.271071 0.657019
0.98035 -1.50961 -0 0.285533 0.64951
1.36444 -1.87799 0.04 0.247918 0.5558
0.98035 -1.50961 -0 0.285533 0.64951
1.26428 -1.94682 0.04 0.263775 0.546896
1.36444 -1.87799 0.04 0.247918 0.5558
1.36444 -1.87799 0.04 0.247918 0.5558
1.26428 -1.94682 0.04 0.263775 0.546896
1.48199 -2.03979 0.16 0.238632 0.50303
1.26428 -1.94682 0.04 0.263775 0.546896
1.37321 -2.11456 0.16 0.255177 0.493409
1.48199 -2.03979 0.16 0.238632 0.50303
1.48199 -2.03979 0.16 0.238632 0.50303
1.37321 -2.11456 0.16 0.255177 0.493409
1.59955 -2.20159 0.36 0.229828 0.437954
1.37321 -2.11456 0.16 0.255177 0.493409
1.48214 -2.28229 0.36 0.247145 0.427523
1.59955 -2.20159 0.36 0.229828 0.437954
1.59955 -2.20159 0.36 0.229828 0.437954
1.48214 -2.28229 0.36 0.247145 0.427523
1.71711 -2.3634 0.64 0.223307 0.361724
1.48214 -2.28229 0.36 0.247145 0.427523
1.59107 -2.45003 0.64 0.241405 0.350526
1.71711 -2.3634 0.64 0.223307 0.361724
1.71711 -2.3634 0.64 0.223307 0.361724
1.59107 -2.45003 0.64 0.241405 0.350526
1.83467 -2.5252 1 0.221056 0.27761
1.59107 -2.45003 0.64 0.241405 0.350526
1.69999 -2.61776 1 0.23985 0.265919
1.83467 -2.5252 1 0.221056 0.27761
1.83467 -2.5252 1 0.221056 0.27761
1.69999 -2.61776 1 0.23985 0.265919
1.95222 -2.687 1.44 0.224558 0.191064
1.69999 -2.61776 1 0.23985 0.265919
1.80892 -2.78549 1.44 0.243856 0.179419
1.95222 -2.687 1.44 0.224558 0.191064
1.95222 -2.687 1.44 0.224558 0.191064
1.80892 -2.78549 1.44 0.243856 0.179419
2.06978 -2.84881 1.96 0.234033 0.108284
1.80892 -2.78549 1.44 0.243856 0.179419
1.91785 -2.95323 1.96 0.253536 0.0973642
2.06978 -2.84881 1.96 0.234033 0.108284
0.125864 -0.373406 -0 0.460933 0.999031
0.117557 -0.373406 -0 0.463244 0.999211
0.251728 -0.373406 -0 0.426151 0.99453
0.117557 -0.373406 -0 0.463244 0.999211
0.235114 -0.373406 -0 0.430704 0.995312
0.251728 -0.373406 -0 0.426151 0.99453
0.251728 -0.373406 -0 0.426151 0.99453
0.235114 -0.373406 -0 0.430704 0.995312
0.377592 -0.466288 -0 0.391705 0.96314
0.235114 -0.373406 -0 0.430704 0.995312
0.352671 -0.48541 -0 0.398188 0.959854
0.377592 -0.466288 -0 0.391705 0.96314
0.377592 -0.466288 -0 0.391705 0.96314
0.352671 -0.48541 -0 0.398188 0.959854
0.503456 -0.621717 -0 0.359474 0.91183
0.352671 -0.48541 -0 0.398188 0.959854
0.470228 -0.647214 -0 0.367769 0.907642
0.503456 -0.621717 -0 0.359474 0.91183
0.503456 -0.621717 -0 0.359474 0.91183
0.470228 -0.647214 -0 0.367769 0.907642
0.62932 -0.777146 -0 0.33102 0.858499
0.470228 -0.647214 -0 0.367769 0.907642
0.587785 -0.809017 -0 0.340854 0.853431
0.62932 -0.777146 -0 0.33102 0.858499
0.62932 -0.777146 -0 0.33102 0.858499
0.587785 -0.809017 -0 0.340854 0.853431
0.755184 -0.932575 -0 0.306794 0.805575
0.587785 -0.809017 -0 0.340854 0.853431
0.705342 -0.97082 -0 0.317897 0.799652
0.755184 -0.932575 -0 0.306794 0.805575
0.755184 -0.932575 -0 0.306794 0.805575
0.705342 -0.97082 -0 0.317897 0.799652
0.881049 -1.088 -0 0.286744 0.754991
0.705342 -0.97082 -0 0.317897 0.799652
0.822899 -1.13262 -0 0.298874 0.748255
0.881049 -1.088 -0 0.286744 0.754991
0.881049 -1.088 -0 0.286744 0.754991
0.822899 -1.13262 -0 0.298874 0.748255
1.00691 -1.24343 -0 0.270479 0.707989
0.822899 -1.13262 -0 0.298874 0.748255
0.940456 -1.29443 -0 0.283435 0.700506
1.00691 -1.24343 -0 0.270479 0.707989
1.00691 -1.24343 -0 0.270479 0.707989
0.940456 -1.29443 -0 0.283435 0.700506
1.13278 -1.39886 -0 0.257454 0.665169
0.940456 -1.29443 -0 0.283435 0.700506
1.05801 -1.45623 -0 0.271071 0.657019
1.13278 -1.39886 -0 0.257454 0.665169
1.13278 -1.39886 -0 0.257454 0.665169
1.05801 -1.45623 -0 0.271071 0.657019
1.46085 -1.804 0.04 0.232989 0.565432
1.05801 -1.45623 -0 0.271071 0.657019
1.36444 -1.87799 0.04 0.247918 0.5558
1.46085 -1.804 0.04 0.232989 0.565432
1.46085 -1.804 0.04 0.232989 0.565432
1.36444 -1.87799 0.04 0.247918 0.5558
1.58672 -1.95943 0.16 0.223049 0.513418
1.36444 -1.87799 0.04 0.247918 0.5558
1.48199 -2.03979 0.16 0.238632 0.50303
1.58672 -1.95943 0.16 0.223049 0.513418
1.58672 -1.95943 0.16 0.223049 0.513418
1.48199 -2.03979 0.16 0.238632 0.50303
1.71258 -2.11486 0.36 0.213496 0.449194
1.48199 -2.03979 0.16 0.238632 0.50303
1.59955 -2.20159 0.36 0.229828 0.437954
1.71258 -2.11486 0.36 0.213496 0.449194
1.71258 -2.11486 0.36 0.213496 0.449194
1.59955 -2.20159 0.36 0.229828 0.437954
1.83845 -2.27029 0.64 0.206191 0.373764
1.59955 -2.20159 0.36 0.229828 0.437954
1.71711 -2.3634 0.64 0.223307 0.361724
1.83845 -2.27029 0.64 0.206191 0.373764
1.83845 -2.27029 0.64 0.206191 0.373764
1.71711 -2.3634 0.64 0.223307 0.361724
1.96431 -2.42572 1 0.2032 0.29016
1.71711 -2.3634 0.64 0.223307 0.361724
1.83467 -2.5252 1 0.221056 0.27761
1.96431 -2.42572 1 0.2032 0.29016
1.96431 -2.42572 1 0.2032 0.29016
1.83467 -2.5252 1 0.221056 0.27761
2.09017 -2.58115 1.44 0.206107 0.203561
1.83467 -2.5252 1 0.221056 0.27761
1.95222 -2.687 1.44 0.224558 0.191064
2.09017 -2.58115 1.44 0.206107 0.203561
2.09017 -2.58115 1.44 0.206107 0.203561
1.95222 -2.687 1.44 0.224558 0.191064
2.21604 -2.73658 1.96 0.215256 0.120021
1.95222 -2.687 1.44 0.224558 0.191064
2.06978 -2.84881 1.96 0.234033 0.108284
2.21604 -2.73658 1.96 0.215256 0.120021
0.133826 -0.373406 -0 0.458718 0.998845
0.125864 -0.373406 -0 0.460933 0.999031
0.267652 -0.373406 -0 0.421802 0.993728
0.125864 -0.373406 -0 0.460933 0.999031
0.251728 -0.373406 -0 0.426151 0.99453
0.267652 -0.373406 -0 0.421802 0.993728
0.267652 -0.373406 -0 0.421802 0.993728
0.251728 -0.373406 -0 0.426151 0.99453
0.401478 -0.445887 -0 0.385555 0.96667
0.251728 -0.373406 -0 0.426151 0.99453
0.377592 -0.466288 -0 0.391705 0.96314
0.401478 -0.445887 -0 0.385555 0.96667
0.401478 -0.445887 -0 0.385555 0.96667
0.377592 -0.466288 -0 0.391705 0.96314
0.535304 -0.594516 -0 0.351633 0.916343
0.377592 -0.466288 -0 0.391705 0.96314
0.503456 -0.621717 -0 0.359474 0.91183
0.535304 -0.594516 -0 0.351633 0.916343
0.535304 -0.594516 -0 0.351633 0.916343
0.503456 -0.621717 -0 0.359474 0.91183
0.669131 -0.743145 -0 0.321754 0.863966
0.503456 -0.621717 -0 0.359474 0.91183
0.62932 -0.777146 -0 0.33102 0.858499
0.669131 -0.743145 -0 0.321754 0.863966
0.669131 -0.743145 -0 0.321754 0.863966
0.62932 -0.777146 -0 0.33102 0.858499
0.802957 -0.891774 -0 0.296358 0.811965
0.62932 -0.777146 -0 0.33102 0.858499
0.755184 -0.932575 -0 0.306794 0.805575
0.802957 -0.891774 -0 0.296358 0.811965
0.802957 -0.891774 -0 0.296358 0.811965
0.755184 -0.932575 -0 0.306794 0.805575
0.936783 -1.0404 -0 0.275362 0.762251
0.755184 -0.932575 -0 0.306794 0.805575
0.881049 -1.088 -0 0.286744 0.754991
0.936783 -1.0404 -0 0.275362 0.762251
0.936783 -1.0404 -0 0.275362 0.762251
0.881049 -1.088 -0 0.286744 0.754991
1.07061 -1.18903 -0 0.258336 0.716045
0.881049 -1.088 -0 0.286744 0.754991
1.00691 -1.24343 -0 0.270479 0.707989
1.07061 -1.18903 -0 0.258336 0.716045
1.07061 -1.18903 -0 0.258336 0.716045
1.00691 -1.24343 -0 0.270479 0.707989
1.20444 -1.33766 -0 0.244698 0.673932
1.00691 -1.24343 -0 0.270479 0.707989
1.13278 -1.39886 -0 0.257454 0.665169
1.20444 -1.33766 -0 0.244698 0.673932
1.20444 -1.33766 -0 0.244698 0.673932
1.13278 -1.39886 -0 0.257454 0.665169
1.55327 -1.72508 0.04 0.218996 0.575756
1.13278 -1.39886 -0 0.257454 0.665169
1.46085 -1.804 0.04 0.232989 0.565432
1.55327 -1.72508 0.04 0.218996 0.575756
1.55327 -1.72508 0.04 0.218996 0.575756
1.46085 -1.804 0.04 0.232989 0.565432
1.68709 -1.87371 0.16 0.20843 0.524531
1.46085 -1.804 0.04 0.232989 0.565432
1.58672 -1.95943 0.16 0.223049 0.513418
1.68709 -1.87371 0.16 0.20843 0.524531
1.68709 -1.87371 0.16 0.20843 0.524531
1.58672 -1.95943 0.16 0.223049 0.513418
1.82092 -2.02234 0.36 0.198146 0.461189
1.58672 -1.95943 0.16 0.223049 0.513418
1.71258 -2.11486 0.36 0.213496 0.449194
1.82092 -2.02234 0.36 0.198146 0.461189
1.82092 -2.02234 0.36 0.198146 0.461189
1.71258 -2.11486 0.36 0.213496 0.449194
1.95474 -2.17096 0.64 0.19005 0.386585
1.71258 -2.11486 0.36 0.213496 0.449194
1.83845 -2.27029 0.64 0.206191 0.373764
1.95474 -2.17096 0.64 0.19005 0.386585
1.95474 -2.17096 0.64 0.19005 0.386585
1.83845 -2.27029 0.64 0.206191 0.373764
2.08857 -2.31959 1 0.186271 0.303501
1.83845 -2.27029 0.64 0.206191 0.373764
1.96431 -2.42572 1 0.2032 0.29016
2.08857 -2.31959 1 0.186271 0.303501
2.08857 -2.31959 1 0.186271 0.303501
1.96431 -2.42572 1 0.2032 0.29016
2.2224 -2.46822 1.44 0.188497 0.216841
1.96431 -2.42572 1 0.2032 0.29016
2.09017 -2.58115 1.44 0.206107 0.203561
2.2224 -2.46822 1.44 0.188497 0.216841
2.2224 -2.46822 1.44 0.188497 0.216841
2.09017 -2.58115 1.44 0.206107 0.203561
2.35622 -2.61685 1.96 0.197201 0.132514
2.09017 -2.58115 1.44 0.206107 0.203561
2.21604 -2.73658 1.96 0.215256 0.120021
2.35622 -2.61685 1.96 0.197201 0.132514
0.141421 -0.373406 -0 0.456606 0.998654
0.133826 -0.373406 -0 0.458718 0.998845
0.282843 -0.373406 -0 0.417669 0.992917
0.133826 -0.373406 -0 0.458718 0.998845
0.267652 -0.373406 -0 0.421802 0.993728
0.282843 -0.373406 -0 0.417669 0.992917
0.282843 -0.373406 -0 0.417669 0.992917
0.267652 -0.373406 -0 0.421802 0.993728
0.424264 -0.424264 -0 0.379756 0.970442
0.267652 -0.373406 -0 0.421802 0.993728
0.401478 -0.445887 -0 0.385555 0.96667
0.424264 -0.424264 -0 0.379756 0.970442
0.424264 -0.424264 -0 0.379756 0.970442
0.401478 -0.445887 -0 0.385555 0.96667
0.565685 -0.565685 -0 0.344264 0.921175
0.401478 -0.445887 -0 0.385555 0.96667
0.535304 -0.594516 -0 0.351633 0.916343
0.565685 -0.565685 -0 0.344264 0.921175
0.565685 -0.565685 -0 0.344264 0.921175
0.535304 -0.594516 -0 0.351633 0.916343
0.707107 -0.707107 -0 0.313072 0.869824
0.535304 -0.594516 -0 0.351633 0.916343
0.669131 -0.743145 -0 0.321754 0.863966
0.707107 -0.707107 -0 0.313072 0.869824
0.707107 -0.707107 -0 0.313072 0.869824
0.669131 -0.743145 -0 0.321754 0.863966
0.848528 -0.848528 -0 0.286604 0.818809
0.669131 -0.743145 -0 0.321754 0.863966
0.802957 -0.891774 -0 0.296358 0.811965
0.848528 -0.848528 -0 0.286604 0.818809
0.848528 -0.848528 -0 0.286604 0.818809
0.802957 -0.891774 -0 0.296358 0.811965
0.98995 -0.98995 -0 0.264741 0.77002
0.802957 -0.891774 -0 0.296358 0.811965
0.936783 -1.0404 -0 0.275362 0.762251
0.98995 -0.98995 -0 0.264741 0.77002
0.98995 -0.98995 -0 0.264741 0.77002
0.936783 -1.0404 -0 0.275362 0.762251
1.13137 -1.13137 -0 0.247015 0.724654
0.936783 -1.0404 -0 0.275362 0.762251
1.07061 -1.18903 -0 0.258336 0.716045
1.13137 -1.13137 -0 0.247015 0.724654
1.13137 -1.13137 -0 0.247015 0.724654
1.07061 -1.18903 -0 0.258336 0.716045
1.27279 -1.27279 -0 0.232806 0.683284
1.07061 -1.18903 -0 0.258336 0.716045
1.20444 -1.33766 -0 0.244698 0.673932
1.27279 -1.27279 -0 0.232806 0.683284
1.27279 -1.27279 -0 0.232806 0.683284
1.20444 -1.33766 -0 0.244698 0.673932
1.64142 -1.64142 0.04 0.205934 0.586735
1.20444 -1.33766 -0 0.244698 0.673932
1.55327 -1.72508 0.04 0.218996 0.575756
1.64142 -1.64142 0.04 0.205934 0.586735
1.64142 -1.64142 0.04 0.205934 0.586735
1.55327 -1.72508 0.04 0.218996 0.575756
1.78284 -1.78284 0.16 0.194767 0.536325
1.55327 -1.72508 0.04 0.218996 0.575756
1.68709 -1.87371 0.16 0.20843 0.524531
1.78284 -1.78284 0.16 0.194767 0.536325
1.78284 -1.78284 0.16 0.194767 0.536325
1.68709 -1.87371 0.16 0.20843 0.524531
1.92426 -1.92426 0.36 0.183764 0.473892
1.68709 -1.87371 0.16 0.20843 0.524531
1.82092 -2.02234 0.36 0.198146 0.461189
1.92426 -1.92426 0.36 0.183764 0.473892
1.92426 -1.92426 0.36 0.183764 0.473892
1.82092 -2.02234 0.36 0.198146 0.461189
2.06569 -2.06569 0.64 0.174865 0.400131
1.82092 -2.02234 0.36 0.198146 0.461189
1.95474 -2.17096 0.64 0.19005 0.386585
2.06569 -2.06569 0.64 0.174865 0.400131
2.06569 -2.06569 0.64 0.174865 0.400131
1.95474 -2.17096 0.64 0.19005 0.386585
2.20711 -2.20711 1 0.170251 0.317573
1.95474 -2.17096 0.64 0.19005 0.386585
2.08857 -2.31959 1 0.186271 0.303501
2.20711 -2.20711 1 0.170251 0.317573
2.20711 -2.20711 1 0.170251 0.317573
2.08857 -2.31959 1 0.186271 0.303501
2.34853 -2.34853 1.44 0.17171 0.230846
2.08857 -2.31959 1 0.186271 0.303501
2.2224 -2.46822 1.44 0.188497 0.216841
2.34853 -2.34853 1.44 0.17171 0.230846
2.34853 -2.34853 1.44 0.17171 0.230846
2.2224 -2.46822 1.44 0.188497 0.216841
2.48995 -2.48995 1.96 0.179855 0.145706
2.2224 -2.46822 1.44 0.188497 0.216841
2.35622 -2.61685 1.96 0.197201 0.132514
2.48995 -2.48995 1.96 0.179855 0.145706
0.148629 -0.373406 -0 0.454604 0.998462
0.141421 -0.373406 -0 0.456606 0.998654
0.297258 -0.373406 -0 0.41376 0.992105
0.141421 -0.373406 -0 0.456606 0.998654
0.282843 -0.373406 -0 0.417669 0.992917
0.297258 -0.373406 -0 0.41376 0.992105
0.297258 -0.373406 -0 0.41376 0.992105
0.282843 -0.373406 -0 0.417669 0.992917
0.445887 -0.401478 -0 0.374321 0.97445
0.282843 -0.373406 -0 0.417669 0.992917
0.424264 -0.424264 -0 0.379756 0.970442
0.445887 -0.401478 -0 0.374321 0.97445
0.445887 -0.401478 -0 0.374321 0.97445
0.424264 -0.424264 -0 0.379756 0.970442
0.594516 -0.535304 -0 0.337382 0.926321
0.424264 -0.424264 -0 0.379756 0.970442
0.565685 -0.565685 -0 0.344264 0.921175
0.594516 -0.535304 -0 0.337382 0.926321
0.594516 -0.535304 -0 0.337382 0.926321
0.565685 -0.565685 -0 0.344264 0.921175
0.743145 -0.669131 -0 0.304988 0.876066
0.565685 -0.565685 -0 0.344264 0.921175
0.707107 -0.707107 -0 0.313072 0.869824
0.743145 -0.669131 -0 0.304988 0.876066
0.743145 -0.669131 -0 0.304988 0.876066
0.707107 -0.707107 -0 0.313072 0.869824
0.891774 -0.802957 -0 0.277542 0.826098
0.707107 -0.707107 -0 0.313072 0.869824
0.848528 -0.848528 -0 0.286604 0.818809
0.891774 -0.802957 -0 0.277542 0.826098
0.891774 -0.802957 -0 0.277542 0.826098
0.848528 -0.848528 -0 0.286604 0.818809
1.0404 -0.936783 -0 0.254886 0.778284
0.848528 -0.848528 -0 0.286604 0.818809
0.98995 -0.98995 -0 0.264741 0.77002
1.0404 -0.936783 -0 0.254886 0.778284
1.0404 -0.936783 -0 0.254886 0.778284
0.98995 -0.98995 -0 0.264741 0.77002
1.18903 -1.07061 -0 0.236515 0.733798
0.98995 -0.98995 -0 0.264741 0.77002
1.13137 -1.13137 -0 0.247015 0.724654
1.18903 -1.07061 -0 0.236515 0.733798
1.18903 -1.07061 -0 0.236515 0.733798
1.13137 -1.13137 -0 0.247015 0.724654
1.33766 -1.20444 -0 0.221777 0.693204
1.13137 -1.13137 -0 0.247015 0.724654
1.27279 -1.27279 -0 0.232806 0.683284
1.33766 -1.20444 -0 0.221777 0.693204
1.33766 -1.20444 -0 0.221777 0.693204
1.27279 -1.27279 -0 0.232806 0.683284
1.72508 -1.55327 0.04 0.193792 0.598338
1.27279 -1.27279 -0 0.232806 0.683284
1.64142 -1.64142 0.04 0.205934 0.586735
1.72508 -1.55327 0.04 0.193792 0.598338
1.72508 -1.55327 0.04 0.193792 0.598338
1.64142 -1.64142 0.04 0.205934 0.586735
1.87371 -1.68709 0.16 0.182041 0.548765
1.64142 -1.64142 0.04 0.205934 0.586735
1.78284 -1.78284 0.16 0.194767 0.536325
1.87371 -1.68709 0.16 0.182041 0.548765
1.87371 -1.68709 0.16 0.182041 0.548765
1.78284 -1.78284 0.16 0.194767 0.536325
2.02234 -1.82092 0.36 0.170327 0.48726
1.78284 -1.78284 0.16 0.194767 0.536325
1.92426 -1.92426 0.36 0.183764 0.473892
2.02234 -1.82092 0.36 0.170327 0.48726
2.02234 -1.82092 0.36 0.170327 0.48726
1.92426 -1.92426 0.36 0.183764 0.473892
2.17096 -1.95474 0.64 0.160609 0.414354
1.92426 -1.92426 0.36 0.183764 0.473892
2.06569 -2.06569 0.64 0.174865 0.400131
2.17096 -1.95474 0.64 0.160609 0.414354
2.17096 -1.95474 0.64 0.160609 0.414354
2.06569 -2.06569 0.64 0.174865 0.400131
2.31959 -2.08857 1 0.155112 0.332326
2.06569 -2.06569 0.64 0.174865 0.400131
2.20711 -2.20711 1 0.170251 0.317573
2.31959 -2.08857 1 0.155112 0.332326
2.31959 -2.08857 1 0.155112 0.332326
2.20711 -2.20711 1 0.170251 0.317573
2.46822 -2.2224 1.44 0.155722 0.245524
2.20711 -2.20711 1 0.170251 0.317573
2.34853 -2.34853 1.44 0.17171 0.230846
2.46822 -2.2224 1.44 0.155722 0.245524
2.46822 -2.2224 1.44 0.155722 0.245524
2.34853 -2.34853 1.44 0.17171 0.230846
2.61685 -2.35622 1.96 0.163202 0.159548
2.34853 -2.34853 1.44 0.17171 0.230846
2.48995 -2.48995 1.96 0.179855 0.145706
2.61685 -2.35622 1.96 0.163202 0.159548
0.155429 -0.373406 -0 0.452715 0.998271
0.148629 -0.373406 -0 0.454604 0.998462
0.310858 -0.373406 -0 0.410087 0.991301
0.148629 -0.373406 -0 0.454604 0.998462
0.297258 -0.373406 -0 0.41376 0.992105
0.310858 -0.373406 -0 0.410087 0.991301
0.310858 -0.373406 -0 0.410087 0.991301
0.297258 -0.373406 -0 0.41376 0.992105
0.466288 -0.377592 -0 0.369261 0.978688
0.297258 -0.373406 -0 0.41376 0.992105
0.445887 -0.401478 -0 0.374321 0.97445
0.466288 -0.377592 -0 0.369261 0.978688
0.466288 -0.377592 -0 0.369261 0.978688
0.445887 -0.401478 -0 0.374321 0.97445
0.621717 -0.503456 -0 0.330998 0.931774
0.445887 -0.401478 -0 0.374321 0.97445
0.594516 -0.535304 -0 0.337382 0.926321
0.621717 -0.503456 -0 0.330998 0.931774
0.621717 -0.503456 -0 0.330998 0.931774
0.594516 -0.535304 -0 0.337382 0.926321
0.777146 -0.62932 -0 0.297512 0.882684
0.594516 -0.535304 -0 0.337382 0.926321
0.743145 -0.669131 -0 0.304988 0.876066
0.777146 -0.62932 -0 0.297512 0.882684
0.777146 -0.62932 -0 0.297512 0.882684
0.743145 -0.669131 -0 0.304988 0.876066
0.932575 -0.755184 -0 0.269176 0.833822
0.743145 -0.669131 -0 0.304988 0.876066
0.891774 -0.802957 -0 0.277542 0.826098
0.932575 -0.755184 -0 0.269176 0.833822
0.932575 -0.755184 -0 0.269176 0.833822
0.891774 -0.802957 -0 0.277542 0.826098
1.088 -0.881049 -0 0.245798 0.78703
0.891774 -0.802957 -0 0.277542 0.826098
1.0404 -0.936783 -0 0.254886 0.778284
1.088 -0.881049 -0 0.245798 0.78703
1.088 -0.881049 -0 0.245798 0.78703
1.0404 -0.936783 -0 0.254886 0.778284
1.24343 -1.00691 -0 0.226832 0.743463
1.0404 -0.936783 -0 0.254886 0.778284
1.18903 -1.07061 -0 0.236515 0.733798
1.24343 -1.00691 -0 0.226832 0.743463
1.24343 -1.00691 -0 0.226832 0.743463
1.18903 -1.07061 -0 0.236515 0.733798
1.39886 -1.13278 -0 0.2116 0.703673
1.18903 -1.07061 -0 0.236515 0.733798
1.33766 -1.20444 -0 0.221777 0.693204
1.39886 -1.13278 -0 0.2116 0.703673
1.39886 -1.13278 -0 0.2116 0.703673
1.33766 -1.20444 -0 0.221777 0.693204
1.804 -1.46085 0.04 0.182548 0.61054
1.33766 -1.20444 -0 0.221777 0.693204
1.72508 -1.55327 0.04 0.193792 0.598338
1.804 -1.46085 0.04 0.182548 0.61054
1.804 -1.46085 0.04 0.182548 0.61054
1.72508 -1.55327 0.04 0.193792 0.598338
1.95943 -1.58672 0.16 0.170227 0.561822
1.72508 -1.55327 0.04 0.193792 0.598338
1.87371 -1.68709 0.16 0.182041 0.548765
1.95943 -1.58672 0.16 0.170227 0.561822
1.95943 -1.58672 0.16 0.170227 0.561822
1.87371 -1.68709 0.16 0.182041 0.548765
2.11486 -1.71258 0.36 0.157806 0.501257
1.87371 -1.68709 0.16 0.182041 0.548765
2.02234 -1.82092 0.36 0.170327 0.48726
2.11486 -1.71258 0.36 0.157806 0.501257
2.11486 -1.71258 0.36 0.157806 0.501257
2.02234 -1.82092 0.36 0.170327 0.48726
2.27029 -1.83845 0.64 0.14725 0.429214
2.02234 -1.82092 0.36 0.170327 0.48726
2.17096 -1.95474 0.64 0.160609 0.414354
2.27029 -1.83845 0.64 0.14725 0.429214
2.27029 -1.83845 0.64 0.14725 0.429214
2.17096 -1.95474 0.64 0.160609 0.414354
2.42572 -1.96431 1 0.140823 0.347718
2.17096 -1.95474 0.64 0.160609 0.414354
2.31959 -2.08857 1 0.155112 0.332326
2.42572 -1.96431 1 0.140823 0.347718
2.42572 -1.96431 1 0.140823 0.347718
2.31959 -2.08857 1 0.155112 0.332326
2.58115 -2.09017 1.44 0.140506 0.260833
2.31959 -2.08857 1 0.155112 0.332326
2.46822 -2.2224 1.44 0.155722 0.245524
2.58115 -2.09017 1.44 0.140506 0.260833
0.161803 -0.373406 -0 0.450946 0.998083
0.155429 -0.373406 -0 0.452715 0.998271
0.323607 -0.373406 -0 0.406657 0.990516
0.155429 -0.373406 -0 0.452715 0.998271
0.310858 -0.373406 -0 0.410087 0.991301
0.323607 -0.373406 -0 0.406657 0.990516
0.323607 -0.373406 -0 0.406657 0.990516
0.310858 -0.373406 -0 0.410087 0.991301
0.48541 -0.373406 -0 0.364447 0.978025
0.310858 -0.373406 -0 0.410087 0.991301
0.466288 -0.377592 -0 0.369261 0.978688
0.48541 -0.373406 -0 0.364447 0.978025
0.48541 -0.373406 -0 0.364447 0.978025
0.466288 -0.377592 -0 0.369261 0.978688
0.647214 -0.470228 -0 0.325123 0.937526
0.466288 -0.377592 -0 0.369261 0.978688
0.621717 -0.503456 -0 0.330998 0.931774
0.647214 -0.470228 -0 0.325123 0.937526
0.647214 -0.470228 -0 0.325123 0.937526
0.621717 -0.503456 -0 0.330998 0.931774
0.809017 -0.587785 -0 0.290649 0.88967
0.621717 -0.503456 -0 0.330998 0.931774
0.777146 -0.62932 -0 0.297512 0.882684
0.809017 -0.587785 -0 0.290649 0.88967
0.809017 -0.587785 -0 0.290649 0.88967
0.777146 -0.62932 -0 0.297512 0.882684
0.97082 -0.705342 -0 0.261509 0.841971
0.777146 -0.62932 -0 0.297512 0.882684
0.932575 -0.755184 -0 0.269176 0.833822
0.97082 -0.705342 -0 0.261509 0.841971
0.97082 -0.705342 -0 0.261509 0.841971
0.932575 -0.755184 -0 0.269176 0.833822
1.13262 -0.822899 -0 0.237471 0.796247
0.932575 -0.755184 -0 0.269176 0.833822
1.088 -0.881049 -0 0.245798 0.78703
1.13262 -0.822899 -0 0.237471 0.796247
1.13262 -0.822899 -0 0.237471 0.796247
1.088 -0.881049 -0 0.245798 0.78703
1.29443 -0.940456 -0 0.217957 0.753634
1.088 -0.881049 -0 0.245798 0.78703
1.24343 -1.00691 -0 0.226832 0.743463
1.29443 -0.940456 -0 0.217957 0.753634
1.29443 -0.940456 -0 0.217957 0.753634
1.24343 -1.00691 -0 0.226832 0.743463
1.45623 -1.05801 -0 0.20226 0.714674
1.24343 -1.00691 -0 0.226832 0.743463
1.39886 -1.13278 -0 0.2116 0.703673
1.45623 -1.05801 -0 0.20226 0.714674
1.45623 -1.05801 -0 0.20226 0.714674
1.39886 -1.13278 -0 0.2116 0.703673
1.87799 -1.36444 0.04 0.17218 0.623318
1.39886 -1.13278 -0 0.2116 0.703673
1.804 -1.46085 0.04 0.182548 0.61054
1.87799 -1.36444 0.04 0.17218 0.623318
1.87799 -1.36444 0.04 0.17218 0.623318
1.804 -1.46085 0.04 0.182548 0.61054
2.03979 -1.48199 0.16 0.159299 0.575468
1.804 -1.46085 0.04 0.182548 0.61054
1.95943 -1.58672 0.16 0.170227 0.561822
2.03979 -1.48199 0.16 0.159299 0.575468
2.03979 -1.48199 0.16 0.159299 0.575468
1.95943 -1.58672 0.16 0.170227 0.561822
2.20159 -1.59955 0.36 0.146169 0.515855
1.95943 -1.58672 0.16 0.170227 0.561822
2.11486 -1.71258 0.36 0.157806 0.501257
2.20159 -1.59955 0.36 0.146169 0.515855
2.20159 -1.59955 0.36 0.146169 0.515855
2.11486 -1.71258 0.36 0.157806 0.501257
2.3634 -1.71711 0.64 0.134755 0.444681
2.11486 -1.71258 0.36 0.157806 0.501257
2.27029 -1.83845 0.64 0.14725 0.429214
2.3634 -1.71711 0.64 0.134755 0.444681
2.3634 -1.71711 0.64 0.134755 0.444681
2.27029 -1.83845 0.64 0.14725 0.429214
2.5252 -1.83467 1 0.127351 0.363715
2.27029 -1.83845 0.64 0.14725 0.429214
2.42572 -1.96431 1 0.140823 0.347718
2.5252 -1.83467 1 0.127351 0.363715
0.167734 -0.373406 -0 0.449301 0.997901
0.161803 -0.373406 -0 0.450946 0.998083
0.335468 -0.373406 -0 0.403477 0.989758
0.161803 -0.373406 -0 0.450946 0.998083
0.323607 -0.373406 -0 0.406657 0.990516
0.335468 -0.373406 -0 0.403477 0.989758
0.335468 -0.373406 -0 0.403477 0.989758
0.323607 -0.373406 -0 0.406657 0.990516
0.503202 -0.373406 -0 0.359981 0.97639
0.323607 -0.373406 -0 0.406657 0.990516
0.48541 -0.373406 -0 0.364447 0.978025
0.503202 -0.373406 -0 0.359981 0.97639
0.503202 -0.373406 -0 0.359981 0.97639
0.48541 -0.373406 -0 0.364447 0.978025
0.670936 -0.435711 -0 0.319765 0.943571
0.48541 -0.373406 -0 0.364447 0.978025
0.647214 -0.470228 -0 0.325123 0.937526
0.670936 -0.435711 -0 0.319765 0.943571
0.670936 -0.435711 -0 0.319765 0.943571
0.647214 -0.470228 -0 0.325123 0.937526
0.838671 -0.544639 -0 0.284403 0.897016
0.647214 -0.470228 -0 0.325123 0.937526
0.809017 -0.587785 -0 0.290649 0.88967
0.838671 -0.544639 -0 0.284403 0.897016
0.838671 -0.544639 -0 0.284403 0.897016
0.809017 -0.587785 -0 0.290649 0.88967
1.0064 -0.653567 -0 0.254538 0.850535
0.809017 -0.587785 -0 0.290649 0.88967
0.97082 -0.705342 -0 0.261509 0.841971
1.0064 -0.653567 -0 0.254538 0.850535
1.0064 -0.653567 -0 0.254538 0.850535
0.97082 -0.705342 -0 0.261509 0.841971
1.17414 -0.762495 -0 0.229899 0.805924
0.97082 -0.705342 -0 0.261509 0.841971
1.13262 -0.822899 -0 0.237471 0.796247
1.17414 -0.762495 -0 0.229899 0.805924
1.17414 -0.762495 -0 0.229899 0.805924
1.13262 -0.822899 -0 0.237471 0.796247
1.34187 -0.871422 -0 0.209877 0.764297
1.13262 -0.822899 -0 0.237471 0.796247
1.29443 -0.940456 -0 0.217957 0.753634
1.34187 -0.871422 -0 0.209877 0.764297
1.34187 -0.871422 -0 0.209877 0.764297
1.29443 -0.940456 -0 0.217957 0.753634
1.50961 -0.98035 -0 0.193742 0.726192
1.29443 -0.940456 -0 0.217957 0.753634
1.45623 -1.05801 -0 0.20226 0.714674
1.50961 -0.98035 -0 0.193742 0.726192
1.50961 -0.98035 -0 0.193742 0.726192
1.45623 -1.05801 -0 0.20226 0.714674
1.94682 -1.26428 0.04 0.162661 0.636654
1.45623 -1.05801 -0 0.20226 0.714674
1.87799 -1.36444 0.04 0.17218 0.623318
1.94682 -1.26428 0.04 0.162661 0.636654
1.94682 -1.26428 0.04 0.162661 0.636654
1.87799 -1.36444 0.04 0.17218 0.623318
2.11456 -1.37321 0.16 0.149225 0.589685
1.87799 -1.36444 0.04 0.17218 0.623318
2.03979 -1.48199 0.16 0.159299 0.575468
2.11456 -1.37321 0.16 0.149225 0.589685
2.11456 -1.37321 0.16 0.149225 0.589685
2.03979 -1.48199 0.16 0.159299 0.575468
2.28229 -1.48214 0.36 0.135382 0.531034
2.03979 -1.48199 0.16 0.159299 0.575468
2.20159 -1.59955 0.36 0.146169 0.515855
2.28229 -1.48214 0.36 0.135382 0.531034
2.28229 -1.48214 0.36 0.135382 0.531034
2.20159 -1.59955 0.36 0.146169 0.515855
2.45003 -1.59107 0.64 0.123087 0.460733
2.20159 -1.59955 0.36 0.146169 0.515855
2.3634 -1.71711 0.64 0.134755 0.444681
2.45003 -1.59107 0.64 0.123087 0.460733
2.45003 -1.59107 0.64 0.123087 0.460733
2.3634 -1.71711 0.64 0.134755 0.444681
2.61776 -1.69999 1 0.114659 0.380296
2.3634 -1.71711 0.64 0.134755 0.444681
2.5252 -1.83467 1 0.127351 0.363715
2.61776 -1.69999 1 0.114659 0.380296
0.173205 -0.373406 -0 0.447785 0.997726
0.167734 -0.373406 -0 0.449301 0.997901
0.34641 -0.373406 -0 0.400554 0.989035
0.167734 -0.373406 -0 0.449301 0.997901
0.335468 -0.373406 -0 0.403477 0.989758
0.34641 -0.373406 -0 0.400554 0.989035
0.34641 -0.373406 -0 0.400554 0.989035
0.335468 -0.373406 -0 0.403477 0.989758
0.519615 -0.373406 -0 0.355897 0.97484
0.335468 -0.373406 -0 0.403477 0.989758
0.503202 -0.373406 -0 0.359981 0.97639
0.519615 -0.373406 -0 0.355897 0.97484
0.519615 -0.373406 -0 0.355897 0.97484
0.503202 -0.373406 -0 0.359981 0.97639
0.69282 -0.4 -0 0.314927 0.9499
0.503202 -0.373406 -0 0.359981 0.97639
0.670936 -0.435711 -0 0.319765 0.943571
0.69282 -0.4 -0 0.314927 0.9499
0.69282 -0.4 -0 0.314927 0.9499
0.670936 -0.435711 -0 0.319765 0.943571
0.866025 -0.5 -0 0.278775 0.904712
0.670936 -0.435711 -0 0.319765 0.943571
0.838671 -0.544639 -0 0.284403 0.897016
0.866025 -0.5 -0 0.278775 0.904712
0.866025 -0.5 -0 0.278775 0.904712
0.838671 -0.544639 -0 0.284403 0.897016
1.03923 -0.6 -0 0.248259 0.859505
0.838671 -0.544639 -0 0.284403 0.897016
1.0064 -0.653567 -0 0.254538 0.850535
1.03923 -0.6 -0 0.248259 0.859505
1.03923 -0.6 -0 0.248259 0.859505
1.0064 -0.653567 -0 0.254538 0.850535
1.21244 -0.7 -0 0.223072 0.816049
1.0064 -0.653567 -0 0.254538 0.850535
1.17414 -0.762495 -0 0.229899 0.805924
1.21244 -0.7 -0 0.223072 0.816049
1.21244 -0.7 -0 0.223072 0.816049
1.17414 -0.762495 -0 0.229899 0.805924
1.38564 -0.8 -0 0.202577 0.775442
1.17414 -0.762495 -0 0.229899 0.805924
1.34187 -0.871422 -0 0.209877 0.764297
1.38564 -0.8 -0 0.202577 0.775442
1.38564 -0.8 -0 0.202577 0.775442
1.34187 -0.871422 -0 0.209877 0.764297
1.55885 -0.9 -0 0.186025 0.738216
1.34187 -0.871422 -0 0.209877 0.764297
1.50961 -0.98035 -0 0.193742 0.726192
1.55885 -0.9 -0 0.186025 0.738216
1.55885 -0.9 -0 0.186025 0.738216
1.50961 -0.98035 -0 0.193742 0.726192
2.01032 -1.16066 0.04 0.153966 0.650533
1.50961 -0.98035 -0 0.193742 0.726192
1.94682 -1.26428 0.04 0.162661 0.636654
2.01032 -1.16066 0.04 0.153966 0.650533
2.01032 -1.16066 0.04 0.153966 0.650533
1.94682 -1.26428 0.04 0.162661 0.636654
2.18353 -1.26066 0.16 0.139978 0.604458
1.94682 -1.26428 0.04 0.162661 0.636654
2.11456 -1.37321 0.16 0.149225 0.589685
2.18353 -1.26066 0.16 0.139978 0.604458
2.18353 -1.26066 0.16 0.139978 0.604458
2.11456 -1.37321 0.16 0.149225 0.589685
2.35673 -1.36066 0.36 0.125413 0.546777
2.11456 -1.37321 0.16 0.149225 0.589685
2.28229 -1.48214 0.36 0.135382 0.531034
2.35673 -1.36066 0.36 0.125413 0.546777
2.35673 -1.36066 0.36 0.125413 0.546777
2.28229 -1.48214 0.36 0.135382 0.531034
2.52994 -1.46066 0.64 0.112213 0.477354
2.28229 -1.48214 0.36 0.135382 0.531034
2.45003 -1.59107 0.64 0.123087 0.460733
2.52994 -1.46066 0.64 0.112213 0.477354
0.178201 -0.373406 -0 0.446401 0.997561
0.173205 -0.373406 -0 0.447785 0.997726
0.356403 -0.373406 -0 0.397893 0.988356
0.173205 -0.373406 -0 0.447785 0.997726
0.34641 -0.373406 -0 0.400554 0.989035
0.356403 -0.373406 -0 0.397893 0.988356
0.356403 -0.373406 -0 0.397893 0.988356
0.34641 -0.373406 -0 0.400554 0.989035
0.534604 -0.373406 -0 0.352196 0.973391
0.34641 -0.373406 -0 0.400554 0.989035
0.519615 -0.373406 -0 0.355897 0.97484
0.534604 -0.373406 -0 0.352196 0.973391
0.534604 -0.373406 -0 0.352196 0.973391
0.519615 -0.373406 -0 0.355897 0.97484
0.712805 -0.373406 -0 0.310576 0.95404
0.519615 -0.373406 -0 0.355897 0.97484
0.69282 -0.4 -0 0.314927 0.9499
0.712805 -0.373406 -0 0.310576 0.95404
0.712805 -0.373406 -0 0.310576 0.95404
0.69282 -0.4 -0 0.314927 0.9499
0.891007 -0.453991 -0 0.273766 0.912749
0.69282 -0.4 -0 0.314927 0.9499
0.866025 -0.5 -0 0.278775 0.904712
0.891007 -0.453991 -0 0.273766 0.912749
0.891007 -0.453991 -0 0.273766 0.912749
0.866025 -0.5 -0 0.278775 0.904712
1.06921 -0.544789 -0 0.242667 0.86887
0.866025 -0.5 -0 0.278775 0.904712
1.03923 -0.6 -0 0.248259 0.859505
1.06921 -0.544789 -0 0.242667 0.86887
1.06921 -0.544789 -0 0.242667 0.86887
1.03923 -0.6 -0 0.248259 0.859505
1.24741 -0.635587 -0 0.21698 0.826612
1.03923 -0.6 -0 0.248259 0.859505
1.21244 -0.7 -0 0.223072 0.816049
1.24741 -0.635587 -0 0.21698 0.826612
1.24741 -0.635587 -0 0.21698 0.826612
1.21244 -0.7 -0 0.223072 0.816049
1.42561 -0.726385 -0 0.196043 0.787057
1.21244 -0.7 -0 0.223072 0.816049
1.38564 -0.8 -0 0.202577 0.775442
1.42561 -0.726385 -0 0.196043 0.787057
1.42561 -0.726385 -0 0.196043 0.787057
1.38564 -0.8 -0 0.202577 0.775442
1.60381 -0.817183 -0 0.179094 0.750734
1.38564 -0.8 -0 0.202577 0.775442
1.55885 -0.9 -0 0.186025 0.738216
1.60381 -0.817183 -0 0.179094 0.750734
1.60381 -0.817183 -0 0.179094 0.750734
1.55885 -0.9 -0 0.186025 0.738216
2.06831 -1.05386 0.04 0.146069 0.664945
1.55885 -0.9 -0 0.186025 0.738216
2.01032 -1.16066 0.04 0.153966 0.650533
2.06831 -1.05386 0.04 0.146069 0.664945
2.06831 -1.05386 0.04 0.146069 0.664945
2.01032 -1.16066 0.04 0.153966 0.650533
2.24651 -1.14466 0.16 0.131528 0.619776
2.01032 -1.16066 0.04 0.153966 0.650533
2.18353 -1.26066 0.16 0.139978 0.604458
2.24651 -1.14466 0.16 0.131528 0.619776
2.24651 -1.14466 0.16 0.131528 0.619776
2.18353 -1.26066 0.16 0.139978 0.604458
2.42471 -1.23545 0.36 0.116232 0.563076
2.18353 -1.26066 0.16 0.139978 0.604458
2.35673 -1.36066 0.36 0.125413 0.546777
2.42471 -1.23545 0.36 0.116232 0.563076
0.182709 -0.373406 -0 0.445153 0.997407
0.178201 -0.373406 -0 0.446401 0.997561
0.365418 -0.373406 -0 0.395501 0.987727
0.178201 -0.373406 -0 0.446401 0.997561
0.356403 -0.373406 -0 0.397893 0.988356
0.365418 -0.373406 -0 0.395501 0.987727
0.365418 -0.373406 -0 0.395501 0.987727
0.356403 -0.373406 -0 0.397893 0.988356
0.548127 -0.373406 -0 0.348883 0.972057
0.356403 -0.373406 -0 0.397893 0.988356
0.534604 -0.373406 -0 0.352196 0.973391
0.548127 -0.373406 -0 0.348883 0.972057
0.548127 -0.373406 -0 0.348883 0.972057
0.534604 -0.373406 -0 0.352196 0.973391
0.730836 -0.373406 -0 0.306623 0.951899
0.534604 -0.373406 -0 0.352196 0.973391
0.712805 -0.373406 -0 0.310576 0.95404
0.730836 -0.373406 -0 0.306623 0.951899
0.730836 -0.373406 -0 0.306623 0.951899
0.712805 -0.373406 -0 0.310576 0.95404
0.913545 -0.406737 -0 0.269372 0.921116
0.712805 -0.373406 -0 0.310576 0.95404
0.891007 -0.453991 -0 0.273766 0.912749
0.913545 -0.406737 -0 0.269372 0.921116
0.913545 -0.406737 -0 0.269372 0.921116
0.891007 -0.453991 -0 0.273766 0.912749
1.09625 -0.488084 -0 0.237757 0.87862
0.891007 -0.453991 -0 0.273766 0.912749
1.06921 -0.544789 -0 0.242667 0.86887
1.09625 -0.488084 -0 0.237757 0.87862
1.09625 -0.488084 -0 0.237757 0.87862
1.06921 -0.544789 -0 0.242667 0.86887
1.27896 -0.569431 -0 0.211613 0.837601
1.06921 -0.544789 -0 0.242667 0.86887
1.24741 -0.635587 -0 0.21698 0.826612
1.27896 -0.569431 -0 0.211613 0.837601
1.27896 -0.569431 -0 0.211613 0.837601
1.24741 -0.635587 -0 0.21698 0.826612
1.46167 -0.650779 -0 0.190261 0.799131
1.24741 -0.635587 -0 0.21698 0.826612
1.42561 -0.726385 -0 0.196043 0.787057
1.46167 -0.650779 -0 0.190261 0.799131
1.46167 -0.650779 -0 0.190261 0.799131
1.42561 -0.726385 -0 0.196043 0.787057
1.64438 -0.732126 -0 0.17293 0.763736
1.42561 -0.726385 -0 0.196043 0.787057
1.60381 -0.817183 -0 0.179094 0.750734
1.64438 -0.732126 -0 0.17293 0.763736
0.186716 -0.373406 -0 0.444044 0.997267
0.182709 -0.373406 -0 0.445153 0.997407
0.373432 -0.373406 -0 0.393381 0.987156
0.182709 -0.373406 -0 0.445153 0.997407
0.365418 -0.373406 -0 0.395501 0.987727
0.373432 -0.373406 -0 0.393381 0.987156
0.373432 -0.373406 -0 0.393381 0.987156
0.365418 -0.373406 -0 0.395501 0.987727
0.560148 -0.373406 -0 0.345958 0.97085
0.365418 -0.373406 -0 0.395501 0.987727
0.548127 -0.373406 -0 0.348883 0.972057
0.560148 -0.373406 -0 0.345958 0.97085
0.560148 -0.373406 -0 0.345958 0.97085
0.548127 -0.373406 -0 0.348883 0.972057
0.746864 -0.373406 -0 0.30315 0.949972
0.548127 -0.373406 -0 0.348883 0.972057
0.730836 -0.373406 -0 0.306623 0.951899
0.746864 -0.373406 -0 0.30315 0.949972
0.746864 -0.373406 -0 0.30315 0.949972
0.730836 -0.373406 -0 0.306623 0.951899
0.93358 -0.373406 -0 0.265587 0.926313
0.730836 -0.373406 -0 0.306623 0.951899
0.913545 -0.406737 -0 0.269372 0.921116
0.93358 -0.373406 -0 0.265587 0.926313
0.93358 -0.373406 -0 0.265587 0.926313
0.913545 -0.406737 -0 0.269372 0.921116
1.1203 -0.430042 -0 0.233521 0.888742
0.913545 -0.406737 -0 0.269372 0.921116
1.09625 -0.488084 -0 0.237757 0.87862
1.1203 -0.430042 -0 0.233521 0.888742
1.1203 -0.430042 -0 0.233521 0.888742
1.09625 -0.488084 -0 0.237757 0.87862
1.30701 -0.501715 -0 0.20696 0.849007
1.09625 -0.488084 -0 0.237757 0.87862
1.27896 -0.569431 -0 0.211613 0.837601
1.30701 -0.501715 -0 0.20696 0.849007
0.190211 -0.373406 -0 0.443077 0.997142
0.186716 -0.373406 -0 0.444044 0.997267
0.380423 -0.373406 -0 0.391536 0.986649
0.186716 -0.373406 -0 0.444044 0.997267
0.373432 -0.373406 -0 0.393381 0.987156
0.380423 -0.373406 -0 0.391536 0.986649
0.380423 -0.373406 -0 0.391536 0.986649
0.373432 -0.373406 -0 0.393381 0.987156
0.570634 -0.373406 -0 0.343423 0.969782
0.373432 -0.373406 -0 0.393381 0.987156
0.560148 -0.373406 -0 0.345958 0.97085
0.570634 -0.373406 -0 0.343423 0.969782
0.570634 -0.373406 -0 0.343423 0.969782
0.560148 -0.373406 -0 0.345958 0.97085
0.760845 -0.373406 -0 0.300152 0.948275
0.560148 -0.373406 -0 0.345958 0.97085
0.746864 -0.373406 -0 0.30315 0.949972
0.760845 -0.373406 -0 0.300152 0.948275
0.760845 -0.373406 -0 0.300152 0.948275
0.746864 -0.373406 -0 0.30315 0.949972
0.951057 -0.373406 -0 0.262344 0.924015
0.746864 -0.373406 -0 0.30315 0.949972
0.93358 -0.373406 -0 0.265587 0.926313
0.951057 -0.373406 -0 0.262344 0.924015
0.951057 -0.373406 -0 0.262344 0.924015
0.93358 -0.373406 -0 0.265587 0.926313
1.14127 -0.373406 -0 0.229962 0.89865
0.93358 -0.373406 -0 0.265587 0.926313
1.1203 -0.430042 -0 0.233521 0.888742
1.14127 -0.373406 -0 0.229962 0.89865
0.193185 -0.373406 -0 0.442255 0.997034
0.190211 -0.373406 -0 0.443077 0.997142
0.38637 -0.373406 -0 0.38997 0.98621
0.190211 -0.373406 -0 0.443077 0.997142
0.380423 -0.373406 -0 0.391536 0.986649
0.38637 -0.373406 -0 0.38997 0.98621
0.38637 -0.373406 -0 0.38997 0.98621
0.380423 -0.373406 -0 0.391536 0.986649
0.579556 -0.373406 -0 0.341277 0.968862
0.380423 -0.373406 -0 0.391536 0.986649
0.570634 -0.373406 -0 0.343423 0.969782
0.579556 -0.373406 -0 0.341277 0.968862
0.579556 -0.373406 -0 0.341277 0.968862
0.570634 -0.373406 -0 0.343423 0.969782
0.772741 -0.373406 -0 0.297625 0.94682
0.570634 -0.373406 -0 0.343423 0.969782
0.760845 -0.373406 -0 0.300152 0.948275
0.772741 -0.373406 -0 0.297625 0.94682
0.772741 -0.373406 -0 0.297625 0.94682
0.760845 -0.373406 -0 0.300152 0.948275
0.965926 -0.373406 -0 0.259621 0.922053
0.760845 -0.373406 -0 0.300152 0.948275
0.951057 -0.373406 -0 0.262344 0.924015
0.965926 -0.373406 -0 0.259621 0.922053
0.965926 -0.373406 -0 0.259621 0.922053
0.951057 -0.373406 -0 0.262344 0.924015
1.15911 -0.373406 -0 0.227189 0.896261
0.951057 -0.373406 -0 0.262344 0.924015
1.14127 -0.373406 -0 0.229962 0.89865
1.15911 -0.373406 -0 0.227189 0.896261
0.19563 -0.373406 -0 0.44158 0.996943
0.193185 -0.373406 -0 0.442255 0.997034
0.391259 -0.373406 -0 0.388686 0.985845
0.193185 -0.373406 -0 0.442255 0.997034
0.38637 -0.373406 -0 0.38997 0.98621
0.391259 -0.373406 -0 0.388686 0.985845
0.391259 -0.373406 -0 0.388686 0.985845
0.38637 -0.373406 -0 0.38997 0.98621
0.586889 -0.373406 -0 0.339522 0.968099
0.38637 -0.373406 -0 0.38997 0.98621
0.579556 -0.373406 -0 0.341277 0.968862
0.586889 -0.373406 -0 0.339522 0.968099
0.586889 -0.373406 -0 0.339522 0.968099
0.579556 -0.373406 -0 0.341277 0.968862
0.782518 -0.373406 -0 0.295564 0.945616
0.579556 -0.373406 -0 0.341277 0.968862
0.772741 -0.373406 -0 0.297625 0.94682
0.782518 -0.373406 -0 0.295564 0.945616
0.782518 -0.373406 -0 0.295564 0.945616
0.772741 -0.373406 -0 0.297625 0.94682
0.978148 -0.373406 -0 0.257407 0.920437
0.772741 -0.373406 -0 0.297625 0.94682
0.965926 -0.373406 -0 0.259621 0.922053
0.978148 -0.373406 -0 0.257407 0.920437
