0.363192 0.712805 -0 0.603045 0.927463
0.4 0.69282 -0 0.612788 0.931955
0.453991 0.891007 -0 0.617612 0.862186
0.4 0.69282 -0 0.612788 0.931955
0.5 0.866025 -0 0.629005 0.867544
0.453991 0.891007 -0 0.617612 0.862186
0.453991 0.891007 -0 0.617612 0.862186
0.5 0.866025 -0 0.629005 0.867544
0.544789 1.06921 -0 0.628383 0.802065
0.5 0.866025 -0 0.629005 0.867544
0.6 1.03923 -0 0.641089 0.80805
0.544789 1.06921 -0 0.628383 0.802065
0.544789 1.06921 -0 0.628383 0.802065
0.6 1.03923 -0 0.641089 0.80805
0.635587 1.24741 -0 0.63615 0.748707
0.6 1.03923 -0 0.641089 0.80805
0.7 1.21244 -0 0.649871 0.755072
0.635587 1.24741 -0 0.63615 0.748707
0.635587 1.24741 -0 0.63615 0.748707
0.7 1.21244 -0 0.649871 0.755072
0.726385 1.42561 -0 0.641694 0.70237
0.7 1.21244 -0 0.649871 0.755072
0.8 1.38564 -0 0.656188 0.708916
0.726385 1.42561 -0 0.641694 0.70237
0.726385 1.42561 -0 0.641694 0.70237
0.8 1.38564 -0 0.656188 0.708916
0.817183 1.60381 -0 0.645649 0.662538
0.8 1.38564 -0 0.656188 0.708916
0.9 1.55885 -0 0.660727 0.669127
0.817183 1.60381 -0 0.645649 0.662538
0.817183 1.60381 -0 0.645649 0.662538
0.9 1.55885 -0 0.660727 0.669127
1.05386 2.06831 0.04 0.652905 0.576905
0.9 1.55885 -0 0.660727 0.669127
1.16066 2.01032 0.04 0.669098 0.583295
1.05386 2.06831 0.04 0.652905 0.576905
1.05386 2.06831 0.04 0.652905 0.576905
1.16066 2.01032 0.04 0.669098 0.583295
1.14466 2.24651 0.16 0.657878 0.534691
1.16066 2.01032 0.04 0.669098 0.583295
1.26066 2.18353 0.16 0.674756 0.540931
1.14466 2.24651 0.16 0.657878 0.534691
1.14466 2.24651 0.16 0.657878 0.534691
1.26066 2.18353 0.16 0.674756 0.540931
1.23545 2.42471 0.36 0.664106 0.48268
1.26066 2.18353 0.16 0.674756 0.540931
1.36066 2.35673 0.36 0.681824 0.48868
1.23545 2.42471 0.36 0.664106 0.48268
1.23545 2.42471 0.36 0.664106 0.48268
1.36066 2.35673 0.36 0.681824 0.48868
1.32625 2.60292 0.64 0.670872 0.42031
1.36066 2.35673 0.36 0.681824 0.48868
1.46066 2.52994 0.64 0.689488 0.425948
1.32625 2.60292 0.64 0.670872 0.42031
1.32625 2.60292 0.64 0.670872 0.42031
1.46066 2.52994 0.64 0.689488 0.425948
1.41705 2.78112 1 0.677184 0.347954
1.46066 2.52994 0.64 0.689488 0.425948
1.56066 2.70314 1 0.696615 0.353116
1.41705 2.78112 1 0.677184 0.347954
1.41705 2.78112 1 0.677184 0.347954
1.56066 2.70314 1 0.696615 0.353116
1.50785 2.95932 1.44 0.681732 0.267855
1.56066 2.70314 1 0.696615 0.353116
1.66066 2.87635 1.44 0.70172 0.272489
1.50785 2.95932 1.44 0.681732 0.267855
0.325389 0.730836 -0 0.593081 0.923401
0.363192 0.712805 -0 0.603045 0.927463
0.406737 0.913545 -0 0.605994 0.857344
0.363192 0.712805 -0 0.603045 0.927463
0.453991 0.891007 -0 0.617612 0.862186
0.406737 0.913545 -0 0.605994 0.857344
0.406737 0.913545 -0 0.605994 0.857344
0.453991 0.891007 -0 0.617612 0.862186
0.488084 1.09625 -0 0.615471 0.796669
0.453991 0.891007 -0 0.617612 0.862186
0.544789 1.06921 -0 0.628383 0.802065
0.488084 1.09625 -0 0.615471 0.796669
0.488084 1.09625 -0 0.615471 0.796669
0.544789 1.06921 -0 0.628383 0.802065
0.569431 1.27896 -0 0.622251 0.742989
0.544789 1.06921 -0 0.628383 0.802065
0.635587 1.24741 -0 0.63615 0.748707
0.569431 1.27896 -0 0.622251 0.742989
0.569431 1.27896 -0 0.622251 0.742989
0.635587 1.24741 -0 0.63615 0.748707
0.650779 1.46167 -0 0.627056 0.696514
0.635587 1.24741 -0 0.63615 0.748707
0.726385 1.42561 -0 0.641694 0.70237
0.650779 1.46167 -0 0.627056 0.696514
0.650779 1.46167 -0 0.627056 0.696514
0.726385 1.42561 -0 0.641694 0.70237
0.732126 1.64438 -0 0.63046 0.656666
0.726385 1.42561 -0 0.641694 0.70237
0.817183 1.60381 -0 0.645649 0.662538
0.732126 1.64438 -0 0.63046 0.656666
0.732126 1.64438 -0 0.63046 0.656666
0.817183 1.60381 -0 0.645649 0.662538
0.944166 2.12063 0.04 0.63667 0.571257
0.817183 1.60381 -0 0.645649 0.662538
1.05386 2.06831 0.04 0.652905 0.576905
0.944166 2.12063 0.04 0.63667 0.571257
0.944166 2.12063 0.04 0.63667 0.571257
1.05386 2.06831 0.04 0.652905 0.576905
1.02551 2.30334 0.16 0.640979 0.529197
1.05386 2.06831 0.04 0.652905 0.576905
1.14466 2.24651 0.16 0.657878 0.534691
1.02551 2.30334 0.16 0.640979 0.529197
1.02551 2.30334 0.16 0.640979 0.529197
1.14466 2.24651 0.16 0.657878 0.534691
1.10686 2.48605 0.36 0.646386 0.477424
1.14466 2.24651 0.16 0.657878 0.534691
1.23545 2.42471 0.36 0.664106 0.48268
1.10686 2.48605 0.36 0.646386 0.477424
1.10686 2.48605 0.36 0.646386 0.477424
1.23545 2.42471 0.36 0.664106 0.48268
1.18821 2.66876 0.64 0.652265 0.415405
1.23545 2.42471 0.36 0.664106 0.48268
1.32625 2.60292 0.64 0.670872 0.42031
1.18821 2.66876 0.64 0.652265 0.415405
1.18821 2.66876 0.64 0.652265 0.415405
1.32625 2.60292 0.64 0.670872 0.42031
1.26956 2.85147 1 0.657757 0.343509
1.32625 2.60292 0.64 0.670872 0.42031
1.41705 2.78112 1 0.677184 0.347954
1.26956 2.85147 1 0.657757 0.343509
1.26956 2.85147 1 0.657757 0.343509
1.41705 2.78112 1 0.677184 0.347954
1.3509 3.03418 1.44 0.661725 0.263913
1.41705 2.78112 1 0.677184 0.347954
1.50785 2.95932 1.44 0.681732 0.267855
1.3509 3.03418 1.44 0.661725 0.263913
0.286694 0.746864 -0 0.582924 0.919785
0.325389 0.730836 -0 0.593081 0.923401
0.358368 0.93358 -0 0.594186 0.853035
0.325389 0.730836 -0 0.593081 0.923401
0.406737 0.913545 -0 0.605994 0.857344
0.358368 0.93358 -0 0.594186 0.853035
0.358368 0.93358 -0 0.594186 0.853035
0.406737 0.913545 -0 0.605994 0.857344
0.430042 1.1203 -0 0.602388 0.79188
0.406737 0.913545 -0 0.605994 0.857344
0.488084 1.09625 -0 0.615471 0.796669
0.430042 1.1203 -0 0.602388 0.79188
0.430042 1.1203 -0 0.602388 0.79188
0.488084 1.09625 -0 0.615471 0.796669
0.501715 1.30701 -0 0.608212 0.737935
0.488084 1.09625 -0 0.615471 0.796669
0.569431 1.27896 -0 0.622251 0.742989
0.501715 1.30701 -0 0.608212 0.737935
0.501715 1.30701 -0 0.608212 0.737935
0.569431 1.27896 -0 0.622251 0.742989
0.573389 1.49373 -0 0.61231 0.691359
0.569431 1.27896 -0 0.622251 0.742989
0.650779 1.46167 -0 0.627056 0.696514
0.573389 1.49373 -0 0.61231 0.691359
0.573389 1.49373 -0 0.61231 0.691359
0.650779 1.46167 -0 0.627056 0.696514
0.645062 1.68044 -0 0.615194 0.651516
0.650779 1.46167 -0 0.627056 0.696514
0.732126 1.64438 -0 0.63046 0.656666
0.645062 1.68044 -0 0.615194 0.651516
0.645062 1.68044 -0 0.615194 0.651516
0.732126 1.64438 -0 0.63046 0.656666
0.831887 2.16714 0.04 0.62042 0.566345
0.732126 1.64438 -0 0.63046 0.656666
0.944166 2.12063 0.04 0.63667 0.571257
0.831887 2.16714 0.04 0.62042 0.566345
0.831887 2.16714 0.04 0.62042 0.566345
0.944166 2.12063 0.04 0.63667 0.571257
0.90356 2.35386 0.16 0.624087 0.524436
0.944166 2.12063 0.04 0.63667 0.571257
1.02551 2.30334 0.16 0.640979 0.529197
0.90356 2.35386 0.16 0.624087 0.524436
0.90356 2.35386 0.16 0.624087 0.524436
1.02551 2.30334 0.16 0.640979 0.529197
0.975234 2.54057 0.36 0.628695 0.472892
1.02551 2.30334 0.16 0.640979 0.529197
1.10686 2.48605 0.36 0.646386 0.477424
0.975234 2.54057 0.36 0.628695 0.472892
0.975234 2.54057 0.36 0.628695 0.472892
1.10686 2.48605 0.36 0.646386 0.477424
1.04691 2.72729 0.64 0.6337 0.411208
1.10686 2.48605 0.36 0.646386 0.477424
1.18821 2.66876 0.64 0.652265 0.415405
1.04691 2.72729 0.64 0.6337 0.411208
1.04691 2.72729 0.64 0.6337 0.411208
1.18821 2.66876 0.64 0.652265 0.415405
1.11858 2.914 1 0.63837 0.339748
1.18821 2.66876 0.64 0.652265 0.415405
1.26956 2.85147 1 0.657757 0.343509
1.11858 2.914 1 0.63837 0.339748
1.11858 2.914 1 0.63837 0.339748
1.26956 2.85147 1 0.657757 0.343509
1.19025 3.10072 1.44 0.641736 0.260626
1.26956 2.85147 1 0.657757 0.343509
1.3509 3.03418 1.44 0.661725 0.263913
1.19025 3.10072 1.44 0.641736 0.260626
0.247214 0.760845 -0 0.5726 0.916626
0.286694 0.746864 -0 0.582924 0.919785
0.309017 0.951057 -0 0.582217 0.849275
0.286694 0.746864 -0 0.582924 0.919785
0.358368 0.93358 -0 0.594186 0.853035
0.309017 0.951057 -0 0.582217 0.849275
0.309017 0.951057 -0 0.582217 0.849275
0.358368 0.93358 -0 0.594186 0.853035
0.37082 1.14127 -0 0.589168 0.787715
0.358368 0.93358 -0 0.594186 0.853035
0.430042 1.1203 -0 0.602388 0.79188
0.37082 1.14127 -0 0.589168 0.787715
0.37082 1.14127 -0 0.589168 0.787715
0.430042 1.1203 -0 0.602388 0.79188
0.432624 1.33148 -0 0.594066 0.733558
0.430042 1.1203 -0 0.602388 0.79188
0.501715 1.30701 -0 0.608212 0.737935
0.432624 1.33148 -0 0.594066 0.733558
0.432624 1.33148 -0 0.594066 0.733558
0.501715 1.30701 -0 0.608212 0.737935
0.494427 1.52169 -0 0.597487 0.686914
0.501715 1.30701 -0 0.608212 0.737935
0.573389 1.49373 -0 0.61231 0.691359
0.494427 1.52169 -0 0.597487 0.686914
0.494427 1.52169 -0 0.597487 0.686914
0.573389 1.49373 -0 0.61231 0.691359
0.556231 1.7119 -0 0.599877 0.647093
0.573389 1.49373 -0 0.61231 0.691359
0.645062 1.68044 -0 0.615194 0.651516
0.556231 1.7119 -0 0.599877 0.647093
0.556231 1.7119 -0 0.599877 0.647093
0.645062 1.68044 -0 0.615194 0.651516
0.717327 2.20771 0.04 0.604174 0.562159
0.645062 1.68044 -0 0.615194 0.651516
0.831887 2.16714 0.04 0.62042 0.566345
0.717327 2.20771 0.04 0.604174 0.562159
0.717327 2.20771 0.04 0.604174 0.562159
0.831887 2.16714 0.04 0.62042 0.566345
0.779131 2.39792 0.16 0.607221 0.520396
0.831887 2.16714 0.04 0.62042 0.566345
0.90356 2.35386 0.16 0.624087 0.524436
0.779131 2.39792 0.16 0.607221 0.520396
0.779131 2.39792 0.16 0.607221 0.520396
0.90356 2.35386 0.16 0.624087 0.524436
0.840934 2.58813 0.36 0.611048 0.469066
0.90356 2.35386 0.16 0.624087 0.524436
0.975234 2.54057 0.36 0.628695 0.472892
0.840934 2.58813 0.36 0.611048 0.469066
0.840934 2.58813 0.36 0.611048 0.469066
0.975234 2.54057 0.36 0.628695 0.472892
0.902738 2.77834 0.64 0.615195 0.407693
0.975234 2.54057 0.36 0.628695 0.472892
1.04691 2.72729 0.64 0.6337 0.411208
0.902738 2.77834 0.64 0.615195 0.407693
0.902738 2.77834 0.64 0.615195 0.407693
1.04691 2.72729 0.64 0.6337 0.411208
0.964541 2.96855 1 0.619046 0.336638
1.04691 2.72729 0.64 0.6337 0.411208
1.11858 2.914 1 0.63837 0.339748
0.964541 2.96855 1 0.619046 0.336638
0.964541 2.96855 1 0.619046 0.336638
1.11858 2.914 1 0.63837 0.339748
1.02634 3.15876 1.44 0.621792 0.257956
1.11858 2.914 1 0.63837 0.339748
1.19025 3.10072 1.44 0.641736 0.260626
1.02634 3.15876 1.44 0.621792 0.257956
0.207055 0.772741 -0 0.562137 0.913937
0.247214 0.760845 -0 0.5726 0.916626
0.258819 0.965926 -0 0.570118 0.846079
0.247214 0.760845 -0 0.5726 0.916626
0.309017 0.951057 -0 0.582217 0.849275
0.258819 0.965926 -0 0.570118 0.846079
0.258819 0.965926 -0 0.570118 0.846079
0.309017 0.951057 -0 0.582217 0.849275
0.310583 1.15911 -0 0.57584 0.784187
0.309017 0.951057 -0 0.582217 0.849275
0.37082 1.14127 -0 0.589168 0.787715
0.310583 1.15911 -0 0.57584 0.784187
0.310583 1.15911 -0 0.57584 0.784187
0.37082 1.14127 -0 0.589168 0.787715
0.362347 1.3523 -0 0.579839 0.729867
0.37082 1.14127 -0 0.589168 0.787715
0.432624 1.33148 -0 0.594066 0.733558
0.362347 1.3523 -0 0.579839 0.729867
0.362347 1.3523 -0 0.579839 0.729867
0.432624 1.33148 -0 0.594066 0.733558
0.41411 1.54548 -0 0.58261 0.683183
0.432624 1.33148 -0 0.594066 0.733558
0.494427 1.52169 -0 0.597487 0.686914
0.41411 1.54548 -0 0.58261 0.683183
0.41411 1.54548 -0 0.58261 0.683183
0.494427 1.52169 -0 0.597487 0.686914
0.465874 1.73867 -0 0.58453 0.643395
0.494427 1.52169 -0 0.597487 0.686914
0.556231 1.7119 -0 0.599877 0.647093
0.465874 1.73867 -0 0.58453 0.643395
0.465874 1.73867 -0 0.58453 0.643395
0.556231 1.7119 -0 0.599877 0.647093
0.600802 2.24222 0.04 0.587946 0.558691
0.556231 1.7119 -0 0.599877 0.647093
0.717327 2.20771 0.04 0.604174 0.562159
0.600802 2.24222 0.04 0.587946 0.558691
0.600802 2.24222 0.04 0.587946 0.558691
0.717327 2.20771 0.04 0.604174 0.562159
0.652566 2.43541 0.16 0.590392 0.517062
0.717327 2.20771 0.04 0.604174 0.562159
0.779131 2.39792 0.16 0.607221 0.520396
0.652566 2.43541 0.16 0.590392 0.517062
0.652566 2.43541 0.16 0.590392 0.517062
0.779131 2.39792 0.16 0.607221 0.520396
0.70433 2.62859 0.36 0.593457 0.46593
0.779131 2.39792 0.16 0.607221 0.520396
0.840934 2.58813 0.36 0.611048 0.469066
0.70433 2.62859 0.36 0.593457 0.46593
0.70433 2.62859 0.36 0.593457 0.46593
0.840934 2.58813 0.36 0.611048 0.469066
0.756093 2.82178 0.64 0.59676 0.40484
0.840934 2.58813 0.36 0.611048 0.469066
0.902738 2.77834 0.64 0.615195 0.407693
0.756093 2.82178 0.64 0.59676 0.40484
0.756093 2.82178 0.64 0.59676 0.40484
0.902738 2.77834 0.64 0.615195 0.407693
0.807857 3.01496 1 0.599798 0.334152
0.902738 2.77834 0.64 0.615195 0.407693
0.964541 2.96855 1 0.619046 0.336638
0.807857 3.01496 1 0.599798 0.334152
0.807857 3.01496 1 0.599798 0.334152
0.964541 2.96855 1 0.619046 0.336638
0.859621 3.20815 1.44 0.601911 0.255869
0.964541 2.96855 1 0.619046 0.336638
1.02634 3.15876 1.44 0.621792 0.257956
0.859621 3.20815 1.44 0.601911 0.255869
0.166329 0.782518 -0 0.55156 0.911727
0.207055 0.772741 -0 0.562137 0.913937
0.207912 0.978148 -0 0.557915 0.84346
0.207055 0.772741 -0 0.562137 0.913937
0.258819 0.965926 -0 0.570118 0.846079
0.207912 0.978148 -0 0.557915 0.84346
0.207912 0.978148 -0 0.557915 0.84346
0.258819 0.965926 -0 0.570118 0.846079
0.249494 1.17378 -0 0.56243 0.781308
0.258819 0.965926 -0 0.570118 0.846079
0.310583 1.15911 -0 0.57584 0.784187
0.249494 1.17378 -0 0.56243 0.781308
0.249494 1.17378 -0 0.56243 0.781308
0.310583 1.15911 -0 0.57584 0.784187
0.291076 1.36941 -0 0.565555 0.726871
0.310583 1.15911 -0 0.57584 0.784187
0.362347 1.3523 -0 0.579839 0.729867
0.291076 1.36941 -0 0.565555 0.726871
0.291076 1.36941 -0 0.565555 0.726871
0.362347 1.3523 -0 0.579839 0.729867
0.332659 1.56504 -0 0.5677 0.680168
0.362347 1.3523 -0 0.579839 0.729867
0.41411 1.54548 -0 0.58261 0.683183
0.332659 1.56504 -0 0.5677 0.680168
0.332659 1.56504 -0 0.5677 0.680168
0.41411 1.54548 -0 0.58261 0.683183
0.374241 1.76067 -0 0.569168 0.640421
0.41411 1.54548 -0 0.58261 0.683183
0.465874 1.73867 -0 0.58453 0.643395
0.374241 1.76067 -0 0.569168 0.640421
0.374241 1.76067 -0 0.569168 0.640421
0.465874 1.73867 -0 0.58453 0.643395
0.48263 2.27059 0.04 0.571744 0.555932
0.465874 1.73867 -0 0.58453 0.643395
0.600802 2.24222 0.04 0.587946 0.558691
0.48263 2.27059 0.04 0.571744 0.555932
0.48263 2.27059 0.04 0.571744 0.555932
0.600802 2.24222 0.04 0.587946 0.558691
0.524212 2.46622 0.16 0.573604 0.514425
0.600802 2.24222 0.04 0.587946 0.558691
0.652566 2.43541 0.16 0.590392 0.517062
0.524212 2.46622 0.16 0.573604 0.514425
0.524212 2.46622 0.16 0.573604 0.514425
0.652566 2.43541 0.16 0.590392 0.517062
0.565794 2.66185 0.36 0.575925 0.463466
0.652566 2.43541 0.16 0.590392 0.517062
0.70433 2.62859 0.36 0.593457 0.46593
0.565794 2.66185 0.36 0.575925 0.463466
0.565794 2.66185 0.36 0.575925 0.463466
0.70433 2.62859 0.36 0.593457 0.46593
0.607377 2.85748 0.64 0.578399 0.402627
0.70433 2.62859 0.36 0.593457 0.46593
0.756093 2.82178 0.64 0.59676 0.40484
0.607377 2.85748 0.64 0.578399 0.402627
0.607377 2.85748 0.64 0.578399 0.402627
0.756093 2.82178 0.64 0.59676 0.40484
0.648959 3.05311 1 0.580629 0.332264
0.756093 2.82178 0.64 0.59676 0.40484
0.807857 3.01496 1 0.599798 0.334152
0.648959 3.05311 1 0.580629 0.332264
0.648959 3.05311 1 0.580629 0.332264
0.807857 3.01496 1 0.599798 0.334152
0.690541 3.24874 1.44 0.5821 0.254333
0.807857 3.01496 1 0.599798 0.334152
0.859621 3.20815 1.44 0.601911 0.255869
0.690541 3.24874 1.44 0.5821 0.254333
0.125148 0.790151 -0 0.540894 0.910007
0.166329 0.782518 -0 0.55156 0.911727
0.156434 0.987688 -0 0.545634 0.841428
0.166329 0.782518 -0 0.55156 0.911727
0.207912 0.978148 -0 0.557915 0.84346
0.156434 0.987688 -0 0.545634 0.841428
0.156434 0.987688 -0 0.545634 0.841428
0.207912 0.978148 -0 0.557915 0.84346
0.187721 1.18523 -0 0.548961 0.779087
0.207912 0.978148 -0 0.557915 0.84346
0.249494 1.17378 -0 0.56243 0.781308
0.187721 1.18523 -0 0.548961 0.779087
0.187721 1.18523 -0 0.548961 0.779087
0.249494 1.17378 -0 0.56243 0.781308
0.219008 1.38276 -0 0.551234 0.724573
0.249494 1.17378 -0 0.56243 0.781308
0.291076 1.36941 -0 0.565555 0.726871
0.219008 1.38276 -0 0.551234 0.724573
0.219008 1.38276 -0 0.551234 0.724573
0.291076 1.36941 -0 0.565555 0.726871
0.250295 1.5803 -0 0.552771 0.677871
0.291076 1.36941 -0 0.565555 0.726871
0.332659 1.56504 -0 0.5677 0.680168
0.250295 1.5803 -0 0.552771 0.677871
0.250295 1.5803 -0 0.552771 0.677871
0.332659 1.56504 -0 0.5677 0.680168
0.281582 1.77784 -0 0.553805 0.638169
0.332659 1.56504 -0 0.5677 0.680168
0.374241 1.76067 -0 0.569168 0.640421
0.281582 1.77784 -0 0.553805 0.638169
0.281582 1.77784 -0 0.553805 0.638169
0.374241 1.76067 -0 0.569168 0.640421
0.363135 2.29274 0.04 0.555571 0.553873
0.374241 1.76067 -0 0.569168 0.640421
0.48263 2.27059 0.04 0.571744 0.555932
0.363135 2.29274 0.04 0.555571 0.553873
0.363135 2.29274 0.04 0.555571 0.553873
0.48263 2.27059 0.04 0.571744 0.555932
0.394421 2.49028 0.16 0.556859 0.512472
0.48263 2.27059 0.04 0.571744 0.555932
0.524212 2.46622 0.16 0.573604 0.514425
0.394421 2.49028 0.16 0.556859 0.512472
0.394421 2.49028 0.16 0.556859 0.512472
0.524212 2.46622 0.16 0.573604 0.514425
0.425708 2.68782 0.36 0.558449 0.461662
0.524212 2.46622 0.16 0.573604 0.514425
0.565794 2.66185 0.36 0.575925 0.463466
0.425708 2.68782 0.36 0.558449 0.461662
0.425708 2.68782 0.36 0.558449 0.461662
0.565794 2.66185 0.36 0.575925 0.463466
0.456995 2.88535 0.64 0.560106 0.401038
0.565794 2.66185 0.36 0.575925 0.463466
0.607377 2.85748 0.64 0.578399 0.402627
0.456995 2.88535 0.64 0.560106 0.401038
0.456995 2.88535 0.64 0.560106 0.401038
0.607377 2.85748 0.64 0.578399 0.402627
0.488282 3.08289 1 0.561537 0.330954
0.607377 2.85748 0.64 0.578399 0.402627
0.648959 3.05311 1 0.580629 0.332264
0.488282 3.08289 1 0.561537 0.330954
0.488282 3.08289 1 0.561537 0.330954
0.648959 3.05311 1 0.580629 0.332264
0.519569 3.28043 1.44 0.562361 0.253324
0.648959 3.05311 1 0.580629 0.332264
0.690541 3.24874 1.44 0.5821 0.254333
0.519569 3.28043 1.44 0.562361 0.253324
0.0836228 0.795618 -0 0.530165 0.908783
0.125148 0.790151 -0 0.540894 0.910007
0.104528 0.994522 -0 0.533299 0.839991
0.125148 0.790151 -0 0.540894 0.910007
0.156434 0.987688 -0 0.545634 0.841428
0.104528 0.994522 -0 0.533299 0.839991
0.104528 0.994522 -0 0.533299 0.839991
0.156434 0.987688 -0 0.545634 0.841428
0.125434 1.19343 -0 0.535455 0.777529
0.156434 0.987688 -0 0.545634 0.841428
0.187721 1.18523 -0 0.548961 0.779087
0.125434 1.19343 -0 0.535455 0.777529
0.125434 1.19343 -0 0.535455 0.777529
0.187721 1.18523 -0 0.548961 0.779087
0.14634 1.39233 -0 0.536892 0.722977
0.187721 1.18523 -0 0.548961 0.779087
0.219008 1.38276 -0 0.551234 0.724573
0.14634 1.39233 -0 0.536892 0.722977
0.14634 1.39233 -0 0.536892 0.722977
0.219008 1.38276 -0 0.551234 0.724573
0.167246 1.59124 -0 0.537835 0.676291
0.219008 1.38276 -0 0.551234 0.724573
0.250295 1.5803 -0 0.552771 0.677871
0.167246 1.59124 -0 0.537835 0.676291
0.167246 1.59124 -0 0.537835 0.676291
0.250295 1.5803 -0 0.552771 0.677871
0.188151 1.79014 -0 0.538446 0.636634
0.250295 1.5803 -0 0.552771 0.677871
0.281582 1.77784 -0 0.553805 0.638169
0.188151 1.79014 -0 0.538446 0.636634
0.188151 1.79014 -0 0.538446 0.636634
0.281582 1.77784 -0 0.553805 0.638169
0.242644 2.3086 0.04 0.539426 0.552507
0.281582 1.77784 -0 0.553805 0.638169
0.363135 2.29274 0.04 0.555571 0.553873
0.242644 2.3086 0.04 0.539426 0.552507
0.242644 2.3086 0.04 0.539426 0.552507
0.363135 2.29274 0.04 0.555571 0.553873
0.26355 2.50751 0.16 0.540151 0.511195
0.363135 2.29274 0.04 0.555571 0.553873
0.394421 2.49028 0.16 0.556859 0.512472
0.26355 2.50751 0.16 0.540151 0.511195
0.26355 2.50751 0.16 0.540151 0.511195
0.394421 2.49028 0.16 0.556859 0.512472
0.284455 2.70641 0.36 0.541022 0.460506
0.394421 2.49028 0.16 0.556859 0.512472
0.425708 2.68782 0.36 0.558449 0.461662
0.284455 2.70641 0.36 0.541022 0.460506
0.284455 2.70641 0.36 0.541022 0.460506
0.425708 2.68782 0.36 0.558449 0.461662
0.305361 2.90532 0.64 0.541874 0.400061
0.425708 2.68782 0.36 0.558449 0.461662
0.456995 2.88535 0.64 0.560106 0.401038
0.305361 2.90532 0.64 0.541874 0.400061
0.305361 2.90532 0.64 0.541874 0.400061
0.456995 2.88535 0.64 0.560106 0.401038
0.326267 3.10422 1 0.542514 0.330207
0.456995 2.88535 0.64 0.560106 0.401038
0.488282 3.08289 1 0.561537 0.330954
0.326267 3.10422 1 0.542514 0.330207
0.326267 3.10422 1 0.542514 0.330207
0.488282 3.08289 1 0.561537 0.330954
0.347172 3.30313 1.44 0.542688 0.252822
0.488282 3.08289 1 0.561537 0.330954
0.519569 3.28043 1.44 0.562361 0.253324
0.347172 3.30313 1.44 0.542688 0.252822
0.0418688 0.798904 -0 0.519395 0.90806
0.0836228 0.795618 -0 0.530165 0.908783
0.052336 0.99863 -0 0.520934 0.839155
0.0836228 0.795618 -0 0.530165 0.908783
0.104528 0.994522 -0 0.533299 0.839991
0.052336 0.99863 -0 0.520934 0.839155
0.052336 0.99863 -0 0.520934 0.839155
0.104528 0.994522 -0 0.533299 0.839991
0.0628031 1.19836 -0 0.521931 0.776638
0.104528 0.994522 -0 0.533299 0.839991
0.125434 1.19343 -0 0.535455 0.777529
0.0628031 1.19836 -0 0.521931 0.776638
0.0628031 1.19836 -0 0.521931 0.776638
0.125434 1.19343 -0 0.535455 0.777529
0.0732703 1.39808 -0 0.522544 0.722083
0.125434 1.19343 -0 0.535455 0.777529
0.14634 1.39233 -0 0.536892 0.722977
0.0732703 1.39808 -0 0.522544 0.722083
0.0732703 1.39808 -0 0.522544 0.722083
0.14634 1.39233 -0 0.536892 0.722977
0.0837375 1.59781 -0 0.522904 0.675426
0.14634 1.39233 -0 0.536892 0.722977
0.167246 1.59124 -0 0.537835 0.676291
0.0837375 1.59781 -0 0.522904 0.675426
0.0837375 1.59781 -0 0.522904 0.675426
0.167246 1.59124 -0 0.537835 0.676291
0.0942047 1.79753 -0 0.5231 0.635813
0.167246 1.59124 -0 0.537835 0.676291
0.188151 1.79014 -0 0.538446 0.636634
0.0942047 1.79753 -0 0.5231 0.635813
0.0942047 1.79753 -0 0.5231 0.635813
0.188151 1.79014 -0 0.538446 0.636634
0.121489 2.31814 0.04 0.523305 0.551826
0.188151 1.79014 -0 0.538446 0.636634
0.242644 2.3086 0.04 0.539426 0.552507
0.121489 2.31814 0.04 0.523305 0.551826
0.121489 2.31814 0.04 0.523305 0.551826
0.242644 2.3086 0.04 0.539426 0.552507
0.131956 2.51786 0.16 0.523472 0.510584
0.242644 2.3086 0.04 0.539426 0.552507
0.26355 2.50751 0.16 0.540151 0.511195
0.131956 2.51786 0.16 0.523472 0.510584
0.131956 2.51786 0.16 0.523472 0.510584
0.26355 2.50751 0.16 0.540151 0.511195
0.142423 2.71759 0.36 0.523633 0.459993
0.26355 2.50751 0.16 0.540151 0.511195
0.284455 2.70641 0.36 0.541022 0.460506
0.142423 2.71759 0.36 0.523633 0.459993
0.142423 2.71759 0.36 0.523633 0.459993
0.284455 2.70641 0.36 0.541022 0.460506
0.15289 2.91732 0.64 0.523693 0.399688
0.284455 2.70641 0.36 0.541022 0.460506
0.305361 2.90532 0.64 0.541874 0.400061
0.15289 2.91732 0.64 0.523693 0.399688
0.15289 2.91732 0.64 0.523693 0.399688
0.305361 2.90532 0.64 0.541874 0.400061
0.163357 3.11704 1 0.523549 0.33001
0.305361 2.90532 0.64 0.541874 0.400061
0.326267 3.10422 1 0.542514 0.330207
0.163357 3.11704 1 0.523549 0.33001
0.163357 3.11704 1 0.523549 0.33001
0.326267 3.10422 1 0.542514 0.330207
0.173824 3.31677 1.44 0.523071 0.25281
0.326267 3.10422 1 0.542514 0.330207
0.347172 3.30313 1.44 0.542688 0.252822
0.173824 3.31677 1.44 0.523071 0.25281
4.89859e-17 0.8 -0 0.508609 0.907841
0.0418688 0.798904 -0 0.519395 0.90806
6.12323e-17 1 -0 0.508558 0.838922
0.0418688 0.798904 -0 0.519395 0.90806
0.052336 0.99863 -0 0.520934 0.839155
6.12323e-17 1 -0 0.508558 0.838922
6.12323e-17 1 -0 0.508558 0.838922
0.052336 0.99863 -0 0.520934 0.839155
7.34788e-17 1.2 -0 0.508404 0.776417
0.052336 0.99863 -0 0.520934 0.839155
0.0628031 1.19836 -0 0.521931 0.776638
7.34788e-17 1.2 -0 0.508404 0.776417
7.34788e-17 1.2 -0 0.508404 0.776417
0.0628031 1.19836 -0 0.521931 0.776638
8.57253e-17 1.4 -0 0.508202 0.721892
0.0628031 1.19836 -0 0.521931 0.776638
0.0732703 1.39808 -0 0.522544 0.722083
8.57253e-17 1.4 -0 0.508202 0.721892
8.57253e-17 1.4 -0 0.508202 0.721892
0.0732703 1.39808 -0 0.522544 0.722083
9.79717e-17 1.6 -0 0.507985 0.675274
0.0732703 1.39808 -0 0.522544 0.722083
0.0837375 1.59781 -0 0.522904 0.675426
9.79717e-17 1.6 -0 0.507985 0.675274
9.79717e-17 1.6 -0 0.507985 0.675274
0.0837375 1.59781 -0 0.522904 0.675426
1.10218e-16 1.8 -0 0.507771 0.635703
0.0837375 1.59781 -0 0.522904 0.675426
0.0942047 1.79753 -0 0.5231 0.635813
1.10218e-16 1.8 -0 0.507771 0.635703
1.10218e-16 1.8 -0 0.507771 0.635703
0.0942047 1.79753 -0 0.5231 0.635813
1.4214e-16 2.32132 0.04 0.507207 0.551822
0.0942047 1.79753 -0 0.5231 0.635813
0.121489 2.31814 0.04 0.523305 0.551826
1.4214e-16 2.32132 0.04 0.507207 0.551822
1.4214e-16 2.32132 0.04 0.507207 0.551822
0.121489 2.31814 0.04 0.523305 0.551826
1.54386e-16 2.52132 0.16 0.506818 0.510635
0.121489 2.31814 0.04 0.523305 0.551826
0.131956 2.51786 0.16 0.523472 0.510584
1.54386e-16 2.52132 0.16 0.506818 0.510635
1.54386e-16 2.52132 0.16 0.506818 0.510635
0.131956 2.51786 0.16 0.523472 0.510584
1.66633e-16 2.72132 0.36 0.506275 0.460121
0.131956 2.51786 0.16 0.523472 0.510584
0.142423 2.71759 0.36 0.523633 0.459993
1.66633e-16 2.72132 0.36 0.506275 0.460121
1.66633e-16 2.72132 0.36 0.506275 0.460121
0.142423 2.71759 0.36 0.523633 0.459993
1.78879e-16 2.92132 0.64 0.505551 0.399914
0.142423 2.71759 0.36 0.523633 0.459993
0.15289 2.91732 0.64 0.523693 0.399688
1.78879e-16 2.92132 0.64 0.505551 0.399914
1.78879e-16 2.92132 0.64 0.505551 0.399914
0.15289 2.91732 0.64 0.523693 0.399688
1.91126e-16 3.12132 1 0.504628 0.330357
0.15289 2.91732 0.64 0.523693 0.399688
0.163357 3.11704 1 0.523549 0.33001
1.91126e-16 3.12132 1 0.504628 0.330357
1.91126e-16 3.12132 1 0.504628 0.330357
0.163357 3.11704 1 0.523549 0.33001
2.03372e-16 3.32132 1.44 0.503497 0.253281
0.163357 3.11704 1 0.523549 0.33001
0.173824 3.31677 1.44 0.523071 0.25281
2.03372e-16 3.32132 1.44 0.503497 0.253281
-0.0418688 0.798904 -0 0.497829 0.908128
4.89859e-17 0.8 -0 0.508609 0.907841
-0.052336 0.99863 -0 0.496193 0.839294
4.89859e-17 0.8 -0 0.508609 0.907841
6.12323e-17 1 -0 0.508558 0.838922
-0.052336 0.99863 -0 0.496193 0.839294
-0.052336 0.99863 -0 0.496193 0.839294
6.12323e-17 1 -0 0.508558 0.838922
-0.0628031 1.19836 -0 0.494894 0.776865
6.12323e-17 1 -0 0.508558 0.838922
7.34788e-17 1.2 -0 0.508404 0.776417
-0.0628031 1.19836 -0 0.494894 0.776865
-0.0628031 1.19836 -0 0.494894 0.776865
7.34788e-17 1.2 -0 0.508404 0.776417
-0.0732703 1.39808 -0 0.493879 0.722403
7.34788e-17 1.2 -0 0.508404 0.776417
8.57253e-17 1.4 -0 0.508202 0.721892
-0.0732703 1.39808 -0 0.493879 0.722403
-0.0732703 1.39808 -0 0.493879 0.722403
8.57253e-17 1.4 -0 0.508202 0.721892
-0.0837375 1.59781 -0 0.493087 0.675834
8.57253e-17 1.4 -0 0.508202 0.721892
9.79717e-17 1.6 -0 0.507985 0.675274
-0.0837375 1.59781 -0 0.493087 0.675834
-0.0837375 1.59781 -0 0.493087 0.675834
9.79717e-17 1.6 -0 0.507985 0.675274
-0.0942047 1.79753 -0 0.492465 0.636301
9.79717e-17 1.6 -0 0.507985 0.675274
1.10218e-16 1.8 -0 0.507771 0.635703
-0.0942047 1.79753 -0 0.492465 0.636301
-0.0942047 1.79753 -0 0.492465 0.636301
1.10218e-16 1.8 -0 0.507771 0.635703
-0.121489 2.31814 0.04 0.491133 0.552493
1.10218e-16 1.8 -0 0.507771 0.635703
1.4214e-16 2.32132 0.04 0.507207 0.551822
-0.121489 2.31814 0.04 0.491133 0.552493
-0.121489 2.31814 0.04 0.491133 0.552493
1.4214e-16 2.32132 0.04 0.507207 0.551822
-0.131956 2.51786 0.16 0.490193 0.511348
1.4214e-16 2.32132 0.04 0.507207 0.551822
1.54386e-16 2.52132 0.16 0.506818 0.510635
-0.131956 2.51786 0.16 0.490193 0.511348
-0.131956 2.51786 0.16 0.490193 0.511348
1.54386e-16 2.52132 0.16 0.506818 0.510635
-0.142423 2.71759 0.36 0.488944 0.460885
1.54386e-16 2.52132 0.16 0.506818 0.510635
1.66633e-16 2.72132 0.36 0.506275 0.460121
-0.142423 2.71759 0.36 0.488944 0.460885
-0.142423 2.71759 0.36 0.488944 0.460885
1.66633e-16 2.72132 0.36 0.506275 0.460121
-0.15289 2.91732 0.64 0.487438 0.400738
1.66633e-16 2.72132 0.36 0.506275 0.460121
1.78879e-16 2.92132 0.64 0.505551 0.399914
-0.15289 2.91732 0.64 0.487438 0.400738
-0.15289 2.91732 0.64 0.487438 0.400738
1.78879e-16 2.92132 0.64 0.505551 0.399914
-0.163357 3.11704 1 0.485737 0.331244
1.78879e-16 2.92132 0.64 0.505551 0.399914
1.91126e-16 3.12132 1 0.504628 0.330357
-0.163357 3.11704 1 0.485737 0.331244
-0.163357 3.11704 1 0.485737 0.331244
1.91126e-16 3.12132 1 0.504628 0.330357
-0.173824 3.31677 1.44 0.483954 0.254228
1.91126e-16 3.12132 1 0.504628 0.330357
2.03372e-16 3.32132 1.44 0.503497 0.253281
-0.173824 3.31677 1.44 0.483954 0.254228
-0.0836228 0.795618 -0 0.487078 0.908919
-0.0418688 0.798904 -0 0.497829 0.908128
-0.104528 0.994522 -0 0.48386 0.840269
-0.0418688 0.798904 -0 0.497829 0.908128
-0.052336 0.99863 -0 0.496193 0.839294
-0.104528 0.994522 -0 0.48386 0.840269
-0.104528 0.994522 -0 0.48386 0.840269
-0.052336 0.99863 -0 0.496193 0.839294
-0.125434 1.19343 -0 0.481414 0.777981
-0.052336 0.99863 -0 0.496193 0.839294
-0.0628031 1.19836 -0 0.494894 0.776865
-0.125434 1.19343 -0 0.481414 0.777981
-0.125434 1.19343 -0 0.481414 0.777981
-0.0628031 1.19836 -0 0.494894 0.776865
-0.14634 1.39233 -0 0.479585 0.723614
-0.0628031 1.19836 -0 0.494894 0.776865
-0.0732703 1.39808 -0 0.493879 0.722403
-0.14634 1.39233 -0 0.479585 0.723614
-0.14634 1.39233 -0 0.479585 0.723614
-0.0732703 1.39808 -0 0.493879 0.722403
-0.167246 1.59124 -0 0.478217 0.677105
-0.0732703 1.39808 -0 0.493879 0.722403
-0.0837375 1.59781 -0 0.493087 0.675834
-0.167246 1.59124 -0 0.478217 0.677105
-0.167246 1.59124 -0 0.478217 0.677105
-0.0837375 1.59781 -0 0.493087 0.675834
-0.188151 1.79014 -0 0.477184 0.637607
-0.0837375 1.59781 -0 0.493087 0.675834
-0.0942047 1.79753 -0 0.492465 0.636301
-0.188151 1.79014 -0 0.477184 0.637607
-0.188151 1.79014 -0 0.477184 0.637607
-0.0942047 1.79753 -0 0.492465 0.636301
-0.242644 2.3086 0.04 0.475082 0.553838
-0.0942047 1.79753 -0 0.492465 0.636301
-0.121489 2.31814 0.04 0.491133 0.552493
-0.242644 2.3086 0.04 0.475082 0.553838
-0.242644 2.3086 0.04 0.475082 0.553838
-0.121489 2.31814 0.04 0.491133 0.552493
-0.26355 2.50751 0.16 0.473586 0.51272
-0.121489 2.31814 0.04 0.491133 0.552493
-0.131956 2.51786 0.16 0.490193 0.511348
-0.26355 2.50751 0.16 0.473586 0.51272
-0.26355 2.50751 0.16 0.473586 0.51272
-0.131956 2.51786 0.16 0.490193 0.511348
-0.284455 2.70641 0.36 0.471634 0.462285
-0.131956 2.51786 0.16 0.490193 0.511348
-0.142423 2.71759 0.36 0.488944 0.460885
-0.284455 2.70641 0.36 0.471634 0.462285
-0.284455 2.70641 0.36 0.471634 0.462285
-0.142423 2.71759 0.36 0.488944 0.460885
-0.305361 2.90532 0.64 0.469344 0.402158
-0.142423 2.71759 0.36 0.488944 0.460885
-0.15289 2.91732 0.64 0.487438 0.400738
-0.305361 2.90532 0.64 0.469344 0.402158
-0.305361 2.90532 0.64 0.469344 0.402158
-0.15289 2.91732 0.64 0.487438 0.400738
-0.326267 3.10422 1 0.466862 0.33267
-0.15289 2.91732 0.64 0.487438 0.400738
-0.163357 3.11704 1 0.485737 0.331244
-0.326267 3.10422 1 0.466862 0.33267
-0.326267 3.10422 1 0.466862 0.33267
-0.163357 3.11704 1 0.485737 0.331244
-0.347172 3.30313 1.44 0.464425 0.255652
-0.163357 3.11704 1 0.485737 0.331244
-0.173824 3.31677 1.44 0.483954 0.254228
-0.347172 3.30313 1.44 0.464425 0.255652
-0.125148 0.790151 -0 0.476378 0.91021
-0.0836228 0.795618 -0 0.487078 0.908919
-0.156434 0.987688 -0 0.471578 0.841844
-0.0836228 0.795618 -0 0.487078 0.908919
-0.104528 0.994522 -0 0.48386 0.840269
-0.156434 0.987688 -0 0.471578 0.841844
-0.156434 0.987688 -0 0.471578 0.841844
-0.104528 0.994522 -0 0.48386 0.840269
-0.187721 1.18523 -0 0.467982 0.779762
-0.104528 0.994522 -0 0.48386 0.840269
-0.125434 1.19343 -0 0.481414 0.777981
-0.187721 1.18523 -0 0.467982 0.779762
-0.187721 1.18523 -0 0.467982 0.779762
-0.125434 1.19343 -0 0.481414 0.777981
-0.219008 1.38276 -0 0.465333 0.725523
-0.125434 1.19343 -0 0.481414 0.777981
-0.14634 1.39233 -0 0.479585 0.723614
-0.219008 1.38276 -0 0.465333 0.725523
-0.219008 1.38276 -0 0.465333 0.725523
-0.14634 1.39233 -0 0.479585 0.723614
-0.250295 1.5803 -0 0.463383 0.679085
-0.14634 1.39233 -0 0.479585 0.723614
-0.167246 1.59124 -0 0.478217 0.677105
-0.250295 1.5803 -0 0.463383 0.679085
-0.250295 1.5803 -0 0.463383 0.679085
-0.167246 1.59124 -0 0.478217 0.677105
-0.281582 1.77784 -0 0.461935 0.63962
-0.167246 1.59124 -0 0.478217 0.677105
-0.188151 1.79014 -0 0.477184 0.637607
-0.281582 1.77784 -0 0.461935 0.63962
-0.281582 1.77784 -0 0.461935 0.63962
-0.188151 1.79014 -0 0.477184 0.637607
-0.363135 2.29274 0.04 0.459055 0.555859
-0.188151 1.79014 -0 0.477184 0.637607
-0.242644 2.3086 0.04 0.475082 0.553838
-0.363135 2.29274 0.04 0.459055 0.555859
-0.363135 2.29274 0.04 0.459055 0.555859
-0.242644 2.3086 0.04 0.475082 0.553838
-0.394421 2.49028 0.16 0.457002 0.514752
-0.242644 2.3086 0.04 0.475082 0.553838
-0.26355 2.50751 0.16 0.473586 0.51272
-0.394421 2.49028 0.16 0.457002 0.514752
-0.394421 2.49028 0.16 0.457002 0.514752
-0.26355 2.50751 0.16 0.473586 0.51272
-0.425708 2.68782 0.36 0.454341 0.464323
-0.26355 2.50751 0.16 0.473586 0.51272
-0.284455 2.70641 0.36 0.471634 0.462285
-0.425708 2.68782 0.36 0.454341 0.464323
-0.425708 2.68782 0.36 0.454341 0.464323
-0.284455 2.70641 0.36 0.471634 0.462285
-0.456995 2.88535 0.64 0.451257 0.404177
-0.284455 2.70641 0.36 0.471634 0.462285
-0.305361 2.90532 0.64 0.469344 0.402158
-0.456995 2.88535 0.64 0.451257 0.404177
-0.456995 2.88535 0.64 0.451257 0.404177
-0.305361 2.90532 0.64 0.469344 0.402158
-0.488282 3.08289 1 0.44799 0.334641
-0.305361 2.90532 0.64 0.469344 0.402158
-0.326267 3.10422 1 0.466862 0.33267
-0.488282 3.08289 1 0.44799 0.334641
-0.488282 3.08289 1 0.44799 0.334641
-0.326267 3.10422 1 0.466862 0.33267
-0.519569 3.28043 1.44 0.444898 0.257558
-0.326267 3.10422 1 0.466862 0.33267
-0.347172 3.30313 1.44 0.464425 0.255652
-0.519569 3.28043 1.44 0.444898 0.257558
-0.166329 0.782518 -0 0.465754 0.911997
-0.125148 0.790151 -0 0.476378 0.91021
-0.207912 0.978148 -0 0.45937 0.844012
-0.125148 0.790151 -0 0.476378 0.91021
-0.156434 0.987688 -0 0.471578 0.841844
-0.207912 0.978148 -0 0.45937 0.844012
-0.207912 0.978148 -0 0.45937 0.844012
-0.156434 0.987688 -0 0.471578 0.841844
-0.249494 1.17378 -0 0.454615 0.782202
-0.156434 0.987688 -0 0.471578 0.841844
-0.187721 1.18523 -0 0.467982 0.779762
-0.249494 1.17378 -0 0.454615 0.782202
-0.249494 1.17378 -0 0.454615 0.782202
-0.187721 1.18523 -0 0.467982 0.779762
-0.291076 1.36941 -0 0.451136 0.728128
-0.187721 1.18523 -0 0.467982 0.779762
-0.219008 1.38276 -0 0.465333 0.725523
-0.291076 1.36941 -0 0.451136 0.728128
-0.291076 1.36941 -0 0.451136 0.728128
-0.219008 1.38276 -0 0.465333 0.725523
-0.332659 1.56504 -0 0.448594 0.681775
-0.219008 1.38276 -0 0.465333 0.725523
-0.250295 1.5803 -0 0.463383 0.679085
-0.332659 1.56504 -0 0.448594 0.681775
-0.332659 1.56504 -0 0.448594 0.681775
-0.250295 1.5803 -0 0.463383 0.679085
-0.374241 1.76067 -0 0.446722 0.642342
-0.250295 1.5803 -0 0.463383 0.679085
-0.281582 1.77784 -0 0.461935 0.63962
-0.374241 1.76067 -0 0.446722 0.642342
-0.374241 1.76067 -0 0.446722 0.642342
-0.281582 1.77784 -0 0.461935 0.63962
-0.48263 2.27059 0.04 0.443049 0.558561
-0.281582 1.77784 -0 0.461935 0.63962
-0.363135 2.29274 0.04 0.459055 0.555859
-0.48263 2.27059 0.04 0.443049 0.558561
-0.48263 2.27059 0.04 0.443049 0.558561
-0.363135 2.29274 0.04 0.459055 0.555859
-0.524212 2.46622 0.16 0.440435 0.517448
-0.363135 2.29274 0.04 0.459055 0.555859
-0.394421 2.49028 0.16 0.457002 0.514752
-0.524212 2.46622 0.16 0.440435 0.517448
-0.524212 2.46622 0.16 0.440435 0.517448
-0.394421 2.49028 0.16 0.457002 0.514752
-0.565794 2.66185 0.36 0.437056 0.467001
-0.394421 2.49028 0.16 0.457002 0.514752
-0.425708 2.68782 0.36 0.454341 0.464323
-0.565794 2.66185 0.36 0.437056 0.467001
-0.565794 2.66185 0.36 0.437056 0.467001
-0.425708 2.68782 0.36 0.454341 0.464323
-0.607377 2.85748 0.64 0.433167 0.406797
-0.425708 2.68782 0.36 0.454341 0.464323
-0.456995 2.88535 0.64 0.451257 0.404177
-0.607377 2.85748 0.64 0.433167 0.406797
-0.607377 2.85748 0.64 0.433167 0.406797
-0.456995 2.88535 0.64 0.451257 0.404177
-0.648959 3.05311 1 0.429106 0.337162
-0.456995 2.88535 0.64 0.451257 0.404177
-0.488282 3.08289 1 0.44799 0.334641
-0.648959 3.05311 1 0.429106 0.337162
-0.648959 3.05311 1 0.429106 0.337162
-0.488282 3.08289 1 0.44799 0.334641
-0.690541 3.24874 1.44 0.42536 0.259956
-0.488282 3.08289 1 0.44799 0.334641
-0.519569 3.28043 1.44 0.444898 0.257558
-0.690541 3.24874 1.44 0.42536 0.259956
-0.207055 0.772741 -0 0.455227 0.914273
-0.166329 0.782518 -0 0.465754 0.911997
-0.258819 0.965926 -0 0.447256 0.846765
-0.166329 0.782518 -0 0.465754 0.911997
-0.207912 0.978148 -0 0.45937 0.844012
-0.258819 0.965926 -0 0.447256 0.846765
-0.258819 0.965926 -0 0.447256 0.846765
-0.207912 0.978148 -0 0.45937 0.844012
-0.310583 1.15911 -0 0.441331 0.785295
-0.207912 0.978148 -0 0.45937 0.844012
-0.249494 1.17378 -0 0.454615 0.782202
-0.310583 1.15911 -0 0.441331 0.785295
-0.310583 1.15911 -0 0.441331 0.785295
-0.249494 1.17378 -0 0.454615 0.782202
-0.362347 1.3523 -0 0.437008 0.731424
-0.249494 1.17378 -0 0.454615 0.782202
-0.291076 1.36941 -0 0.451136 0.728128
-0.362347 1.3523 -0 0.437008 0.731424
-0.362347 1.3523 -0 0.437008 0.731424
-0.291076 1.36941 -0 0.451136 0.728128
-0.41411 1.54548 -0 0.43386 0.685171
-0.291076 1.36941 -0 0.451136 0.728128
-0.332659 1.56504 -0 0.448594 0.681775
-0.41411 1.54548 -0 0.43386 0.685171
-0.41411 1.54548 -0 0.43386 0.685171
-0.332659 1.56504 -0 0.448594 0.681775
-0.465874 1.73867 -0 0.431552 0.645774
-0.332659 1.56504 -0 0.448594 0.681775
-0.374241 1.76067 -0 0.446722 0.642342
-0.465874 1.73867 -0 0.431552 0.645774
-0.465874 1.73867 -0 0.431552 0.645774
-0.374241 1.76067 -0 0.446722 0.642342
-0.600802 2.24222 0.04 0.427062 0.561951
-0.374241 1.76067 -0 0.446722 0.642342
-0.48263 2.27059 0.04 0.443049 0.558561
-0.600802 2.24222 0.04 0.427062 0.561951
-0.600802 2.24222 0.04 0.427062 0.561951
-0.48263 2.27059 0.04 0.443049 0.558561
-0.652566 2.43541 0.16 0.423876 0.520815
-0.48263 2.27059 0.04 0.443049 0.558561
-0.524212 2.46622 0.16 0.440435 0.517448
-0.652566 2.43541 0.16 0.423876 0.520815
-0.652566 2.43541 0.16 0.423876 0.520815
-0.524212 2.46622 0.16 0.440435 0.517448
-0.70433 2.62859 0.36 0.419768 0.470324
-0.524212 2.46622 0.16 0.440435 0.517448
-0.565794 2.66185 0.36 0.437056 0.467001
-0.70433 2.62859 0.36 0.419768 0.470324
-0.70433 2.62859 0.36 0.419768 0.470324
-0.565794 2.66185 0.36 0.437056 0.467001
-0.756093 2.82178 0.64 0.415064 0.410027
-0.565794 2.66185 0.36 0.437056 0.467001
-0.607377 2.85748 0.64 0.433167 0.406797
-0.756093 2.82178 0.64 0.415064 0.410027
-0.756093 2.82178 0.64 0.415064 0.410027
-0.607377 2.85748 0.64 0.433167 0.406797
-0.807857 3.01496 1 0.410202 0.340244
-0.607377 2.85748 0.64 0.433167 0.406797
-0.648959 3.05311 1 0.429106 0.337162
-0.807857 3.01496 1 0.410202 0.340244
-0.807857 3.01496 1 0.410202 0.340244
-0.648959 3.05311 1 0.429106 0.337162
-0.859621 3.20815 1.44 0.405803 0.262859
-0.648959 3.05311 1 0.429106 0.337162
-0.690541 3.24874 1.44 0.42536 0.259956
-0.859621 3.20815 1.44 0.405803 0.262859
-0.247214 0.760845 -0 0.444822 0.917029
-0.207055 0.772741 -0 0.455227 0.914273
-0.309017 0.951057 -0 0.435261 0.850092
-0.207055 0.772741 -0 0.455227 0.914273
-0.258819 0.965926 -0 0.447256 0.846765
-0.309017 0.951057 -0 0.435261 0.850092
-0.309017 0.951057 -0 0.435261 0.850092
-0.258819 0.965926 -0 0.447256 0.846765
-0.37082 1.14127 -0 0.428151 0.789031
-0.258819 0.965926 -0 0.447256 0.846765
-0.310583 1.15911 -0 0.441331 0.785295
-0.37082 1.14127 -0 0.428151 0.789031
-0.37082 1.14127 -0 0.428151 0.789031
-0.310583 1.15911 -0 0.441331 0.785295
-0.432624 1.33148 -0 0.422965 0.735405
-0.310583 1.15911 -0 0.441331 0.785295
-0.362347 1.3523 -0 0.437008 0.731424
-0.432624 1.33148 -0 0.422965 0.735405
-0.432624 1.33148 -0 0.422965 0.735405
-0.362347 1.3523 -0 0.437008 0.731424
-0.494427 1.52169 -0 0.419193 0.689272
-0.362347 1.3523 -0 0.437008 0.731424
-0.41411 1.54548 -0 0.43386 0.685171
-0.494427 1.52169 -0 0.419193 0.689272
-0.494427 1.52169 -0 0.419193 0.689272
-0.41411 1.54548 -0 0.43386 0.685171
-0.556231 1.7119 -0 0.416433 0.649916
-0.41411 1.54548 -0 0.43386 0.685171
-0.465874 1.73867 -0 0.431552 0.645774
-0.556231 1.7119 -0 0.416433 0.649916
-0.556231 1.7119 -0 0.416433 0.649916
-0.465874 1.73867 -0 0.431552 0.645774
-0.717327 2.20771 0.04 0.411092 0.566034
-0.465874 1.73867 -0 0.431552 0.645774
-0.600802 2.24222 0.04 0.427062 0.561951
-0.717327 2.20771 0.04 0.411092 0.566034
-0.717327 2.20771 0.04 0.411092 0.566034
-0.600802 2.24222 0.04 0.427062 0.561951
-0.779131 2.39792 0.16 0.407322 0.524861
-0.600802 2.24222 0.04 0.427062 0.561951
-0.652566 2.43541 0.16 0.423876 0.520815
-0.779131 2.39792 0.16 0.407322 0.524861
-0.779131 2.39792 0.16 0.407322 0.524861
-0.652566 2.43541 0.16 0.423876 0.520815
-0.840934 2.58813 0.36 0.402472 0.474301
-0.652566 2.43541 0.16 0.423876 0.520815
-0.70433 2.62859 0.36 0.419768 0.470324
-0.840934 2.58813 0.36 0.402472 0.474301
-0.840934 2.58813 0.36 0.402472 0.474301
-0.70433 2.62859 0.36 0.419768 0.470324
-0.902738 2.77834 0.64 0.396939 0.413878
-0.70433 2.62859 0.36 0.419768 0.470324
-0.756093 2.82178 0.64 0.415064 0.410027
-0.902738 2.77834 0.64 0.396939 0.413878
-0.902738 2.77834 0.64 0.396939 0.413878
-0.756093 2.82178 0.64 0.415064 0.410027
-0.964541 2.96855 1 0.391269 0.343903
-0.756093 2.82178 0.64 0.415064 0.410027
-0.807857 3.01496 1 0.410202 0.340244
-0.964541 2.96855 1 0.391269 0.343903
-0.964541 2.96855 1 0.391269 0.343903
-0.807857 3.01496 1 0.410202 0.340244
-1.02634 3.15876 1.44 0.386223 0.266289
-0.807857 3.01496 1 0.410202 0.340244
-0.859621 3.20815 1.44 0.405803 0.262859
-1.02634 3.15876 1.44 0.386223 0.266289
-0.286694 0.746864 -0 0.434562 0.920252
-0.247214 0.760845 -0 0.444822 0.917029
-0.358368 0.93358 -0 0.423409 0.85398
-0.247214 0.760845 -0 0.444822 0.917029
-0.309017 0.951057 -0 0.435261 0.850092
-0.358368 0.93358 -0 0.423409 0.85398
-0.358368 0.93358 -0 0.423409 0.85398
-0.309017 0.951057 -0 0.435261 0.850092
-0.430042 1.1203 -0 0.415097 0.793399
-0.309017 0.951057 -0 0.435261 0.850092
-0.37082 1.14127 -0 0.428151 0.789031
-0.430042 1.1203 -0 0.415097 0.793399
-0.430042 1.1203 -0 0.415097 0.793399
-0.37082 1.14127 -0 0.428151 0.789031
-0.501715 1.30701 -0 0.409026 0.740062
-0.37082 1.14127 -0 0.428151 0.789031
-0.432624 1.33148 -0 0.422965 0.735405
-0.501715 1.30701 -0 0.409026 0.740062
-0.501715 1.30701 -0 0.409026 0.740062
-0.432624 1.33148 -0 0.422965 0.735405
-0.573389 1.49373 -0 0.404608 0.694074
-0.432624 1.33148 -0 0.422965 0.735405
-0.494427 1.52169 -0 0.419193 0.689272
-0.573389 1.49373 -0 0.404608 0.694074
-0.573389 1.49373 -0 0.404608 0.694074
-0.494427 1.52169 -0 0.419193 0.689272
-0.645062 1.68044 -0 0.401377 0.654768
-0.494427 1.52169 -0 0.419193 0.689272
-0.556231 1.7119 -0 0.416433 0.649916
-0.645062 1.68044 -0 0.401377 0.654768
-0.645062 1.68044 -0 0.401377 0.654768
-0.556231 1.7119 -0 0.416433 0.649916
-0.831887 2.16714 0.04 0.395144 0.570817
-0.556231 1.7119 -0 0.416433 0.649916
-0.717327 2.20771 0.04 0.411092 0.566034
-0.831887 2.16714 0.04 0.395144 0.570817
-0.831887 2.16714 0.04 0.395144 0.570817
-0.717327 2.20771 0.04 0.411092 0.566034
-0.90356 2.35386 0.16 0.390774 0.529594
-0.717327 2.20771 0.04 0.411092 0.566034
-0.779131 2.39792 0.16 0.407322 0.524861
-0.90356 2.35386 0.16 0.390774 0.529594
-0.90356 2.35386 0.16 0.390774 0.529594
-0.779131 2.39792 0.16 0.407322 0.524861
-0.975234 2.54057 0.36 0.385166 0.478946
-0.779131 2.39792 0.16 0.407322 0.524861
-0.840934 2.58813 0.36 0.402472 0.474301
-0.975234 2.54057 0.36 0.385166 0.478946
-0.975234 2.54057 0.36 0.385166 0.478946
-0.840934 2.58813 0.36 0.402472 0.474301
-1.04691 2.72729 0.64 0.378793 0.418366
-0.840934 2.58813 0.36 0.402472 0.474301
-0.902738 2.77834 0.64 0.396939 0.413878
-1.04691 2.72729 0.64 0.378793 0.418366
-1.04691 2.72729 0.64 0.378793 0.418366
-0.902738 2.77834 0.64 0.396939 0.413878
-1.11858 2.914 1 0.372308 0.348157
-0.902738 2.77834 0.64 0.396939 0.413878
-0.964541 2.96855 1 0.391269 0.343903
-1.11858 2.914 1 0.372308 0.348157
-1.11858 2.914 1 0.372308 0.348157
-0.964541 2.96855 1 0.391269 0.343903
-1.19025 3.10072 1.44 0.366621 0.270267
-0.964541 2.96855 1 0.391269 0.343903
-1.02634 3.15876 1.44 0.386223 0.266289
-1.19025 3.10072 1.44 0.366621 0.270267
-0.325389 0.730836 -0 0.424473 0.923932
-0.286694 0.746864 -0 0.434562 0.920252
-0.406737 0.913545 -0 0.411724 0.858415
-0.286694 0.746864 -0 0.434562 0.920252
-0.358368 0.93358 -0 0.423409 0.85398
-0.406737 0.913545 -0 0.411724 0.858415
-0.406737 0.913545 -0 0.411724 0.858415
-0.358368 0.93358 -0 0.423409 0.85398
-0.488084 1.09625 -0 0.402194 0.798384
-0.358368 0.93358 -0 0.423409 0.85398
-0.430042 1.1203 -0 0.415097 0.793399
-0.488084 1.09625 -0 0.402194 0.798384
-0.488084 1.09625 -0 0.402194 0.798384
-0.430042 1.1203 -0 0.415097 0.793399
-0.569431 1.27896 -0 0.395214 0.745386
-0.430042 1.1203 -0 0.415097 0.793399
-0.501715 1.30701 -0 0.409026 0.740062
-0.569431 1.27896 -0 0.395214 0.745386
-0.569431 1.27896 -0 0.395214 0.745386
-0.501715 1.30701 -0 0.409026 0.740062
-0.650779 1.46167 -0 0.390125 0.699572
-0.501715 1.30701 -0 0.409026 0.740062
-0.573389 1.49373 -0 0.404608 0.694074
-0.650779 1.46167 -0 0.390125 0.699572
-0.650779 1.46167 -0 0.390125 0.699572
-0.573389 1.49373 -0 0.404608 0.694074
-0.732126 1.64438 -0 0.386399 0.660329
-0.573389 1.49373 -0 0.404608 0.694074
-0.645062 1.68044 -0 0.401377 0.654768
-0.732126 1.64438 -0 0.386399 0.660329
-0.732126 1.64438 -0 0.386399 0.660329
-0.645062 1.68044 -0 0.401377 0.654768
-0.944166 2.12063 0.04 0.379226 0.576305
-0.645062 1.68044 -0 0.401377 0.654768
-0.831887 2.16714 0.04 0.395144 0.570817
-0.944166 2.12063 0.04 0.379226 0.576305
-0.944166 2.12063 0.04 0.379226 0.576305
-0.831887 2.16714 0.04 0.395144 0.570817
-1.02551 2.30334 0.16 0.374238 0.535025
-0.831887 2.16714 0.04 0.395144 0.570817
-0.90356 2.35386 0.16 0.390774 0.529594
-1.02551 2.30334 0.16 0.374238 0.535025
-1.02551 2.30334 0.16 0.374238 0.535025
-0.90356 2.35386 0.16 0.390774 0.529594
-1.10686 2.48605 0.36 0.367854 0.484272
-0.90356 2.35386 0.16 0.390774 0.529594
-0.975234 2.54057 0.36 0.385166 0.478946
-1.10686 2.48605 0.36 0.367854 0.484272
-1.10686 2.48605 0.36 0.367854 0.484272
-0.975234 2.54057 0.36 0.385166 0.478946
-1.18821 2.66876 0.64 0.360626 0.423508
-0.975234 2.54057 0.36 0.385166 0.478946
-1.04691 2.72729 0.64 0.378793 0.418366
-1.18821 2.66876 0.64 0.360626 0.423508
-1.18821 2.66876 0.64 0.360626 0.423508
-1.04691 2.72729 0.64 0.378793 0.418366
-1.26956 2.85147 1 0.353322 0.35303
-1.04691 2.72729 0.64 0.378793 0.418366
-1.11858 2.914 1 0.372308 0.348157
-1.26956 2.85147 1 0.353322 0.35303
-1.26956 2.85147 1 0.353322 0.35303
-1.11858 2.914 1 0.372308 0.348157
-1.3509 3.03418 1.44 0.347008 0.274823
-1.11858 2.914 1 0.372308 0.348157
-1.19025 3.10072 1.44 0.366621 0.270267
-1.3509 3.03418 1.44 0.347008 0.274823
-0.363192 0.712805 -0 0.414578 0.928055
-0.325389 0.730836 -0 0.424473 0.923932
-0.453991 0.891007 -0 0.400236 0.863379
-0.325389 0.730836 -0 0.424473 0.923932
-0.406737 0.913545 -0 0.411724 0.858415
-0.453991 0.891007 -0 0.400236 0.863379
-0.453991 0.891007 -0 0.400236 0.863379
-0.406737 0.913545 -0 0.411724 0.858415
-0.544789 1.06921 -0 0.38947 0.80397
-0.406737 0.913545 -0 0.411724 0.858415
-0.488084 1.09625 -0 0.402194 0.798384
-0.544789 1.06921 -0 0.38947 0.80397
-0.544789 1.06921 -0 0.38947 0.80397
-0.488084 1.09625 -0 0.402194 0.798384
-0.635587 1.24741 -0 0.381555 0.751363
-0.488084 1.09625 -0 0.402194 0.798384
-0.569431 1.27896 -0 0.395214 0.745386
-0.635587 1.24741 -0 0.381555 0.751363
-0.635587 1.24741 -0 0.381555 0.751363
-0.569431 1.27896 -0 0.395214 0.745386
-0.726385 1.42561 -0 0.375768 0.705757
-0.569431 1.27896 -0 0.395214 0.745386
-0.650779 1.46167 -0 0.390125 0.699572
-0.726385 1.42561 -0 0.375768 0.705757
-0.726385 1.42561 -0 0.375768 0.705757
-0.650779 1.46167 -0 0.390125 0.699572
-0.817183 1.60381 -0 0.371521 0.666595
-0.650779 1.46167 -0 0.390125 0.699572
-0.732126 1.64438 -0 0.386399 0.660329
-0.817183 1.60381 -0 0.371521 0.666595
-0.817183 1.60381 -0 0.371521 0.666595
-0.732126 1.64438 -0 0.386399 0.660329
-1.05386 2.06831 0.04 0.363351 0.582505
-0.732126 1.64438 -0 0.386399 0.660329
-0.944166 2.12063 0.04 0.379226 0.576305
-1.05386 2.06831 0.04 0.363351 0.582505
-1.05386 2.06831 0.04 0.363351 0.582505
-0.944166 2.12063 0.04 0.379226 0.576305
-1.14466 2.24651 0.16 0.357726 0.541164
-0.944166 2.12063 0.04 0.379226 0.576305
-1.02551 2.30334 0.16 0.374238 0.535025
-1.14466 2.24651 0.16 0.357726 0.541164
-1.14466 2.24651 0.16 0.357726 0.541164
-1.02551 2.30334 0.16 0.374238 0.535025
-1.23545 2.42471 0.36 0.350548 0.490293
-1.02551 2.30334 0.16 0.374238 0.535025
-1.10686 2.48605 0.36 0.367854 0.484272
-1.23545 2.42471 0.36 0.350548 0.490293
-1.23545 2.42471 0.36 0.350548 0.490293
-1.10686 2.48605 0.36 0.367854 0.484272
-1.32625 2.60292 0.64 0.342452 0.429324
-1.10686 2.48605 0.36 0.367854 0.484272
-1.18821 2.66876 0.64 0.360626 0.423508
-1.32625 2.60292 0.64 0.342452 0.429324
-1.32625 2.60292 0.64 0.342452 0.429324
-1.18821 2.66876 0.64 0.360626 0.423508
-1.41705 2.78112 1 0.334326 0.358546
-1.18821 2.66876 0.64 0.360626 0.423508
-1.26956 2.85147 1 0.353322 0.35303
-1.41705 2.78112 1 0.334326 0.358546
-1.41705 2.78112 1 0.334326 0.358546
-1.26956 2.85147 1 0.353322 0.35303
-1.50785 2.95932 1.44 0.327401 0.279986
-1.26956 2.85147 1 0.353322 0.35303
-1.3509 3.03418 1.44 0.347008 0.274823
-1.50785 2.95932 1.44 0.327401 0.279986
-0.544789 1.06921 -0 0.38947 0.80397
-0.635587 1.24741 -0 0.381555 0.751363
-0.7 1.21244 -0 0.36808 0.757977
-0.7 1.21244 -0 0.36808 0.757977
-0.635587 1.24741 -0 0.381555 0.751363
-0.8 1.38564 -0 0.361564 0.712616
-0.635587 1.24741 -0 0.381555 0.751363
-0.726385 1.42561 -0 0.375768 0.705757
-0.8 1.38564 -0 0.361564 0.712616
-0.8 1.38564 -0 0.361564 0.712616
-0.726385 1.42561 -0 0.375768 0.705757
-0.9 1.55885 -0 0.356768 0.673559
-0.726385 1.42561 -0 0.375768 0.705757
-0.817183 1.60381 -0 0.371521 0.666595
-0.9 1.55885 -0 0.356768 0.673559
-0.9 1.55885 -0 0.356768 0.673559
-0.817183 1.60381 -0 0.371521 0.666595
-1.16066 2.01032 0.04 0.347541 0.589423
-0.817183 1.60381 -0 0.371521 0.666595
-1.05386 2.06831 0.04 0.363351 0.582505
-1.16066 2.01032 0.04 0.347541 0.589423
-1.16066 2.01032 0.04 0.347541 0.589423
-1.05386 2.06831 0.04 0.363351 0.582505
-1.26066 2.18353 0.16 0.341257 0.54802
-1.05386 2.06831 0.04 0.363351 0.582505
-1.14466 2.24651 0.16 0.357726 0.541164
-1.26066 2.18353 0.16 0.341257 0.54802
-1.26066 2.18353 0.16 0.341257 0.54802
-1.14466 2.24651 0.16 0.357726 0.541164
-1.36066 2.35673 0.36 0.333267 0.497025
-1.14466 2.24651 0.16 0.357726 0.541164
-1.23545 2.42471 0.36 0.350548 0.490293
-1.36066 2.35673 0.36 0.333267 0.497025
-1.36066 2.35673 0.36 0.333267 0.497025
-1.23545 2.42471 0.36 0.350548 0.490293
-1.46066 2.52994 0.64 0.32429 0.435835
-1.23545 2.42471 0.36 0.350548 0.490293
-1.32625 2.60292 0.64 0.342452 0.429324
-1.46066 2.52994 0.64 0.32429 0.435835
-1.46066 2.52994 0.64 0.32429 0.435835
-1.32625 2.60292 0.64 0.342452 0.429324
-1.56066 2.70314 1 0.315345 0.364734
-1.32625 2.60292 0.64 0.342452 0.429324
-1.41705 2.78112 1 0.334326 0.358546
-1.56066 2.70314 1 0.315345 0.364734
-1.56066 2.70314 1 0.315345 0.364734
-1.41705 2.78112 1 0.334326 0.358546
-1.66066 2.87635 1.44 0.307829 0.28579
-1.41705 2.78112 1 0.334326 0.358546
-1.50785 2.95932 1.44 0.327401 0.279986
-1.66066 2.87635 1.44 0.307829 0.28579
