-0.450056 0.193185 -0 0.545301 0.997429
-0.450056 0.19563 -0 0.54597 0.997347
-0.450056 0.38637 -0 0.596418 0.987517
-0.450056 0.19563 -0 0.54597 0.997347
-0.450056 0.391259 -0 0.597658 0.987182
-0.450056 0.38637 -0 0.596418 0.987517
-0.450056 0.38637 -0 0.596418 0.987517
-0.450056 0.391259 -0 0.597658 0.987182
-0.450056 0.579556 -0 0.642973 0.971761
-0.450056 0.391259 -0 0.597658 0.987182
-0.450056 0.586889 -0 0.644635 0.971074
-0.450056 0.579556 -0 0.642973 0.971761
-0.450056 0.579556 -0 0.642973 0.971761
-0.450056 0.586889 -0 0.644635 0.971074
-0.450056 0.772741 -0 0.684005 0.952144
-0.450056 0.586889 -0 0.644635 0.971074
-0.450056 0.782518 -0 0.685929 0.951084
-0.450056 0.772741 -0 0.684005 0.952144
-0.450056 0.772741 -0 0.684005 0.952144
-0.450056 0.782518 -0 0.685929 0.951084
-0.450056 0.965926 -0 0.719342 0.930515
-0.450056 0.782518 -0 0.685929 0.951084
-0.450056 0.978148 -0 0.721393 0.929115
-0.450056 0.965926 -0 0.719342 0.930515
-0.450056 0.190211 -0 0.544487 0.997526
-0.450056 0.193185 -0 0.545301 0.997429
-0.450056 0.380423 -0 0.594905 0.987919
-0.450056 0.193185 -0 0.545301 0.997429
-0.450056 0.38637 -0 0.596418 0.987517
-0.450056 0.380423 -0 0.594905 0.987919
-0.450056 0.380423 -0 0.594905 0.987919
-0.450056 0.38637 -0 0.596418 0.987517
-0.450056 0.570634 -0 0.640941 0.972589
-0.450056 0.38637 -0 0.596418 0.987517
-0.450056 0.579556 -0 0.642973 0.971761
-0.450056 0.570634 -0 0.640941 0.972589
-0.450056 0.570634 -0 0.640941 0.972589
-0.450056 0.579556 -0 0.642973 0.971761
-0.450056 0.760845 -0 0.681644 0.953428
-0.450056 0.579556 -0 0.642973 0.971761
-0.450056 0.772741 -0 0.684005 0.952144
-0.450056 0.760845 -0 0.681644 0.953428
-0.450056 0.760845 -0 0.681644 0.953428
-0.450056 0.772741 -0 0.684005 0.952144
-0.450056 0.951057 -0 0.716818 0.932216
-0.450056 0.772741 -0 0.684005 0.952144
-0.450056 0.965926 -0 0.719342 0.930515
-0.450056 0.951057 -0 0.716818 0.932216
-0.450056 0.186716 -0 0.54353 0.997639
-0.450056 0.190211 -0 0.544487 0.997526
-0.450056 0.373432 -0 0.593121 0.988384
-0.450056 0.190211 -0 0.544487 0.997526
-0.450056 0.380423 -0 0.594905 0.987919
-0.450056 0.373432 -0 0.593121 0.988384
-0.450056 0.373432 -0 0.593121 0.988384
-0.450056 0.380423 -0 0.594905 0.987919
-0.450056 0.560148 -0 0.638537 0.973552
-0.450056 0.380423 -0 0.594905 0.987919
-0.450056 0.570634 -0 0.640941 0.972589
-0.450056 0.560148 -0 0.638537 0.973552
-0.450056 0.560148 -0 0.638537 0.973552
-0.450056 0.570634 -0 0.640941 0.972589
-0.450056 0.746864 -0 0.678842 0.954926
-0.450056 0.570634 -0 0.640941 0.972589
-0.450056 0.760845 -0 0.681644 0.953428
-0.450056 0.746864 -0 0.678842 0.954926
-0.450056 0.746864 -0 0.678842 0.954926
-0.450056 0.760845 -0 0.681644 0.953428
-0.450056 0.93358 -0 0.713812 0.93421
-0.450056 0.760845 -0 0.681644 0.953428
-0.450056 0.951057 -0 0.716818 0.932216
-0.450056 0.93358 -0 0.713812 0.93421
-0.450056 0.93358 -0 0.713812 0.93421
-0.450056 0.951057 -0 0.716818 0.932216
-0.450056 1.1203 -0 0.743718 0.91277
-0.450056 0.182709 -0 0.542431 0.997764
-0.450056 0.186716 -0 0.54353 0.997639
-0.450056 0.365418 -0 0.591069 0.988908
-0.450056 0.186716 -0 0.54353 0.997639
-0.450056 0.373432 -0 0.593121 0.988384
-0.450056 0.365418 -0 0.591069 0.988908
-0.450056 0.365418 -0 0.591069 0.988908
-0.450056 0.373432 -0 0.593121 0.988384
-0.450056 0.548127 -0 0.635761 0.97464
-0.450056 0.373432 -0 0.593121 0.988384
-0.450056 0.560148 -0 0.638537 0.973552
-0.450056 0.548127 -0 0.635761 0.97464
-0.450056 0.548127 -0 0.635761 0.97464
-0.450056 0.560148 -0 0.638537 0.973552
-0.450056 0.730836 -0 0.675592 0.956629
-0.450056 0.560148 -0 0.638537 0.973552
-0.450056 0.746864 -0 0.678842 0.954926
-0.450056 0.730836 -0 0.675592 0.956629
-0.450056 0.730836 -0 0.675592 0.956629
-0.450056 0.746864 -0 0.678842 0.954926
-0.450056 0.913545 -0 0.710309 0.936488
-0.450056 0.746864 -0 0.678842 0.954926
-0.450056 0.93358 -0 0.713812 0.93421
-0.450056 0.913545 -0 0.710309 0.936488
-0.450056 0.913545 -0 0.710309 0.936488
-0.450056 0.93358 -0 0.713812 0.93421
-0.488084 1.09625 -0 0.738946 0.906917
-0.450056 0.93358 -0 0.713812 0.93421
-0.450056 1.1203 -0 0.743718 0.91277
-0.488084 1.09625 -0 0.738946 0.906917
-0.450056 0.178201 -0 0.541194 0.997902
-0.450056 0.182709 -0 0.542431 0.997764
-0.450056 0.356403 -0 0.588751 0.989485
-0.450056 0.182709 -0 0.542431 0.997764
-0.450056 0.365418 -0 0.591069 0.988908
-0.450056 0.356403 -0 0.588751 0.989485
-0.450056 0.356403 -0 0.588751 0.989485
-0.450056 0.365418 -0 0.591069 0.988908
-0.450056 0.534604 -0 0.632613 0.975846
-0.450056 0.365418 -0 0.591069 0.988908
-0.450056 0.548127 -0 0.635761 0.97464
-0.450056 0.534604 -0 0.632613 0.975846
-0.450056 0.534604 -0 0.632613 0.975846
-0.450056 0.548127 -0 0.635761 0.97464
-0.450056 0.712805 -0 0.671889 0.958526
-0.450056 0.548127 -0 0.635761 0.97464
-0.450056 0.730836 -0 0.675592 0.956629
-0.450056 0.712805 -0 0.671889 0.958526
-0.450056 0.712805 -0 0.671889 0.958526
-0.450056 0.730836 -0 0.675592 0.956629
-0.453991 0.891007 -0 0.706191 0.938085
-0.450056 0.730836 -0 0.675592 0.956629
-0.450056 0.913545 -0 0.710309 0.936488
-0.453991 0.891007 -0 0.706191 0.938085
-0.453991 0.891007 -0 0.706191 0.938085
-0.450056 0.913545 -0 0.710309 0.936488
-0.544789 1.06921 -0 0.73297 0.896902
-0.450056 0.913545 -0 0.710309 0.936488
-0.488084 1.09625 -0 0.738946 0.906917
-0.544789 1.06921 -0 0.73297 0.896902
-0.544789 1.06921 -0 0.73297 0.896902
-0.488084 1.09625 -0 0.738946 0.906917
-0.635587 1.24741 -0 0.754817 0.858256
-0.450056 0.173205 -0 0.539821 0.99805
-0.450056 0.178201 -0 0.541194 0.997902
-0.450056 0.34641 -0 0.586171 0.990109
-0.450056 0.178201 -0 0.541194 0.997902
-0.450056 0.356403 -0 0.588751 0.989485
-0.450056 0.34641 -0 0.586171 0.990109
-0.450056 0.34641 -0 0.586171 0.990109
-0.450056 0.356403 -0 0.588751 0.989485
-0.450056 0.519615 -0 0.629092 0.977157
-0.450056 0.356403 -0 0.588751 0.989485
-0.450056 0.534604 -0 0.632613 0.975846
-0.450056 0.519615 -0 0.629092 0.977157
-0.450056 0.519615 -0 0.629092 0.977157
-0.450056 0.534604 -0 0.632613 0.975846
-0.450056 0.69282 -0 0.667726 0.960602
-0.450056 0.534604 -0 0.632613 0.975846
-0.450056 0.712805 -0 0.671889 0.958526
-0.450056 0.69282 -0 0.667726 0.960602
-0.450056 0.69282 -0 0.667726 0.960602
-0.450056 0.712805 -0 0.671889 0.958526
-0.5 0.866025 -0 0.700371 0.929583
-0.450056 0.712805 -0 0.671889 0.958526
-0.453991 0.891007 -0 0.706191 0.938085
-0.5 0.866025 -0 0.700371 0.929583
-0.5 0.866025 -0 0.700371 0.929583
-0.453991 0.891007 -0 0.706191 0.938085
-0.6 1.03923 -0 0.7264 0.88721
-0.453991 0.891007 -0 0.706191 0.938085
-0.544789 1.06921 -0 0.73297 0.896902
-0.6 1.03923 -0 0.7264 0.88721
-0.6 1.03923 -0 0.7264 0.88721
-0.544789 1.06921 -0 0.73297 0.896902
-0.7 1.21244 -0 0.747594 0.847551
-0.544789 1.06921 -0 0.73297 0.896902
-0.635587 1.24741 -0 0.754817 0.858256
-0.7 1.21244 -0 0.747594 0.847551
-0.7 1.21244 -0 0.747594 0.847551
-0.635587 1.24741 -0 0.754817 0.858256
-0.8 1.38564 -0 0.764743 0.811205
-0.635587 1.24741 -0 0.754817 0.858256
-0.726385 1.42561 -0 0.772536 0.822755
-0.8 1.38564 -0 0.764743 0.811205
-0.8 1.38564 -0 0.764743 0.811205
-0.726385 1.42561 -0 0.772536 0.822755
-0.9 1.55885 -0 0.778604 0.778329
-0.726385 1.42561 -0 0.772536 0.822755
-0.817183 1.60381 -0 0.786897 0.790573
-0.9 1.55885 -0 0.778604 0.778329
-0.9 1.55885 -0 0.778604 0.778329
-0.817183 1.60381 -0 0.786897 0.790573
-1.16066 2.01032 0.04 0.806728 0.701619
-0.817183 1.60381 -0 0.786897 0.790573
-1.05386 2.06831 0.04 0.816145 0.715223
-1.16066 2.01032 0.04 0.806728 0.701619
-1.16066 2.01032 0.04 0.806728 0.701619
-1.05386 2.06831 0.04 0.816145 0.715223
-1.26066 2.18353 0.16 0.821413 0.660789
-1.05386 2.06831 0.04 0.816145 0.715223
-1.14466 2.24651 0.16 0.83139 0.674999
-1.26066 2.18353 0.16 0.821413 0.660789
-1.26066 2.18353 0.16 0.821413 0.660789
-1.14466 2.24651 0.16 0.83139 0.674999
-1.36066 2.35673 0.36 0.838304 0.609054
-1.14466 2.24651 0.16 0.83139 0.674999
-1.23545 2.42471 0.36 0.848948 0.623897
-1.36066 2.35673 0.36 0.838304 0.609054
-1.36066 2.35673 0.36 0.838304 0.609054
-1.23545 2.42471 0.36 0.848948 0.623897
-1.46066 2.52994 0.64 0.855634 0.545864
-1.23545 2.42471 0.36 0.848948 0.623897
-1.32625 2.60292 0.64 0.867039 0.561262
-1.46066 2.52994 0.64 0.855634 0.545864
-1.46066 2.52994 0.64 0.855634 0.545864
-1.32625 2.60292 0.64 0.867039 0.561262
-1.56066 2.70314 1 0.871138 0.471839
-0.450056 0.167734 -0 0.538315 0.998205
-0.450056 0.173205 -0 0.539821 0.99805
-0.450056 0.335468 -0 0.583332 0.990773
-0.450056 0.173205 -0 0.539821 0.99805
-0.450056 0.34641 -0 0.586171 0.990109
-0.450056 0.335468 -0 0.583332 0.990773
-0.450056 0.335468 -0 0.583332 0.990773
-0.450056 0.34641 -0 0.586171 0.990109
-0.450056 0.503202 -0 0.6252 0.978562
-0.450056 0.34641 -0 0.586171 0.990109
-0.450056 0.519615 -0 0.629092 0.977157
-0.450056 0.503202 -0 0.6252 0.978562
-0.450056 0.503202 -0 0.6252 0.978562
-0.450056 0.519615 -0 0.629092 0.977157
-0.450056 0.670936 -0 0.663097 0.962843
-0.450056 0.519615 -0 0.629092 0.977157
-0.450056 0.69282 -0 0.667726 0.960602
-0.450056 0.670936 -0 0.663097 0.962843
-0.450056 0.670936 -0 0.663097 0.962843
-0.450056 0.69282 -0 0.667726 0.960602
-0.544639 0.838671 -0 0.694014 0.921377
-0.450056 0.69282 -0 0.667726 0.960602
-0.5 0.866025 -0 0.700371 0.929583
-0.544639 0.838671 -0 0.694014 0.921377
-0.544639 0.838671 -0 0.694014 0.921377
-0.5 0.866025 -0 0.700371 0.929583
-0.653567 1.0064 -0 0.719238 0.877847
-0.5 0.866025 -0 0.700371 0.929583
-0.6 1.03923 -0 0.7264 0.88721
-0.653567 1.0064 -0 0.719238 0.877847
-0.653567 1.0064 -0 0.719238 0.877847
-0.6 1.03923 -0 0.7264 0.88721
-0.762495 1.17414 -0 0.739741 0.837203
-0.6 1.03923 -0 0.7264 0.88721
-0.7 1.21244 -0 0.747594 0.847551
-0.762495 1.17414 -0 0.739741 0.837203
-0.762495 1.17414 -0 0.739741 0.837203
-0.7 1.21244 -0 0.747594 0.847551
-0.871422 1.34187 -0 0.756292 0.800035
-0.7 1.21244 -0 0.747594 0.847551
-0.8 1.38564 -0 0.764743 0.811205
-0.871422 1.34187 -0 0.756292 0.800035
-0.871422 1.34187 -0 0.756292 0.800035
-0.8 1.38564 -0 0.764743 0.811205
-0.98035 1.50961 -0 0.769635 0.766485
-0.8 1.38564 -0 0.764743 0.811205
-0.9 1.55885 -0 0.778604 0.778329
-0.98035 1.50961 -0 0.769635 0.766485
-0.98035 1.50961 -0 0.769635 0.766485
-0.9 1.55885 -0 0.778604 0.778329
-1.26428 1.94682 0.04 0.796612 0.688457
-0.9 1.55885 -0 0.778604 0.778329
-1.16066 2.01032 0.04 0.806728 0.701619
-1.26428 1.94682 0.04 0.796612 0.688457
-1.26428 1.94682 0.04 0.796612 0.688457
-1.16066 2.01032 0.04 0.806728 0.701619
-1.37321 2.11456 0.16 0.810732 0.64704
-1.16066 2.01032 0.04 0.806728 0.701619
-1.26066 2.18353 0.16 0.821413 0.660789
-1.37321 2.11456 0.16 0.810732 0.64704
-1.37321 2.11456 0.16 0.810732 0.64704
-1.26066 2.18353 0.16 0.821413 0.660789
-1.48214 2.28229 0.36 0.826957 0.594687
-1.26066 2.18353 0.16 0.821413 0.660789
-1.36066 2.35673 0.36 0.838304 0.609054
-1.48214 2.28229 0.36 0.826957 0.594687
-1.48214 2.28229 0.36 0.826957 0.594687
-1.36066 2.35673 0.36 0.838304 0.609054
-1.59107 2.45003 0.64 0.843544 0.530951
-1.36066 2.35673 0.36 0.838304 0.609054
-1.46066 2.52994 0.64 0.855634 0.545864
-1.59107 2.45003 0.64 0.843544 0.530951
-1.59107 2.45003 0.64 0.843544 0.530951
-1.46066 2.52994 0.64 0.855634 0.545864
-1.69999 2.61776 1 0.858261 0.456605
-1.46066 2.52994 0.64 0.855634 0.545864
-1.56066 2.70314 1 0.871138 0.471839
-1.69999 2.61776 1 0.858261 0.456605
-1.69999 2.61776 1 0.858261 0.456605
-1.56066 2.70314 1 0.871138 0.471839
-1.80892 2.78549 1.44 0.868716 0.374327
-0.450056 0.161803 -0 0.536681 0.998367
-0.450056 0.167734 -0 0.538315 0.998205
-0.450056 0.323607 -0 0.580239 0.991469
-0.450056 0.167734 -0 0.538315 0.998205
-0.450056 0.335468 -0 0.583332 0.990773
-0.450056 0.323607 -0 0.580239 0.991469
-0.450056 0.323607 -0 0.580239 0.991469
-0.450056 0.335468 -0 0.583332 0.990773
-0.450056 0.48541 -0 0.620937 0.980046
-0.450056 0.335468 -0 0.583332 0.990773
-0.450056 0.503202 -0 0.6252 0.978562
-0.450056 0.48541 -0 0.620937 0.980046
-0.450056 0.48541 -0 0.620937 0.980046
-0.450056 0.503202 -0 0.6252 0.978562
-0.470228 0.647214 -0 0.657544 0.959939
-0.450056 0.503202 -0 0.6252 0.978562
-0.450056 0.670936 -0 0.663097 0.962843
-0.470228 0.647214 -0 0.657544 0.959939
-0.470228 0.647214 -0 0.657544 0.959939
-0.450056 0.670936 -0 0.663097 0.962843
-0.587785 0.809017 -0 0.687128 0.913473
-0.450056 0.670936 -0 0.663097 0.962843
-0.544639 0.838671 -0 0.694014 0.921377
-0.587785 0.809017 -0 0.687128 0.913473
-0.587785 0.809017 -0 0.687128 0.913473
-0.544639 0.838671 -0 0.694014 0.921377
-0.705342 0.97082 -0 0.711492 0.868821
-0.544639 0.838671 -0 0.694014 0.921377
-0.653567 1.0064 -0 0.719238 0.877847
-0.705342 0.97082 -0 0.711492 0.868821
-0.705342 0.97082 -0 0.711492 0.868821
-0.653567 1.0064 -0 0.719238 0.877847
-0.822899 1.13262 -0 0.731262 0.827219
-0.653567 1.0064 -0 0.719238 0.877847
-0.762495 1.17414 -0 0.739741 0.837203
-0.822899 1.13262 -0 0.731262 0.827219
-0.822899 1.13262 -0 0.731262 0.827219
-0.762495 1.17414 -0 0.739741 0.837203
-0.940456 1.29443 -0 0.747186 0.789252
-0.762495 1.17414 -0 0.739741 0.837203
-0.871422 1.34187 -0 0.756292 0.800035
-0.940456 1.29443 -0 0.747186 0.789252
-0.940456 1.29443 -0 0.747186 0.789252
-0.871422 1.34187 -0 0.756292 0.800035
-1.05801 1.45623 -0 0.75999 0.755048
-0.871422 1.34187 -0 0.756292 0.800035
-0.98035 1.50961 -0 0.769635 0.766485
-1.05801 1.45623 -0 0.75999 0.755048
-1.05801 1.45623 -0 0.75999 0.755048
-0.98035 1.50961 -0 0.769635 0.766485
-1.36444 1.87799 0.04 0.785795 0.675743
-0.98035 1.50961 -0 0.769635 0.766485
-1.26428 1.94682 0.04 0.796612 0.688457
-1.36444 1.87799 0.04 0.785795 0.675743
-1.36444 1.87799 0.04 0.785795 0.675743
-1.26428 1.94682 0.04 0.796612 0.688457
-1.48199 2.03979 0.16 0.799341 0.633756
-1.26428 1.94682 0.04 0.796612 0.688457
-1.37321 2.11456 0.16 0.810732 0.64704
-1.48199 2.03979 0.16 0.799341 0.633756
-1.48199 2.03979 0.16 0.799341 0.633756
-1.37321 2.11456 0.16 0.810732 0.64704
-1.59955 2.20159 0.36 0.814901 0.580802
-1.37321 2.11456 0.16 0.810732 0.64704
-1.48214 2.28229 0.36 0.826957 0.594687
-1.59955 2.20159 0.36 0.814901 0.580802
-1.59955 2.20159 0.36 0.814901 0.580802
-1.48214 2.28229 0.36 0.826957 0.594687
-1.71711 2.3634 0.64 0.830758 0.516531
-1.48214 2.28229 0.36 0.826957 0.594687
-1.59107 2.45003 0.64 0.843544 0.530951
-1.71711 2.3634 0.64 0.830758 0.516531
-1.71711 2.3634 0.64 0.830758 0.516531
-1.59107 2.45003 0.64 0.843544 0.530951
-1.83467 2.5252 1 0.844724 0.441863
-1.59107 2.45003 0.64 0.843544 0.530951
-1.69999 2.61776 1 0.858261 0.456605
-1.83467 2.5252 1 0.844724 0.441863
-1.83467 2.5252 1 0.844724 0.441863
-1.69999 2.61776 1 0.858261 0.456605
-1.95222 2.687 1.44 0.854467 0.359653
-1.69999 2.61776 1 0.858261 0.456605
-1.80892 2.78549 1.44 0.868716 0.374327
-1.95222 2.687 1.44 0.854467 0.359653
-1.95222 2.687 1.44 0.854467 0.359653
-1.80892 2.78549 1.44 0.868716 0.374327
-2.06978 2.84881 1.96 0.858242 0.274563
-0.450056 0.155429 -0 0.534922 0.998533
-0.450056 0.161803 -0 0.536681 0.998367
-0.450056 0.310858 -0 0.576898 0.99219
-0.450056 0.161803 -0 0.536681 0.998367
-0.450056 0.323607 -0 0.580239 0.991469
-0.450056 0.310858 -0 0.576898 0.99219
-0.450056 0.310858 -0 0.576898 0.99219
-0.450056 0.323607 -0 0.580239 0.991469
-0.450056 0.466288 -0 0.616306 0.981596
-0.450056 0.323607 -0 0.580239 0.991469
-0.450056 0.48541 -0 0.620937 0.980046
-0.450056 0.466288 -0 0.616306 0.981596
-0.450056 0.466288 -0 0.616306 0.981596
-0.450056 0.48541 -0 0.620937 0.980046
-0.503456 0.621717 -0 0.651223 0.953581
-0.450056 0.48541 -0 0.620937 0.980046
-0.470228 0.647214 -0 0.657544 0.959939
-0.503456 0.621717 -0 0.651223 0.953581
-0.503456 0.621717 -0 0.651223 0.953581
-0.470228 0.647214 -0 0.657544 0.959939
-0.62932 0.777146 -0 0.679719 0.90588
-0.470228 0.647214 -0 0.657544 0.959939
-0.587785 0.809017 -0 0.687128 0.913473
-0.62932 0.777146 -0 0.679719 0.90588
-0.62932 0.777146 -0 0.679719 0.90588
-0.587785 0.809017 -0 0.687128 0.913473
-0.755184 0.932575 -0 0.703167 0.86014
-0.587785 0.809017 -0 0.687128 0.913473
-0.705342 0.97082 -0 0.711492 0.868821
-0.755184 0.932575 -0 0.703167 0.86014
-0.755184 0.932575 -0 0.703167 0.86014
-0.705342 0.97082 -0 0.711492 0.868821
-0.881049 1.088 -0 0.722162 0.817607
-0.705342 0.97082 -0 0.711492 0.868821
-0.822899 1.13262 -0 0.731262 0.827219
-0.881049 1.088 -0 0.722162 0.817607
-0.881049 1.088 -0 0.722162 0.817607
-0.822899 1.13262 -0 0.731262 0.827219
-1.00691 1.24343 -0 0.737429 0.778864
-0.822899 1.13262 -0 0.731262 0.827219
-0.940456 1.29443 -0 0.747186 0.789252
-1.00691 1.24343 -0 0.737429 0.778864
-1.00691 1.24343 -0 0.737429 0.778864
-0.940456 1.29443 -0 0.747186 0.789252
-1.13278 1.39886 -0 0.749675 0.744025
-0.940456 1.29443 -0 0.747186 0.789252
-1.05801 1.45623 -0 0.75999 0.755048
-1.13278 1.39886 -0 0.749675 0.744025
-1.13278 1.39886 -0 0.749675 0.744025
-1.05801 1.45623 -0 0.75999 0.755048
-1.46085 1.804 0.04 0.77428 0.663488
-1.05801 1.45623 -0 0.75999 0.755048
-1.36444 1.87799 0.04 0.785795 0.675743
-1.46085 1.804 0.04 0.77428 0.663488
-1.46085 1.804 0.04 0.77428 0.663488
-1.36444 1.87799 0.04 0.785795 0.675743
-1.58672 1.95943 0.16 0.787241 0.62095
-1.36444 1.87799 0.04 0.785795 0.675743
-1.48199 2.03979 0.16 0.799341 0.633756
-1.58672 1.95943 0.16 0.787241 0.62095
-1.58672 1.95943 0.16 0.787241 0.62095
-1.48199 2.03979 0.16 0.799341 0.633756
-1.71258 2.11486 0.36 0.80213 0.567412
-1.48199 2.03979 0.16 0.799341 0.633756
-1.59955 2.20159 0.36 0.814901 0.580802
-1.71258 2.11486 0.36 0.80213 0.567412
-1.71258 2.11486 0.36 0.80213 0.567412
-1.59955 2.20159 0.36 0.814901 0.580802
-1.83845 2.27029 0.64 0.817268 0.502617
-1.59955 2.20159 0.36 0.814901 0.580802
-1.71711 2.3634 0.64 0.830758 0.516531
-1.83845 2.27029 0.64 0.817268 0.502617
-1.83845 2.27029 0.64 0.817268 0.502617
-1.71711 2.3634 0.64 0.830758 0.516531
-1.96431 2.42572 1 0.830516 0.427624
-1.71711 2.3634 0.64 0.830758 0.516531
-1.83467 2.5252 1 0.844724 0.441863
-1.96431 2.42572 1 0.830516 0.427624
-1.96431 2.42572 1 0.830516 0.427624
-1.83467 2.5252 1 0.844724 0.441863
-2.09017 2.58115 1.44 0.839605 0.345463
-1.83467 2.5252 1 0.844724 0.441863
-1.95222 2.687 1.44 0.854467 0.359653
-2.09017 2.58115 1.44 0.839605 0.345463
-2.09017 2.58115 1.44 0.839605 0.345463
-1.95222 2.687 1.44 0.854467 0.359653
-2.21604 2.73658 1.96 0.842871 0.260935
-1.95222 2.687 1.44 0.854467 0.359653
-2.06978 2.84881 1.96 0.858242 0.274563
-2.21604 2.73658 1.96 0.842871 0.260935
-0.450056 0.148629 -0 0.533043 0.9987
-0.450056 0.155429 -0 0.534922 0.998533
-0.450056 0.297258 -0 0.573314 0.992928
-0.450056 0.155429 -0 0.534922 0.998533
-0.450056 0.310858 -0 0.576898 0.99219
-0.450056 0.297258 -0 0.573314 0.992928
-0.450056 0.297258 -0 0.573314 0.992928
-0.450056 0.310858 -0 0.576898 0.99219
-0.450056 0.445887 -0 0.61131 0.983195
-0.450056 0.310858 -0 0.576898 0.99219
-0.450056 0.466288 -0 0.616306 0.981596
-0.450056 0.445887 -0 0.61131 0.983195
-0.450056 0.445887 -0 0.61131 0.983195
-0.450056 0.466288 -0 0.616306 0.981596
-0.535304 0.594516 -0 0.644465 0.947499
-0.450056 0.466288 -0 0.616306 0.981596
-0.503456 0.621717 -0 0.651223 0.953581
-0.535304 0.594516 -0 0.644465 0.947499
-0.535304 0.594516 -0 0.644465 0.947499
-0.503456 0.621717 -0 0.651223 0.953581
-0.669131 0.743145 -0 0.6718 0.898605
-0.503456 0.621717 -0 0.651223 0.953581
-0.62932 0.777146 -0 0.679719 0.90588
-0.669131 0.743145 -0 0.6718 0.898605
-0.669131 0.743145 -0 0.6718 0.898605
-0.62932 0.777146 -0 0.679719 0.90588
-0.802957 0.891774 -0 0.694272 0.851811
-0.62932 0.777146 -0 0.679719 0.90588
-0.755184 0.932575 -0 0.703167 0.86014
-0.802957 0.891774 -0 0.694272 0.851811
-0.802957 0.891774 -0 0.694272 0.851811
-0.755184 0.932575 -0 0.703167 0.86014
-0.936783 1.0404 -0 0.712449 0.808375
-0.755184 0.932575 -0 0.703167 0.86014
-0.881049 1.088 -0 0.722162 0.817607
-0.936783 1.0404 -0 0.712449 0.808375
-0.936783 1.0404 -0 0.712449 0.808375
-0.881049 1.088 -0 0.722162 0.817607
-1.07061 1.18903 -0 0.72703 0.76888
-0.881049 1.088 -0 0.722162 0.817607
-1.00691 1.24343 -0 0.737429 0.778864
-1.07061 1.18903 -0 0.72703 0.76888
-1.07061 1.18903 -0 0.72703 0.76888
-1.00691 1.24343 -0 0.737429 0.778864
-1.20444 1.33766 -0 0.738696 0.733427
-1.00691 1.24343 -0 0.737429 0.778864
-1.13278 1.39886 -0 0.749675 0.744025
-1.20444 1.33766 -0 0.738696 0.733427
-1.20444 1.33766 -0 0.738696 0.733427
-1.13278 1.39886 -0 0.749675 0.744025
-1.55327 1.72508 0.04 0.762072 0.651704
-1.13278 1.39886 -0 0.749675 0.744025
-1.46085 1.804 0.04 0.77428 0.663488
-1.55327 1.72508 0.04 0.762072 0.651704
-1.55327 1.72508 0.04 0.762072 0.651704
-1.46085 1.804 0.04 0.77428 0.663488
-1.68709 1.87371 0.16 0.774436 0.608634
-1.46085 1.804 0.04 0.77428 0.663488
-1.58672 1.95943 0.16 0.787241 0.62095
-1.68709 1.87371 0.16 0.774436 0.608634
-1.68709 1.87371 0.16 0.774436 0.608634
-1.58672 1.95943 0.16 0.787241 0.62095
-1.82092 2.02234 0.36 0.788646 0.554531
-1.58672 1.95943 0.16 0.787241 0.62095
-1.71258 2.11486 0.36 0.80213 0.567412
-1.82092 2.02234 0.36 0.788646 0.554531
-1.82092 2.02234 0.36 0.788646 0.554531
-1.71258 2.11486 0.36 0.80213 0.567412
-1.95474 2.17096 0.64 0.803071 0.489225
-1.71258 2.11486 0.36 0.80213 0.567412
-1.83845 2.27029 0.64 0.817268 0.502617
-1.95474 2.17096 0.64 0.803071 0.489225
-1.95474 2.17096 0.64 0.803071 0.489225
-1.83845 2.27029 0.64 0.817268 0.502617
-2.08857 2.31959 1 0.815628 0.413909
-1.83845 2.27029 0.64 0.817268 0.502617
-1.96431 2.42572 1 0.830516 0.427624
-2.08857 2.31959 1 0.815628 0.413909
-2.08857 2.31959 1 0.815628 0.413909
-1.96431 2.42572 1 0.830516 0.427624
-2.2224 2.46822 1.44 0.824118 0.331777
-1.96431 2.42572 1 0.830516 0.427624
-2.09017 2.58115 1.44 0.839605 0.345463
-2.2224 2.46822 1.44 0.824118 0.331777
-2.2224 2.46822 1.44 0.824118 0.331777
-2.09017 2.58115 1.44 0.839605 0.345463
-2.35622 2.61685 1.96 0.826952 0.247771
-2.09017 2.58115 1.44 0.839605 0.345463
-2.21604 2.73658 1.96 0.842871 0.260935
-2.35622 2.61685 1.96 0.826952 0.247771
-0.450056 0.141421 -0 0.531048 0.998867
-0.450056 0.148629 -0 0.533043 0.9987
-0.450056 0.282843 -0 0.569494 0.993674
-0.450056 0.148629 -0 0.533043 0.9987
-0.450056 0.297258 -0 0.573314 0.992928
-0.450056 0.282843 -0 0.569494 0.993674
-0.450056 0.282843 -0 0.569494 0.993674
-0.450056 0.297258 -0 0.573314 0.992928
-0.450056 0.424264 -0 0.605953 0.984826
-0.450056 0.297258 -0 0.573314 0.992928
-0.450056 0.445887 -0 0.61131 0.983195
-0.450056 0.424264 -0 0.605953 0.984826
-0.450056 0.424264 -0 0.605953 0.984826
-0.450056 0.445887 -0 0.61131 0.983195
-0.565685 0.565685 -0 0.637282 0.9417
-0.450056 0.445887 -0 0.61131 0.983195
-0.535304 0.594516 -0 0.644465 0.947499
-0.565685 0.565685 -0 0.637282 0.9417
-0.565685 0.565685 -0 0.637282 0.9417
-0.535304 0.594516 -0 0.644465 0.947499
-0.707107 0.707107 -0 0.66338 0.891657
-0.535304 0.594516 -0 0.644465 0.947499
-0.669131 0.743145 -0 0.6718 0.898605
-0.707107 0.707107 -0 0.66338 0.891657
-0.707107 0.707107 -0 0.66338 0.891657
-0.669131 0.743145 -0 0.6718 0.898605
-0.848528 0.848528 -0 0.68482 0.843844
-0.669131 0.743145 -0 0.6718 0.898605
-0.802957 0.891774 -0 0.694272 0.851811
-0.848528 0.848528 -0 0.68482 0.843844
-0.848528 0.848528 -0 0.68482 0.843844
-0.802957 0.891774 -0 0.694272 0.851811
-0.98995 0.98995 -0 0.702136 0.799535
-0.802957 0.891774 -0 0.694272 0.851811
-0.936783 1.0404 -0 0.712449 0.808375
-0.98995 0.98995 -0 0.702136 0.799535
-0.98995 0.98995 -0 0.702136 0.799535
-0.936783 1.0404 -0 0.712449 0.808375
-1.13137 1.13137 -0 0.715998 0.759314
-0.936783 1.0404 -0 0.712449 0.808375
-1.07061 1.18903 -0 0.72703 0.76888
-1.13137 1.13137 -0 0.715998 0.759314
-1.13137 1.13137 -0 0.715998 0.759314
-1.07061 1.18903 -0 0.72703 0.76888
-1.27279 1.27279 -0 0.727064 0.723269
-1.07061 1.18903 -0 0.72703 0.76888
-1.20444 1.33766 -0 0.738696 0.733427
-1.27279 1.27279 -0 0.727064 0.723269
-1.27279 1.27279 -0 0.727064 0.723269
-1.20444 1.33766 -0 0.738696 0.733427
-1.64142 1.64142 0.04 0.749183 0.640409
-1.20444 1.33766 -0 0.738696 0.733427
-1.55327 1.72508 0.04 0.762072 0.651704
-1.64142 1.64142 0.04 0.749183 0.640409
-1.64142 1.64142 0.04 0.749183 0.640409
-1.55327 1.72508 0.04 0.762072 0.651704
-1.78284 1.78284 0.16 0.760935 0.596828
-1.55327 1.72508 0.04 0.762072 0.651704
-1.68709 1.87371 0.16 0.774436 0.608634
-1.78284 1.78284 0.16 0.760935 0.596828
-1.78284 1.78284 0.16 0.760935 0.596828
-1.68709 1.87371 0.16 0.774436 0.608634
-1.92426 1.92426 0.36 0.774455 0.54218
-1.68709 1.87371 0.16 0.774436 0.608634
-1.82092 2.02234 0.36 0.788646 0.554531
-1.92426 1.92426 0.36 0.774455 0.54218
-1.92426 1.92426 0.36 0.774455 0.54218
-1.82092 2.02234 0.36 0.788646 0.554531
-2.06569 2.06569 0.64 0.788168 0.476377
-1.82092 2.02234 0.36 0.788646 0.554531
-1.95474 2.17096 0.64 0.803071 0.489225
-2.06569 2.06569 0.64 0.788168 0.476377
-2.06569 2.06569 0.64 0.788168 0.476377
-1.95474 2.17096 0.64 0.803071 0.489225
-2.20711 2.20711 1 0.800059 0.400738
-1.95474 2.17096 0.64 0.803071 0.489225
-2.08857 2.31959 1 0.815628 0.413909
-2.20711 2.20711 1 0.800059 0.400738
-2.20711 2.20711 1 0.800059 0.400738
-2.08857 2.31959 1 0.815628 0.413909
-2.34853 2.34853 1.44 0.808002 0.318618
-2.08857 2.31959 1 0.815628 0.413909
-2.2224 2.46822 1.44 0.824118 0.331777
-2.34853 2.34853 1.44 0.808002 0.318618
-2.34853 2.34853 1.44 0.808002 0.318618
-2.2224 2.46822 1.44 0.824118 0.331777
-2.48995 2.48995 1.96 0.810478 0.235095
-2.2224 2.46822 1.44 0.824118 0.331777
-2.35622 2.61685 1.96 0.826952 0.247771
-2.48995 2.48995 1.96 0.810478 0.235095
-0.450056 0.133826 -0 0.528942 0.999032
-0.450056 0.141421 -0 0.531048 0.998867
-0.450056 0.267652 -0 0.565447 0.994418
-0.450056 0.141421 -0 0.531048 0.998867
-0.450056 0.282843 -0 0.569494 0.993674
-0.450056 0.267652 -0 0.565447 0.994418
-0.450056 0.267652 -0 0.565447 0.994418
-0.450056 0.282843 -0 0.569494 0.993674
-0.450056 0.401478 -0 0.600242 0.98647
-0.450056 0.282843 -0 0.569494 0.993674
-0.450056 0.424264 -0 0.605953 0.984826
-0.450056 0.401478 -0 0.600242 0.98647
-0.450056 0.401478 -0 0.600242 0.98647
-0.450056 0.424264 -0 0.605953 0.984826
-0.594516 0.535304 -0 0.629687 0.936192
-0.450056 0.424264 -0 0.605953 0.984826
-0.565685 0.565685 -0 0.637282 0.9417
-0.594516 0.535304 -0 0.629687 0.936192
-0.594516 0.535304 -0 0.629687 0.936192
-0.565685 0.565685 -0 0.637282 0.9417
-0.743145 0.669131 -0 0.654476 0.885045
-0.565685 0.565685 -0 0.637282 0.9417
-0.707107 0.707107 -0 0.66338 0.891657
-0.743145 0.669131 -0 0.654476 0.885045
-0.743145 0.669131 -0 0.654476 0.885045
-0.707107 0.707107 -0 0.66338 0.891657
-0.891774 0.802957 -0 0.674825 0.83625
-0.707107 0.707107 -0 0.66338 0.891657
-0.848528 0.848528 -0 0.68482 0.843844
-0.891774 0.802957 -0 0.674825 0.83625
-0.891774 0.802957 -0 0.674825 0.83625
-0.848528 0.848528 -0 0.68482 0.843844
-1.0404 0.936783 -0 0.691237 0.791099
-0.848528 0.848528 -0 0.68482 0.843844
-0.98995 0.98995 -0 0.702136 0.799535
-1.0404 0.936783 -0 0.691237 0.791099
-1.0404 0.936783 -0 0.691237 0.791099
-0.98995 0.98995 -0 0.702136 0.799535
-1.18903 1.07061 -0 0.704351 0.750178
-0.98995 0.98995 -0 0.702136 0.799535
-1.13137 1.13137 -0 0.715998 0.759314
-1.18903 1.07061 -0 0.704351 0.750178
-1.18903 1.07061 -0 0.704351 0.750178
-1.13137 1.13137 -0 0.715998 0.759314
-1.33766 1.20444 -0 0.714796 0.713565
-1.13137 1.13137 -0 0.715998 0.759314
-1.27279 1.27279 -0 0.727064 0.723269
-1.33766 1.20444 -0 0.714796 0.713565
-1.33766 1.20444 -0 0.714796 0.713565
-1.27279 1.27279 -0 0.727064 0.723269
-1.72508 1.55327 0.04 0.735629 0.62962
-1.27279 1.27279 -0 0.727064 0.723269
-1.64142 1.64142 0.04 0.749183 0.640409
-1.72508 1.55327 0.04 0.735629 0.62962
-1.72508 1.55327 0.04 0.735629 0.62962
-1.64142 1.64142 0.04 0.749183 0.640409
-1.87371 1.68709 0.16 0.746755 0.585549
-1.64142 1.64142 0.04 0.749183 0.640409
-1.78284 1.78284 0.16 0.760935 0.596828
-1.87371 1.68709 0.16 0.746755 0.585549
-1.87371 1.68709 0.16 0.746755 0.585549
-1.78284 1.78284 0.16 0.760935 0.596828
-2.02234 1.82092 0.36 0.759571 0.530378
-1.78284 1.78284 0.16 0.760935 0.596828
-1.92426 1.92426 0.36 0.774455 0.54218
-2.02234 1.82092 0.36 0.759571 0.530378
-2.02234 1.82092 0.36 0.759571 0.530378
-1.92426 1.92426 0.36 0.774455 0.54218
-2.17096 1.95474 0.64 0.77257 0.464097
-1.92426 1.92426 0.36 0.774455 0.54218
-2.06569 2.06569 0.64 0.788168 0.476377
-2.17096 1.95474 0.64 0.77257 0.464097
-2.17096 1.95474 0.64 0.77257 0.464097
-2.06569 2.06569 0.64 0.788168 0.476377
-2.31959 2.08857 1 0.783814 0.38814
-2.06569 2.06569 0.64 0.788168 0.476377
-2.20711 2.20711 1 0.800059 0.400738
-2.31959 2.08857 1 0.783814 0.38814
-2.31959 2.08857 1 0.783814 0.38814
-2.20711 2.20711 1 0.800059 0.400738
-2.46822 2.2224 1.44 0.791256 0.306015
-2.20711 2.20711 1 0.800059 0.400738
-2.34853 2.34853 1.44 0.808002 0.318618
-2.46822 2.2224 1.44 0.791256 0.306015
-2.46822 2.2224 1.44 0.791256 0.306015
-2.34853 2.34853 1.44 0.808002 0.318618
-2.61685 2.35622 1.96 0.793446 0.222934
-2.34853 2.34853 1.44 0.808002 0.318618
-2.48995 2.48995 1.96 0.810478 0.235095
-2.61685 2.35622 1.96 0.793446 0.222934
-0.450056 0.125864 -0 0.526732 0.999191
-0.450056 0.133826 -0 0.528942 0.999032
-0.450056 0.251728 -0 0.561179 0.995152
-0.450056 0.133826 -0 0.528942 0.999032
-0.450056 0.267652 -0 0.565447 0.994418
-0.450056 0.251728 -0 0.561179 0.995152
-0.450056 0.251728 -0 0.561179 0.995152
-0.450056 0.267652 -0 0.565447 0.994418
-0.466288 0.377592 -0 0.593957 0.983562
-0.450056 0.267652 -0 0.565447 0.994418
-0.450056 0.401478 -0 0.600242 0.98647
-0.466288 0.377592 -0 0.593957 0.983562
-0.466288 0.377592 -0 0.593957 0.983562
-0.450056 0.401478 -0 0.600242 0.98647
-0.621717 0.503456 -0 0.621697 0.930982
-0.450056 0.401478 -0 0.600242 0.98647
-0.594516 0.535304 -0 0.629687 0.936192
-0.621717 0.503456 -0 0.621697 0.930982
-0.621717 0.503456 -0 0.621697 0.930982
-0.594516 0.535304 -0 0.629687 0.936192
-0.777146 0.62932 -0 0.645102 0.878779
-0.594516 0.535304 -0 0.629687 0.936192
-0.743145 0.669131 -0 0.654476 0.885045
-0.777146 0.62932 -0 0.645102 0.878779
-0.777146 0.62932 -0 0.645102 0.878779
-0.743145 0.669131 -0 0.654476 0.885045
-0.932575 0.755184 -0 0.664304 0.829041
-0.743145 0.669131 -0 0.654476 0.885045
-0.891774 0.802957 -0 0.674825 0.83625
-0.932575 0.755184 -0 0.664304 0.829041
-0.932575 0.755184 -0 0.664304 0.829041
-0.891774 0.802957 -0 0.674825 0.83625
-1.088 0.881049 -0 0.679771 0.783081
-0.891774 0.802957 -0 0.674825 0.83625
-1.0404 0.936783 -0 0.691237 0.791099
-1.088 0.881049 -0 0.679771 0.783081
-1.088 0.881049 -0 0.679771 0.783081
-1.0404 0.936783 -0 0.691237 0.791099
-1.24343 1.00691 -0 0.692107 0.74149
-1.0404 0.936783 -0 0.691237 0.791099
-1.18903 1.07061 -0 0.704351 0.750178
-1.24343 1.00691 -0 0.692107 0.74149
-1.24343 1.00691 -0 0.692107 0.74149
-1.18903 1.07061 -0 0.704351 0.750178
-1.39886 1.13278 -0 0.701913 0.704336
-1.18903 1.07061 -0 0.704351 0.750178
-1.33766 1.20444 -0 0.714796 0.713565
-1.39886 1.13278 -0 0.701913 0.704336
-1.39886 1.13278 -0 0.701913 0.704336
-1.33766 1.20444 -0 0.714796 0.713565
-1.804 1.46085 0.04 0.721436 0.619359
-1.33766 1.20444 -0 0.714796 0.713565
-1.72508 1.55327 0.04 0.735629 0.62962
-1.804 1.46085 0.04 0.721436 0.619359
-1.804 1.46085 0.04 0.721436 0.619359
-1.72508 1.55327 0.04 0.735629 0.62962
-1.95943 1.58672 0.16 0.731918 0.574823
-1.72508 1.55327 0.04 0.735629 0.62962
-1.87371 1.68709 0.16 0.746755 0.585549
-1.95943 1.58672 0.16 0.731918 0.574823
-1.95943 1.58672 0.16 0.731918 0.574823
-1.87371 1.68709 0.16 0.746755 0.585549
-2.11486 1.71258 0.36 0.744015 0.519152
-1.87371 1.68709 0.16 0.746755 0.585549
-2.02234 1.82092 0.36 0.759571 0.530378
-2.11486 1.71258 0.36 0.744015 0.519152
-2.11486 1.71258 0.36 0.744015 0.519152
-2.02234 1.82092 0.36 0.759571 0.530378
-2.27029 1.83845 0.64 0.756293 0.45241
-2.02234 1.82092 0.36 0.759571 0.530378
-2.17096 1.95474 0.64 0.77257 0.464097
-2.27029 1.83845 0.64 0.756293 0.45241
-2.27029 1.83845 0.64 0.756293 0.45241
-2.17096 1.95474 0.64 0.77257 0.464097
-2.42572 1.96431 1 0.766904 0.376141
-2.17096 1.95474 0.64 0.77257 0.464097
-2.31959 2.08857 1 0.783814 0.38814
-2.42572 1.96431 1 0.766904 0.376141
-2.42572 1.96431 1 0.766904 0.376141
-2.31959 2.08857 1 0.783814 0.38814
-2.58115 2.09017 1.44 0.773887 0.293997
-2.31959 2.08857 1 0.783814 0.38814
-2.46822 2.2224 1.44 0.791256 0.306015
-2.58115 2.09017 1.44 0.773887 0.293997
-2.58115 2.09017 1.44 0.773887 0.293997
-2.46822 2.2224 1.44 0.791256 0.306015
-2.73658 2.21604 1.96 0.775859 0.211318
-2.46822 2.2224 1.44 0.791256 0.306015
-2.61685 2.35622 1.96 0.793446 0.222934
-2.73658 2.21604 1.96 0.775859 0.211318
-0.450056 0.117557 -0 0.524422 0.999342
-0.450056 0.125864 -0 0.526732 0.999191
-0.450056 0.235114 -0 0.556703 0.995866
-0.450056 0.125864 -0 0.526732 0.999191
-0.450056 0.251728 -0 0.561179 0.995152
-0.450056 0.235114 -0 0.556703 0.995866
-0.450056 0.235114 -0 0.556703 0.995866
-0.450056 0.251728 -0 0.561179 0.995152
-0.48541 0.352671 -0 0.587317 0.979742
-0.450056 0.251728 -0 0.561179 0.995152
-0.466288 0.377592 -0 0.593957 0.983562
-0.48541 0.352671 -0 0.587317 0.979742
-0.48541 0.352671 -0 0.587317 0.979742
-0.466288 0.377592 -0 0.593957 0.983562
-0.647214 0.470228 -0 0.613327 0.92608
-0.466288 0.377592 -0 0.593957 0.983562
-0.621717 0.503456 -0 0.621697 0.930982
-0.647214 0.470228 -0 0.613327 0.92608
-0.647214 0.470228 -0 0.613327 0.92608
-0.621717 0.503456 -0 0.621697 0.930982
-0.809017 0.587785 -0 0.63528 0.87287
-0.621717 0.503456 -0 0.621697 0.930982
-0.777146 0.62932 -0 0.645102 0.878779
-0.809017 0.587785 -0 0.63528 0.87287
-0.809017 0.587785 -0 0.63528 0.87287
-0.777146 0.62932 -0 0.645102 0.878779
-0.97082 0.705342 -0 0.653279 0.82223
-0.777146 0.62932 -0 0.645102 0.878779
-0.932575 0.755184 -0 0.664304 0.829041
-0.97082 0.705342 -0 0.653279 0.82223
-0.97082 0.705342 -0 0.653279 0.82223
-0.932575 0.755184 -0 0.664304 0.829041
-1.13262 0.822899 -0 0.66776 0.775498
-0.932575 0.755184 -0 0.664304 0.829041
-1.088 0.881049 -0 0.679771 0.783081
-1.13262 0.822899 -0 0.66776 0.775498
-1.13262 0.822899 -0 0.66776 0.775498
-1.088 0.881049 -0 0.679771 0.783081
-1.29443 0.940456 -0 0.679291 0.733268
-1.088 0.881049 -0 0.679771 0.783081
-1.24343 1.00691 -0 0.692107 0.74149
-1.29443 0.940456 -0 0.679291 0.733268
-1.29443 0.940456 -0 0.679291 0.733268
-1.24343 1.00691 -0 0.692107 0.74149
-1.45623 1.05801 -0 0.688442 0.6956
-1.24343 1.00691 -0 0.692107 0.74149
-1.39886 1.13278 -0 0.701913 0.704336
-1.45623 1.05801 -0 0.688442 0.6956
-1.45623 1.05801 -0 0.688442 0.6956
-1.39886 1.13278 -0 0.701913 0.704336
-1.87799 1.36444 0.04 0.706631 0.60965
-1.39886 1.13278 -0 0.701913 0.704336
-1.804 1.46085 0.04 0.721436 0.619359
-1.87799 1.36444 0.04 0.706631 0.60965
-1.87799 1.36444 0.04 0.706631 0.60965
-1.804 1.46085 0.04 0.721436 0.619359
-2.03979 1.48199 0.16 0.716454 0.564672
-1.804 1.46085 0.04 0.721436 0.619359
-1.95943 1.58672 0.16 0.731918 0.574823
-2.03979 1.48199 0.16 0.716454 0.564672
-2.03979 1.48199 0.16 0.716454 0.564672
-1.95943 1.58672 0.16 0.731918 0.574823
-2.20159 1.59955 0.36 0.727815 0.508525
-1.95943 1.58672 0.16 0.731918 0.574823
-2.11486 1.71258 0.36 0.744015 0.519152
-2.20159 1.59955 0.36 0.727815 0.508525
-2.20159 1.59955 0.36 0.727815 0.508525
-2.11486 1.71258 0.36 0.744015 0.519152
-2.3634 1.71711 0.64 0.739361 0.441343
-2.11486 1.71258 0.36 0.744015 0.519152
-2.27029 1.83845 0.64 0.756293 0.45241
-2.3634 1.71711 0.64 0.739361 0.441343
-2.3634 1.71711 0.64 0.739361 0.441343
-2.27029 1.83845 0.64 0.756293 0.45241
-2.5252 1.83467 1 0.749348 0.364772
-2.27029 1.83845 0.64 0.756293 0.45241
-2.42572 1.96431 1 0.766904 0.376141
-2.5252 1.83467 1 0.749348 0.364772
-2.5252 1.83467 1 0.749348 0.364772
-2.42572 1.96431 1 0.766904 0.376141
-2.687 1.95222 1.44 0.75591 0.282596
-2.42572 1.96431 1 0.766904 0.376141
-2.58115 2.09017 1.44 0.773887 0.293997
-2.687 1.95222 1.44 0.75591 0.282596
-2.687 1.95222 1.44 0.75591 0.282596
-2.58115 2.09017 1.44 0.773887 0.293997
-2.84881 2.06978 1.96 0.757727 0.200279
-2.58115 2.09017 1.44 0.773887 0.293997
-2.73658 2.21604 1.96 0.775859 0.211318
-2.84881 2.06978 1.96 0.757727 0.200279
-0.450056 0.108928 -0 0.522019 0.999484
-0.450056 0.117557 -0 0.524422 0.999342
-0.450056 0.217856 -0 0.552027 0.996552
-0.450056 0.117557 -0 0.524422 0.999342
-0.450056 0.235114 -0 0.556703 0.995866
-0.450056 0.217856 -0 0.552027 0.996552
-0.450056 0.217856 -0 0.552027 0.996552
-0.450056 0.235114 -0 0.556703 0.995866
-0.503202 0.326783 -0 0.580399 0.976176
-0.450056 0.235114 -0 0.556703 0.995866
-0.48541 0.352671 -0 0.587317 0.979742
-0.503202 0.326783 -0 0.580399 0.976176
-0.503202 0.326783 -0 0.580399 0.976176
-0.48541 0.352671 -0 0.587317 0.979742
-0.670936 0.435711 -0 0.604599 0.921494
-0.48541 0.352671 -0 0.587317 0.979742
-0.647214 0.470228 -0 0.613327 0.92608
-0.670936 0.435711 -0 0.604599 0.921494
-0.670936 0.435711 -0 0.604599 0.921494
-0.647214 0.470228 -0 0.613327 0.92608
-0.838671 0.544639 -0 0.625029 0.867328
-0.647214 0.470228 -0 0.613327 0.92608
-0.809017 0.587785 -0 0.63528 0.87287
-0.838671 0.544639 -0 0.625029 0.867328
-0.838671 0.544639 -0 0.625029 0.867328
-0.809017 0.587785 -0 0.63528 0.87287
-1.0064 0.653567 -0 0.641773 0.815831
-0.809017 0.587785 -0 0.63528 0.87287
-0.97082 0.705342 -0 0.653279 0.82223
-1.0064 0.653567 -0 0.641773 0.815831
-1.0064 0.653567 -0 0.641773 0.815831
-0.97082 0.705342 -0 0.653279 0.82223
-1.17414 0.762495 -0 0.655231 0.768367
-0.97082 0.705342 -0 0.653279 0.82223
-1.13262 0.822899 -0 0.66776 0.775498
-1.17414 0.762495 -0 0.655231 0.768367
-1.17414 0.762495 -0 0.655231 0.768367
-1.13262 0.822899 -0 0.66776 0.775498
-1.34187 0.871422 -0 0.665933 0.725533
-1.13262 0.822899 -0 0.66776 0.775498
-1.29443 0.940456 -0 0.679291 0.733268
-1.34187 0.871422 -0 0.665933 0.725533
-1.34187 0.871422 -0 0.665933 0.725533
-1.29443 0.940456 -0 0.679291 0.733268
-1.50961 0.98035 -0 0.674412 0.68738
-1.29443 0.940456 -0 0.679291 0.733268
-1.45623 1.05801 -0 0.688442 0.6956
-1.50961 0.98035 -0 0.674412 0.68738
-1.50961 0.98035 -0 0.674412 0.68738
-1.45623 1.05801 -0 0.688442 0.6956
-1.94682 1.26428 0.04 0.691248 0.600516
-1.45623 1.05801 -0 0.688442 0.6956
-1.87799 1.36444 0.04 0.706631 0.60965
-1.94682 1.26428 0.04 0.691248 0.600516
-1.94682 1.26428 0.04 0.691248 0.600516
-1.87799 1.36444 0.04 0.706631 0.60965
-2.11456 1.37321 0.16 0.700399 0.555121
-1.87799 1.36444 0.04 0.706631 0.60965
-2.03979 1.48199 0.16 0.716454 0.564672
-2.11456 1.37321 0.16 0.700399 0.555121
-2.11456 1.37321 0.16 0.700399 0.555121
-2.03979 1.48199 0.16 0.716454 0.564672
-2.28229 1.48214 0.36 0.711006 0.498524
-2.03979 1.48199 0.16 0.716454 0.564672
-2.20159 1.59955 0.36 0.727815 0.508525
-2.28229 1.48214 0.36 0.711006 0.498524
-2.28229 1.48214 0.36 0.711006 0.498524
-2.20159 1.59955 0.36 0.727815 0.508525
-2.45003 1.59107 0.64 0.721808 0.430924
-2.20159 1.59955 0.36 0.727815 0.508525
-2.3634 1.71711 0.64 0.739361 0.441343
-2.45003 1.59107 0.64 0.721808 0.430924
-2.45003 1.59107 0.64 0.721808 0.430924
-2.3634 1.71711 0.64 0.739361 0.441343
-2.61776 1.69999 1 0.731173 0.354062
-2.3634 1.71711 0.64 0.739361 0.441343
-2.5252 1.83467 1 0.749348 0.364772
-2.61776 1.69999 1 0.731173 0.354062
-2.61776 1.69999 1 0.731173 0.354062
-2.5252 1.83467 1 0.749348 0.364772
-2.78549 1.80892 1.44 0.737343 0.271842
-2.5252 1.83467 1 0.749348 0.364772
-2.687 1.95222 1.44 0.75591 0.282596
-2.78549 1.80892 1.44 0.737343 0.271842
-2.78549 1.80892 1.44 0.737343 0.271842
-2.687 1.95222 1.44 0.75591 0.282596
-2.95323 1.91785 1.96 0.739064 0.189848
-2.687 1.95222 1.44 0.75591 0.282596
-2.84881 2.06978 1.96 0.757727 0.200279
-2.95323 1.91785 1.96 0.739064 0.189848
-0.450056 0.1 -0 0.519529 0.999614
-0.450056 0.108928 -0 0.522019 0.999484
-0.450056 0.2 -0 0.547164 0.997199
-0.450056 0.108928 -0 0.522019 0.999484
-0.450056 0.217856 -0 0.552027 0.996552
-0.450056 0.2 -0 0.547164 0.997199
-0.450056 0.2 -0 0.547164 0.997199
-0.450056 0.217856 -0 0.552027 0.996552
-0.519615 0.3 -0 0.573221 0.97287
-0.450056 0.217856 -0 0.552027 0.996552
-0.503202 0.326783 -0 0.580399 0.976176
-0.519615 0.3 -0 0.573221 0.97287
-0.519615 0.3 -0 0.573221 0.97287
-0.503202 0.326783 -0 0.580399 0.976176
-0.69282 0.4 -0 0.595531 0.917231
-0.503202 0.326783 -0 0.580399 0.976176
-0.670936 0.435711 -0 0.604599 0.921494
-0.69282 0.4 -0 0.595531 0.917231
-1.0064 0.653567 -0 0.641773 0.815831
-1.17414 0.762495 -0 0.655231 0.768367
-1.21244 0.7 -0 0.642214 0.761705
-1.21244 0.7 -0 0.642214 0.761705
-1.17414 0.762495 -0 0.655231 0.768367
-1.38564 0.8 -0 0.652064 0.718305
-1.17414 0.762495 -0 0.655231 0.768367
-1.34187 0.871422 -0 0.665933 0.725533
-1.38564 0.8 -0 0.652064 0.718305
-1.38564 0.8 -0 0.652064 0.718305
-1.34187 0.871422 -0 0.665933 0.725533
-1.55885 0.9 -0 0.659858 0.679699
-1.34187 0.871422 -0 0.665933 0.725533
-1.50961 0.98035 -0 0.674412 0.68738
-1.55885 0.9 -0 0.659858 0.679699
-1.55885 0.9 -0 0.659858 0.679699
-1.50961 0.98035 -0 0.674412 0.68738
-2.01032 1.16066 0.04 0.675328 0.591982
-1.50961 0.98035 -0 0.674412 0.68738
-1.94682 1.26428 0.04 0.691248 0.600516
-2.01032 1.16066 0.04 0.675328 0.591982
-2.01032 1.16066 0.04 0.675328 0.591982
-1.94682 1.26428 0.04 0.691248 0.600516
-2.18353 1.26066 0.16 0.683791 0.546195
-1.94682 1.26428 0.04 0.691248 0.600516
-2.11456 1.37321 0.16 0.700399 0.555121
-2.18353 1.26066 0.16 0.683791 0.546195
-2.87635 1.66066 1.44 0.718216 0.261767
-2.78549 1.80892 1.44 0.737343 0.271842
-3.04955 1.76066 1.96 0.719893 0.180058
-2.78549 1.80892 1.44 0.737343 0.271842
-2.95323 1.91785 1.96 0.739064 0.189848
-3.04955 1.76066 1.96 0.719893 0.180058
-0.450056 0.0907981 -0 0.516959 0.999731
-0.450056 0.1 -0 0.519529 0.999614
-0.450056 0.181596 -0 0.542126 0.997799
-0.450056 0.1 -0 0.519529 0.999614
-0.450056 0.2 -0 0.547164 0.997199
-0.450056 0.181596 -0 0.542126 0.997799
-0.450056 0.181596 -0 0.542126 0.997799
-0.450056 0.2 -0 0.547164 0.997199
-0.534604 0.272394 -0 0.5658 0.96983
-0.450056 0.2 -0 0.547164 0.997199
-0.519615 0.3 -0 0.573221 0.97287
-0.534604 0.272394 -0 0.5658 0.96983
-0.534604 0.272394 -0 0.5658 0.96983
-0.519615 0.3 -0 0.573221 0.97287
-0.712805 0.363192 -0 0.586148 0.913301
-0.519615 0.3 -0 0.573221 0.97287
-0.69282 0.4 -0 0.595531 0.917231
-0.712805 0.363192 -0 0.586148 0.913301
-2.95932 1.50785 1.44 0.698562 0.252399
-2.87635 1.66066 1.44 0.718216 0.261767
-3.13752 1.59865 1.96 0.700239 0.170939
-2.87635 1.66066 1.44 0.718216 0.261767
-3.04955 1.76066 1.96 0.719893 0.180058
-3.13752 1.59865 1.96 0.700239 0.170939
-0.450056 0.0813473 -0 0.514316 0.999831
-0.450056 0.0907981 -0 0.516959 0.999731
-0.450056 0.162695 -0 0.536927 0.998343
-0.450056 0.0907981 -0 0.516959 0.999731
-0.450056 0.181596 -0 0.542126 0.997799
-0.450056 0.162695 -0 0.536927 0.998343
-0.450056 0.162695 -0 0.536927 0.998343
-0.450056 0.181596 -0 0.542126 0.997799
-0.548127 0.244042 -0 0.558157 0.967062
-0.450056 0.181596 -0 0.542126 0.997799
-0.534604 0.272394 -0 0.5658 0.96983
-0.548127 0.244042 -0 0.558157 0.967062
-0.548127 0.244042 -0 0.558157 0.967062
-0.534604 0.272394 -0 0.5658 0.96983
-0.730836 0.325389 -0 0.576473 0.909711
-0.534604 0.272394 -0 0.5658 0.96983
-0.712805 0.363192 -0 0.586148 0.913301
-0.730836 0.325389 -0 0.576473 0.909711
-3.03418 1.3509 1.44 0.678421 0.243766
-2.95932 1.50785 1.44 0.698562 0.252399
-3.21689 1.43225 1.96 0.680136 0.162519
-2.95932 1.50785 1.44 0.698562 0.252399
-3.13752 1.59865 1.96 0.700239 0.170939
-3.21689 1.43225 1.96 0.680136 0.162519
-0.450056 0.0716736 -0 0.511608 0.999914
-0.450056 0.0813473 -0 0.514316 0.999831
-0.450056 0.143347 -0 0.531581 0.998824
-0.450056 0.0813473 -0 0.514316 0.999831
-0.450056 0.162695 -0 0.536927 0.998343
-0.450056 0.143347 -0 0.531581 0.998824
-0.450056 0.143347 -0 0.531581 0.998824
-0.450056 0.162695 -0 0.536927 0.998343
-0.560148 0.215021 -0 0.550311 0.96457
-0.450056 0.162695 -0 0.536927 0.998343
-0.548127 0.244042 -0 0.558157 0.967062
-0.560148 0.215021 -0 0.550311 0.96457
-0.560148 0.215021 -0 0.550311 0.96457
-0.548127 0.244042 -0 0.558157 0.967062
-0.746864 0.286694 -0 0.566533 0.90647
-0.548127 0.244042 -0 0.558157 0.967062
-0.730836 0.325389 -0 0.576473 0.909711
-0.746864 0.286694 -0 0.566533 0.90647
-3.10072 1.19025 1.44 0.657834 0.235891
-3.03418 1.3509 1.44 0.678421 0.243766
-3.28744 1.26193 1.96 0.65962 0.154825
-3.03418 1.3509 1.44 0.678421 0.243766
-3.21689 1.43225 1.96 0.680136 0.162519
-3.28744 1.26193 1.96 0.65962 0.154825
-0.450056 0.0618034 -0 0.508841 0.999977
-0.450056 0.0716736 -0 0.511608 0.999914
-0.450056 0.123607 -0 0.526104 0.999233
-0.450056 0.0716736 -0 0.511608 0.999914
-0.450056 0.143347 -0 0.531581 0.998824
-0.450056 0.123607 -0 0.526104 0.999233
-0.450056 0.123607 -0 0.526104 0.999233
-0.450056 0.143347 -0 0.531581 0.998824
-0.570634 0.18541 -0 0.542285 0.96236
-0.450056 0.143347 -0 0.531581 0.998824
-0.560148 0.215021 -0 0.550311 0.96457
-0.570634 0.18541 -0 0.542285 0.96236
-0.570634 0.18541 -0 0.542285 0.96236
-0.560148 0.215021 -0 0.550311 0.96457
-0.760845 0.247214 -0 0.556356 0.903586
-0.560148 0.215021 -0 0.550311 0.96457
-0.746864 0.286694 -0 0.566533 0.90647
-0.760845 0.247214 -0 0.556356 0.903586
-3.15876 1.02634 1.44 0.63685 0.228797
-3.10072 1.19025 1.44 0.657834 0.235891
-3.34897 1.08815 1.96 0.638733 0.14788
-3.10072 1.19025 1.44 0.657834 0.235891
-3.28744 1.26193 1.96 0.65962 0.154825
-3.34897 1.08815 1.96 0.638733 0.14788
-0.450056 0.0517638 -0 0.506024 1.00002
-0.450056 0.0618034 -0 0.508841 0.999977
-0.450056 0.103528 -0 0.520513 0.999565
-0.450056 0.0618034 -0 0.508841 0.999977
-0.450056 0.123607 -0 0.526104 0.999233
-0.450056 0.103528 -0 0.520513 0.999565
-0.450056 0.103528 -0 0.520513 0.999565
-0.450056 0.123607 -0 0.526104 0.999233
-0.579556 0.155291 -0 0.534101 0.960436
-0.450056 0.123607 -0 0.526104 0.999233
-0.570634 0.18541 -0 0.542285 0.96236
-0.579556 0.155291 -0 0.534101 0.960436
-3.20815 0.859621 1.44 0.615516 0.2225
-3.15876 1.02634 1.44 0.63685 0.228797
-3.40133 0.911385 1.96 0.617518 0.141706
-3.15876 1.02634 1.44 0.63685 0.228797
-3.34897 1.08815 1.96 0.638733 0.14788
-3.40133 0.911385 1.96 0.617518 0.141706
-0.450056 0.0415823 -0 0.503165 1.00004
-0.450056 0.0517638 -0 0.506024 1.00002
-0.450056 0.0831647 -0 0.514825 0.999813
-0.450056 0.0517638 -0 0.506024 1.00002
-0.450056 0.103528 -0 0.520513 0.999565
-0.450056 0.0831647 -0 0.514825 0.999813
-0.450056 0.0831647 -0 0.514825 0.999813
-0.450056 0.103528 -0 0.520513 0.999565
-0.586889 0.124747 -0 0.525783 0.958804
-0.450056 0.103528 -0 0.520513 0.999565
-0.579556 0.155291 -0 0.534101 0.960436
-0.586889 0.124747 -0 0.525783 0.958804
-3.24874 0.690541 1.44 0.593884 0.21702
-3.20815 0.859621 1.44 0.615516 0.2225
-3.44437 0.732124 1.96 0.596022 0.136319
-3.20815 0.859621 1.44 0.615516 0.2225
-3.40133 0.911385 1.96 0.617518 0.141706
-3.44437 0.732124 1.96 0.596022 0.136319
-0.450056 0.0312869 -0 0.500271 1.00004
-0.450056 0.0415823 -0 0.503165 1.00004
-0.450056 0.0625738 -0 0.509057 0.999973
-0.450056 0.0415823 -0 0.503165 1.00004
-0.450056 0.0831647 -0 0.514825 0.999813
-0.450056 0.0625738 -0 0.509057 0.999973
-0.450056 0.0625738 -0 0.509057 0.999973
-0.450056 0.0831647 -0 0.514825 0.999813
-0.592613 0.0938607 -0 0.517354 0.957466
-0.450056 0.0831647 -0 0.514825 0.999813
-0.586889 0.124747 -0 0.525783 0.958804
-0.592613 0.0938607 -0 0.517354 0.957466
-3.28043 0.519569 1.44 0.572003 0.21237
-3.24874 0.690541 1.44 0.593884 0.21702
-3.47797 0.550856 1.96 0.574293 0.131736
-3.24874 0.690541 1.44 0.593884 0.21702
-3.44437 0.732124 1.96 0.596022 0.136319
-3.47797 0.550856 1.96 0.574293 0.131736
-0.450056 0.0209057 -0 0.497351 1.00001
-0.450056 0.0312869 -0 0.500271 1.00004
-0.450056 0.0418114 -0 0.503229 1.00004
-0.450056 0.0312869 -0 0.500271 1.00004
-0.450056 0.0625738 -0 0.509057 0.999973
-0.450056 0.0418114 -0 0.503229 1.00004
-0.450056 0.0418114 -0 0.503229 1.00004
-0.450056 0.0625738 -0 0.509057 0.999973
-0.596713 0.0627171 -0 0.50884 0.956426
-0.450056 0.0625738 -0 0.509057 0.999973
-0.592613 0.0938607 -0 0.517354 0.957466
-0.596713 0.0627171 -0 0.50884 0.956426
-3.30313 0.347172 1.44 0.549928 0.208565
-3.28043 0.519569 1.44 0.572003 0.21237
-3.50203 0.368078 1.96 0.55238 0.12797
-3.28043 0.519569 1.44 0.572003 0.21237
-3.47797 0.550856 1.96 0.574293 0.131736
-3.50203 0.368078 1.96 0.55238 0.12797
-0.450056 0.0104672 -0 0.494413 0.999962
-0.450056 0.0209057 -0 0.497351 1.00001
-0.450056 0.0209344 -0 0.497359 1.00001
-0.450056 0.0209057 -0 0.497351 1.00001
-0.450056 0.0418114 -0 0.503229 1.00004
-0.450056 0.0209344 -0 0.497359 1.00001
-0.450056 0.0209344 -0 0.497359 1.00001
-0.450056 0.0418114 -0 0.503229 1.00004
-0.599178 0.0314016 -0 0.500266 0.955687
-0.450056 0.0418114 -0 0.503229 1.00004
-0.596713 0.0627171 -0 0.50884 0.956426
-0.599178 0.0314016 -0 0.500266 0.955687
-3.31677 0.173824 1.44 0.527711 0.205616
-3.30313 0.347172 1.44 0.549928 0.208565
-3.51649 0.184292 1.96 0.530335 0.125031
-3.30313 0.347172 1.44 0.549928 0.208565
-3.50203 0.368078 1.96 0.55238 0.12797
-3.51649 0.184292 1.96 0.530335 0.125031
-0.450056 1.22465e-17 -0 0.491466 0.999887
-0.450056 0.0104672 -0 0.494413 0.999962
-0.450056 2.44929e-17 -0 0.491466 0.999887
-0.450056 0.0104672 -0 0.494413 0.999962
-0.450056 0.0209344 -0 0.497359 1.00001
-0.450056 2.44929e-17 -0 0.491466 0.999887
-0.450056 2.44929e-17 -0 0.491466 0.999887
-0.450056 0.0209344 -0 0.497359 1.00001
-0.6 3.67394e-17 -0 0.491657 0.955251
-0.450056 0.0209344 -0 0.497359 1.00001
-0.599178 0.0314016 -0 0.500266 0.955687
-0.6 3.67394e-17 -0 0.491657 0.955251
-3.32132 2.03372e-16 1.44 0.505406 0.203532
-3.31677 0.173824 1.44 0.527711 0.205616
-3.52132 2.15619e-16 1.96 0.508209 0.122929
-3.31677 0.173824 1.44 0.527711 0.205616
-3.51649 0.184292 1.96 0.530335 0.125031
-3.52132 2.15619e-16 1.96 0.508209 0.122929
-0.450056 -0.0104672 -0 0.488519 0.999789
-0.450056 1.22465e-17 -0 0.491466 0.999887
-0.450056 -0.0209344 -0 0.485571 0.999666
-0.450056 1.22465e-17 -0 0.491466 0.999887
-0.450056 2.44929e-17 -0 0.491466 0.999887
-0.450056 -0.0209344 -0 0.485571 0.999666
-0.450056 -0.0209344 -0 0.485571 0.999666
-0.450056 2.44929e-17 -0 0.491466 0.999887
-0.599178 -0.0314016 -0 0.48304 0.955119
-0.450056 2.44929e-17 -0 0.491466 0.999887
-0.6 3.67394e-17 -0 0.491657 0.955251
-0.599178 -0.0314016 -0 0.48304 0.955119
-3.31677 -0.173824 1.44 0.483069 0.202322
-3.32132 2.03372e-16 1.44 0.505406 0.203532
-3.51649 -0.184292 1.96 0.486053 0.121671
-3.32132 2.03372e-16 1.44 0.505406 0.203532
-3.52132 2.15619e-16 1.96 0.508209 0.122929
-3.51649 -0.184292 1.96 0.486053 0.121671
-0.450056 -0.0209057 -0 0.485579 0.999667
-0.450056 -0.0104672 -0 0.488519 0.999789
-0.450056 -0.0418114 -0 0.479692 0.999349
-0.450056 -0.0104672 -0 0.488519 0.999789
-0.450056 -0.0209344 -0 0.485571 0.999666
-0.450056 -0.0418114 -0 0.479692 0.999349
-0.450056 -0.0418114 -0 0.479692 0.999349
-0.450056 -0.0209344 -0 0.485571 0.999666
-0.596713 -0.0627171 -0 0.474441 0.955293
-0.450056 -0.0209344 -0 0.485571 0.999666
-0.599178 -0.0314016 -0 0.48304 0.955119
-0.596713 -0.0627171 -0 0.474441 0.955293
-3.30313 -0.347172 1.44 0.460755 0.201988
-3.31677 -0.173824 1.44 0.483069 0.202322
-3.50203 -0.368078 1.96 0.463919 0.121259
-3.31677 -0.173824 1.44 0.483069 0.202322
-3.51649 -0.184292 1.96 0.486053 0.121671
-3.50203 -0.368078 1.96 0.463919 0.121259
-0.450056 -0.0312869 -0 0.482655 0.999521
-0.450056 -0.0209057 -0 0.485579 0.999667
-0.450056 -0.0625738 -0 0.47385 0.998938
-0.450056 -0.0209057 -0 0.485579 0.999667
-0.450056 -0.0418114 -0 0.479692 0.999349
-0.450056 -0.0625738 -0 0.47385 0.998938
-0.450056 -0.0625738 -0 0.47385 0.998938
-0.450056 -0.0418114 -0 0.479692 0.999349
-0.592613 -0.0938607 -0 0.465886 0.955772
-0.450056 -0.0418114 -0 0.479692 0.999349
-0.596713 -0.0627171 -0 0.474441 0.955293
-0.592613 -0.0938607 -0 0.465886 0.955772
-3.28043 -0.519569 1.44 0.438517 0.202535
-3.30313 -0.347172 1.44 0.460755 0.201988
-3.47797 -0.550856 1.96 0.441859 0.121698
-3.30313 -0.347172 1.44 0.460755 0.201988
-3.50203 -0.368078 1.96 0.463919 0.121259
-3.47797 -0.550856 1.96 0.441859 0.121698
-0.450056 -0.0415823 -0 0.479757 0.999353
-0.450056 -0.0312869 -0 0.482655 0.999521
-0.450056 -0.0831647 -0 0.468062 0.998438
-0.450056 -0.0312869 -0 0.482655 0.999521
-0.450056 -0.0625738 -0 0.47385 0.998938
-0.450056 -0.0831647 -0 0.468062 0.998438
-0.450056 -0.0831647 -0 0.468062 0.998438
-0.450056 -0.0625738 -0 0.47385 0.998938
-0.586889 -0.124747 -0 0.4574 0.956558
-0.450056 -0.0625738 -0 0.47385 0.998938
-0.592613 -0.0938607 -0 0.465886 0.955772
-0.586889 -0.124747 -0 0.4574 0.956558
-3.24874 -0.690541 1.44 0.416413 0.203961
-3.28043 -0.519569 1.44 0.438517 0.202535
-3.44437 -0.732124 1.96 0.419926 0.122986
-3.28043 -0.519569 1.44 0.438517 0.202535
-3.47797 -0.550856 1.96 0.441859 0.121698
-3.44437 -0.732124 1.96 0.419926 0.122986
-0.450056 -0.0517638 -0 0.476891 0.999164
-0.450056 -0.0415823 -0 0.479757 0.999353
-0.450056 -0.103528 -0 0.46235 0.997851
-0.450056 -0.0415823 -0 0.479757 0.999353
-0.450056 -0.0831647 -0 0.468062 0.998438
-0.450056 -0.103528 -0 0.46235 0.997851
-0.450056 -0.103528 -0 0.46235 0.997851
-0.450056 -0.0831647 -0 0.468062 0.998438
-0.579556 -0.155291 -0 0.44901 0.957648
-0.450056 -0.0831647 -0 0.468062 0.998438
-0.586889 -0.124747 -0 0.4574 0.956558
-0.579556 -0.155291 -0 0.44901 0.957648
-3.20815 -0.859621 1.44 0.394496 0.206266
-3.24874 -0.690541 1.44 0.416413 0.203961
-3.40133 -0.911385 1.96 0.398169 0.12512
-3.24874 -0.690541 1.44 0.416413 0.203961
-3.44437 -0.732124 1.96 0.419926 0.122986
-3.40133 -0.911385 1.96 0.398169 0.12512
-0.450056 -0.0618034 -0 0.474066 0.998955
-0.450056 -0.0517638 -0 0.476891 0.999164
-0.450056 -0.123607 -0 0.456729 0.997185
-0.450056 -0.0517638 -0 0.476891 0.999164
-0.450056 -0.103528 -0 0.46235 0.997851
-0.450056 -0.123607 -0 0.456729 0.997185
-0.450056 -0.123607 -0 0.456729 0.997185
-0.450056 -0.103528 -0 0.46235 0.997851
-0.570634 -0.18541 -0 0.44074 0.959041
-0.450056 -0.103528 -0 0.46235 0.997851
-0.579556 -0.155291 -0 0.44901 0.957648
-0.570634 -0.18541 -0 0.44074 0.959041
-0.570634 -0.18541 -0 0.44074 0.959041
-0.579556 -0.155291 -0 0.44901 0.957648
-0.760845 -0.247214 -0 0.427205 0.898727
-3.15876 -1.02634 1.44 0.37282 0.209445
-3.20815 -0.859621 1.44 0.394496 0.206266
-3.34897 -1.08815 1.96 0.376641 0.128096
-3.20815 -0.859621 1.44 0.394496 0.206266
-3.40133 -0.911385 1.96 0.398169 0.12512
-3.34897 -1.08815 1.96 0.376641 0.128096
-0.450056 -0.0716736 -0 0.471291 0.998729
-0.450056 -0.0618034 -0 0.474066 0.998955
-0.450056 -0.143347 -0 0.451219 0.996445
-0.450056 -0.0618034 -0 0.474066 0.998955
-0.450056 -0.123607 -0 0.456729 0.997185
-0.450056 -0.143347 -0 0.451219 0.996445
-0.450056 -0.143347 -0 0.451219 0.996445
-0.450056 -0.123607 -0 0.456729 0.997185
-0.560148 -0.215021 -0 0.432615 0.960736
-0.450056 -0.123607 -0 0.456729 0.997185
-0.570634 -0.18541 -0 0.44074 0.959041
-0.560148 -0.215021 -0 0.432615 0.960736
-0.560148 -0.215021 -0 0.432615 0.960736
-0.570634 -0.18541 -0 0.44074 0.959041
-0.746864 -0.286694 -0 0.416869 0.900859
-0.570634 -0.18541 -0 0.44074 0.959041
-0.760845 -0.247214 -0 0.427205 0.898727
-0.746864 -0.286694 -0 0.416869 0.900859
-3.10072 -1.19025 1.44 0.351439 0.213491
-3.15876 -1.02634 1.44 0.37282 0.209445
-3.28744 -1.26193 1.96 0.355388 0.131903
-3.15876 -1.02634 1.44 0.37282 0.209445
-3.34897 -1.08815 1.96 0.376641 0.128096
-3.28744 -1.26193 1.96 0.355388 0.131903
-0.450056 -0.0813473 -0 0.468573 0.998486
-0.450056 -0.0716736 -0 0.471291 0.998729
-0.450056 -0.162695 -0 0.445836 0.995639
-0.450056 -0.0716736 -0 0.471291 0.998729
-0.450056 -0.143347 -0 0.451219 0.996445
-0.450056 -0.162695 -0 0.445836 0.995639
-0.450056 -0.162695 -0 0.445836 0.995639
-0.450056 -0.143347 -0 0.451219 0.996445
-0.548127 -0.244042 -0 0.424658 0.96273
-0.450056 -0.143347 -0 0.451219 0.996445
-0.560148 -0.215021 -0 0.432615 0.960736
-0.548127 -0.244042 -0 0.424658 0.96273
-0.548127 -0.244042 -0 0.424658 0.96273
-0.560148 -0.215021 -0 0.432615 0.960736
-0.730836 -0.325389 -0 0.406752 0.903373
-0.560148 -0.215021 -0 0.432615 0.960736
-0.746864 -0.286694 -0 0.416869 0.900859
-0.730836 -0.325389 -0 0.406752 0.903373
-3.03418 -1.3509 1.44 0.330405 0.218396
-3.10072 -1.19025 1.44 0.351439 0.213491
-3.21689 -1.43225 1.96 0.334457 0.136529
-3.10072 -1.19025 1.44 0.351439 0.213491
-3.28744 -1.26193 1.96 0.355388 0.131903
-3.21689 -1.43225 1.96 0.334457 0.136529
-0.450056 -0.0907981 -0 0.46592 0.998228
-0.450056 -0.0813473 -0 0.468573 0.998486
-0.450056 -0.181596 -0 0.440596 0.994776
-0.450056 -0.0813473 -0 0.468573 0.998486
-0.450056 -0.162695 -0 0.445836 0.995639
-0.450056 -0.181596 -0 0.440596 0.994776
-0.450056 -0.181596 -0 0.440596 0.994776
-0.450056 -0.162695 -0 0.445836 0.995639
-0.534604 -0.272394 -0 0.416894 0.96502
-0.450056 -0.162695 -0 0.445836 0.995639
-0.548127 -0.244042 -0 0.424658 0.96273
-0.534604 -0.272394 -0 0.416894 0.96502
-0.534604 -0.272394 -0 0.416894 0.96502
-0.548127 -0.244042 -0 0.424658 0.96273
-0.712805 -0.363192 -0 0.396884 0.906265
-0.548127 -0.244042 -0 0.424658 0.96273
-0.730836 -0.325389 -0 0.406752 0.903373
-0.712805 -0.363192 -0 0.396884 0.906265
-0.712805 -0.363192 -0 0.396884 0.906265
-0.730836 -0.325389 -0 0.406752 0.903373
-0.891007 -0.453991 -0 0.380218 0.848048
-2.95932 -1.50785 1.44 0.309767 0.224147
-3.03418 -1.3509 1.44 0.330405 0.218396
-3.13752 -1.59865 1.96 0.313891 0.141959
-3.03418 -1.3509 1.44 0.330405 0.218396
-3.21689 -1.43225 1.96 0.334457 0.136529
-3.13752 -1.59865 1.96 0.313891 0.141959
-0.450056 -0.1 -0 0.463338 0.997959
-0.450056 -0.0907981 -0 0.46592 0.998228
-0.450056 -0.2 -0 0.435515 0.993864
-0.450056 -0.0907981 -0 0.46592 0.998228
-0.450056 -0.181596 -0 0.440596 0.994776
-0.450056 -0.2 -0 0.435515 0.993864
-0.450056 -0.2 -0 0.435515 0.993864
-0.450056 -0.181596 -0 0.440596 0.994776
-0.519615 -0.3 -0 0.409344 0.967603
-0.450056 -0.181596 -0 0.440596 0.994776
-0.534604 -0.272394 -0 0.416894 0.96502
-0.519615 -0.3 -0 0.409344 0.967603
-0.519615 -0.3 -0 0.409344 0.967603
-0.534604 -0.272394 -0 0.416894 0.96502
-0.69282 -0.4 -0 0.387295 0.909531
-0.534604 -0.272394 -0 0.416894 0.96502
-0.712805 -0.363192 -0 0.396884 0.906265
-0.69282 -0.4 -0 0.387295 0.909531
-0.69282 -0.4 -0 0.387295 0.909531
-0.712805 -0.363192 -0 0.396884 0.906265
-0.866025 -0.5 -0 0.368907 0.85194
-0.712805 -0.363192 -0 0.396884 0.906265
-0.891007 -0.453991 -0 0.380218 0.848048
-0.866025 -0.5 -0 0.368907 0.85194
-0.866025 -0.5 -0 0.368907 0.85194
-0.891007 -0.453991 -0 0.380218 0.848048
-1.03923 -0.6 -0 0.354094 0.797202
-0.891007 -0.453991 -0 0.380218 0.848048
-1.06921 -0.544789 -0 0.366817 0.792762
-1.03923 -0.6 -0 0.354094 0.797202
-1.03923 -0.6 -0 0.354094 0.797202
-1.06921 -0.544789 -0 0.366817 0.792762
-1.21244 -0.7 -0 0.342439 0.746836
-1.06921 -0.544789 -0 0.366817 0.792762
-1.24741 -0.635587 -0 0.356298 0.741944
-1.21244 -0.7 -0 0.342439 0.746836
-1.21244 -0.7 -0 0.342439 0.746836
-1.24741 -0.635587 -0 0.356298 0.741944
-1.38564 -0.8 -0 0.333398 0.701513
-1.24741 -0.635587 -0 0.356298 0.741944
-1.42561 -0.726385 -0 0.348159 0.696263
-1.38564 -0.8 -0 0.333398 0.701513
-1.38564 -0.8 -0 0.333398 0.701513
-1.42561 -0.726385 -0 0.348159 0.696263
-1.55885 -0.9 -0 0.32643 0.66128
-1.42561 -0.726385 -0 0.348159 0.696263
-1.60381 -0.817183 -0 0.341905 0.655756
-1.55885 -0.9 -0 0.32643 0.66128
-1.55885 -0.9 -0 0.32643 0.66128
-1.60381 -0.817183 -0 0.341905 0.655756
-2.01032 -1.16066 0.04 0.313442 0.57024
-1.60381 -0.817183 -0 0.341905 0.655756
-2.06831 -1.05386 0.04 0.330316 0.564233
-2.01032 -1.16066 0.04 0.313442 0.57024
-2.01032 -1.16066 0.04 0.313442 0.57024
-2.06831 -1.05386 0.04 0.330316 0.564233
-2.18353 -1.26066 0.16 0.307015 0.522806
-2.06831 -1.05386 0.04 0.330316 0.564233
-2.24651 -1.14466 0.16 0.324612 0.516583
-2.18353 -1.26066 0.16 0.307015 0.522806
-2.18353 -1.26066 0.16 0.307015 0.522806
-2.24651 -1.14466 0.16 0.324612 0.516583
-2.35673 -1.36066 0.36 0.300096 0.463838
-2.87635 -1.66066 1.44 0.289572 0.230728
-2.95932 -1.50785 1.44 0.309767 0.224147
-3.04955 -1.76066 1.96 0.293729 0.148171
-2.95932 -1.50785 1.44 0.309767 0.224147
-3.13752 -1.59865 1.96 0.313891 0.141959
-3.04955 -1.76066 1.96 0.293729 0.148171
-0.450056 -0.108928 -0 0.460837 0.99768
-0.450056 -0.1 -0 0.463338 0.997959
-0.450056 -0.217856 -0 0.430606 0.992913
-0.450056 -0.1 -0 0.463338 0.997959
-0.450056 -0.2 -0 0.435515 0.993864
-0.450056 -0.217856 -0 0.430606 0.992913
-0.450056 -0.217856 -0 0.430606 0.992913
-0.450056 -0.2 -0 0.435515 0.993864
-0.503202 -0.326783 -0 0.402029 0.970474
-0.450056 -0.2 -0 0.435515 0.993864
-0.519615 -0.3 -0 0.409344 0.967603
-0.503202 -0.326783 -0 0.402029 0.970474
-0.503202 -0.326783 -0 0.402029 0.970474
-0.519615 -0.3 -0 0.409344 0.967603
-0.670936 -0.435711 -0 0.37801 0.913163
-0.519615 -0.3 -0 0.409344 0.967603
-0.69282 -0.4 -0 0.387295 0.909531
-0.670936 -0.435711 -0 0.37801 0.913163
-0.670936 -0.435711 -0 0.37801 0.913163
-0.69282 -0.4 -0 0.387295 0.909531
-0.838671 -0.544639 -0 0.357959 0.856269
-0.69282 -0.4 -0 0.387295 0.909531
-0.866025 -0.5 -0 0.368907 0.85194
-0.838671 -0.544639 -0 0.357959 0.856269
-0.838671 -0.544639 -0 0.357959 0.856269
-0.866025 -0.5 -0 0.368907 0.85194
-1.0064 -0.653567 -0 0.341777 0.802142
-0.866025 -0.5 -0 0.368907 0.85194
-1.03923 -0.6 -0 0.354094 0.797202
-1.0064 -0.653567 -0 0.341777 0.802142
-1.0064 -0.653567 -0 0.341777 0.802142
-1.03923 -0.6 -0 0.354094 0.797202
-1.17414 -0.762495 -0 0.329016 0.752285
-1.03923 -0.6 -0 0.354094 0.797202
-1.21244 -0.7 -0 0.342439 0.746836
-1.17414 -0.762495 -0 0.329016 0.752285
-1.17414 -0.762495 -0 0.329016 0.752285
-1.21244 -0.7 -0 0.342439 0.746836
-1.34187 -0.871422 -0 0.31909 0.707366
-1.21244 -0.7 -0 0.342439 0.746836
-1.38564 -0.8 -0 0.333398 0.701513
-1.34187 -0.871422 -0 0.31909 0.707366
-1.34187 -0.871422 -0 0.31909 0.707366
-1.38564 -0.8 -0 0.333398 0.701513
-1.50961 -0.98035 -0 0.311418 0.667446
-1.38564 -0.8 -0 0.333398 0.701513
-1.55885 -0.9 -0 0.32643 0.66128
-1.50961 -0.98035 -0 0.311418 0.667446
-1.50961 -0.98035 -0 0.311418 0.667446
-1.55885 -0.9 -0 0.32643 0.66128
-1.94682 -1.26428 0.04 0.297039 0.576958
-1.55885 -0.9 -0 0.32643 0.66128
-2.01032 -1.16066 0.04 0.313442 0.57024
-1.94682 -1.26428 0.04 0.297039 0.576958
-1.94682 -1.26428 0.04 0.297039 0.576958
-2.01032 -1.16066 0.04 0.313442 0.57024
-2.11456 -1.37321 0.16 0.2899 0.529771
-2.01032 -1.16066 0.04 0.313442 0.57024
-2.18353 -1.26066 0.16 0.307015 0.522806
-2.11456 -1.37321 0.16 0.2899 0.529771
-2.11456 -1.37321 0.16 0.2899 0.529771
-2.18353 -1.26066 0.16 0.307015 0.522806
-2.28229 -1.48214 0.36 0.282178 0.471055
-2.18353 -1.26066 0.16 0.307015 0.522806
-2.35673 -1.36066 0.36 0.300096 0.463838
-2.28229 -1.48214 0.36 0.282178 0.471055
-2.28229 -1.48214 0.36 0.282178 0.471055
-2.35673 -1.36066 0.36 0.300096 0.463838
-2.45003 -1.59107 0.64 0.27519 0.401158
-2.35673 -1.36066 0.36 0.300096 0.463838
-2.52994 -1.46066 0.64 0.293895 0.393736
-2.45003 -1.59107 0.64 0.27519 0.401158
-2.45003 -1.59107 0.64 0.27519 0.401158
-2.52994 -1.46066 0.64 0.293895 0.393736
-2.61776 -1.69999 1 0.270555 0.322089
-2.52994 -1.46066 0.64 0.293895 0.393736
-2.70314 -1.56066 1 0.2899 0.314579
-2.61776 -1.69999 1 0.270555 0.322089
-2.61776 -1.69999 1 0.270555 0.322089
-2.70314 -1.56066 1 0.2899 0.314579
-2.78549 -1.80892 1.44 0.269862 0.238119
-2.70314 -1.56066 1 0.2899 0.314579
-2.87635 -1.66066 1.44 0.289572 0.230728
-2.78549 -1.80892 1.44 0.269862 0.238119
-2.78549 -1.80892 1.44 0.269862 0.238119
-2.87635 -1.66066 1.44 0.289572 0.230728
-2.95323 -1.91785 1.96 0.274004 0.155143
-2.87635 -1.66066 1.44 0.289572 0.230728
-3.04955 -1.76066 1.96 0.293729 0.148171
-2.95323 -1.91785 1.96 0.274004 0.155143
-0.450056 -0.117557 -0 0.458421 0.997395
-0.450056 -0.108928 -0 0.460837 0.99768
-0.450056 -0.235114 -0 0.425884 0.991932
-0.450056 -0.108928 -0 0.460837 0.99768
-0.450056 -0.217856 -0 0.430606 0.992913
-0.450056 -0.235114 -0 0.425884 0.991932
-0.450056 -0.235114 -0 0.425884 0.991932
-0.450056 -0.217856 -0 0.430606 0.992913
-0.48541 -0.352671 -0 0.39497 0.973631
-0.450056 -0.217856 -0 0.430606 0.992913
-0.503202 -0.326783 -0 0.402029 0.970474
-0.48541 -0.352671 -0 0.39497 0.973631
-0.48541 -0.352671 -0 0.39497 0.973631
-0.503202 -0.326783 -0 0.402029 0.970474
-0.647214 -0.470228 -0 0.369055 0.917157
-0.503202 -0.326783 -0 0.402029 0.970474
-0.670936 -0.435711 -0 0.37801 0.913163
-0.647214 -0.470228 -0 0.369055 0.917157
-0.647214 -0.470228 -0 0.369055 0.917157
-0.670936 -0.435711 -0 0.37801 0.913163
-0.809017 -0.587785 -0 0.347404 0.861028
-0.670936 -0.435711 -0 0.37801 0.913163
-0.838671 -0.544639 -0 0.357959 0.856269
-0.809017 -0.587785 -0 0.347404 0.861028
-0.809017 -0.587785 -0 0.347404 0.861028
-0.838671 -0.544639 -0 0.357959 0.856269
-0.97082 -0.705342 -0 0.329901 0.807572
-0.838671 -0.544639 -0 0.357959 0.856269
-1.0064 -0.653567 -0 0.341777 0.802142
-0.97082 -0.705342 -0 0.329901 0.807572
-0.97082 -0.705342 -0 0.329901 0.807572
-1.0064 -0.653567 -0 0.341777 0.802142
-1.13262 -0.822899 -0 0.316066 0.758276
-1.0064 -0.653567 -0 0.341777 0.802142
-1.17414 -0.762495 -0 0.329016 0.752285
-1.13262 -0.822899 -0 0.316066 0.758276
-1.13262 -0.822899 -0 0.316066 0.758276
-1.17414 -0.762495 -0 0.329016 0.752285
-1.29443 -0.940456 -0 0.305276 0.713806
-1.17414 -0.762495 -0 0.329016 0.752285
-1.34187 -0.871422 -0 0.31909 0.707366
-1.29443 -0.940456 -0 0.305276 0.713806
-1.29443 -0.940456 -0 0.305276 0.713806
-1.34187 -0.871422 -0 0.31909 0.707366
-1.45623 -1.05801 -0 0.296911 0.674236
-1.34187 -0.871422 -0 0.31909 0.707366
-1.50961 -0.98035 -0 0.311418 0.667446
-1.45623 -1.05801 -0 0.296911 0.674236
-1.45623 -1.05801 -0 0.296911 0.674236
-1.50961 -0.98035 -0 0.311418 0.667446
-1.87799 -1.36444 0.04 0.281154 0.58437
-1.50961 -0.98035 -0 0.311418 0.667446
-1.94682 -1.26428 0.04 0.297039 0.576958
-1.87799 -1.36444 0.04 0.281154 0.58437
-1.87799 -1.36444 0.04 0.281154 0.58437
-1.94682 -1.26428 0.04 0.297039 0.576958
-2.03979 -1.48199 0.16 0.273313 0.53746
-1.94682 -1.26428 0.04 0.297039 0.576958
-2.11456 -1.37321 0.16 0.2899 0.529771
-2.03979 -1.48199 0.16 0.273313 0.53746
-2.03979 -1.48199 0.16 0.273313 0.53746
-2.11456 -1.37321 0.16 0.2899 0.529771
-2.20159 -1.59955 0.36 0.264803 0.479029
-2.11456 -1.37321 0.16 0.2899 0.529771
-2.28229 -1.48214 0.36 0.282178 0.471055
-2.20159 -1.59955 0.36 0.264803 0.479029
-2.20159 -1.59955 0.36 0.264803 0.479029
-2.28229 -1.48214 0.36 0.282178 0.471055
-2.3634 -1.71711 0.64 0.257038 0.409366
-2.28229 -1.48214 0.36 0.282178 0.471055
-2.45003 -1.59107 0.64 0.27519 0.401158
-2.3634 -1.71711 0.64 0.257038 0.409366
-2.3634 -1.71711 0.64 0.257038 0.409366
-2.45003 -1.59107 0.64 0.27519 0.401158
-2.5252 -1.83467 1 0.251759 0.3304
-2.45003 -1.59107 0.64 0.27519 0.401158
-2.61776 -1.69999 1 0.270555 0.322089
-2.5252 -1.83467 1 0.251759 0.3304
-2.5252 -1.83467 1 0.251759 0.3304
-2.61776 -1.69999 1 0.270555 0.322089
-2.687 -1.95222 1.44 0.250672 0.246296
-2.61776 -1.69999 1 0.270555 0.322089
-2.78549 -1.80892 1.44 0.269862 0.238119
-2.687 -1.95222 1.44 0.250672 0.246296
-2.687 -1.95222 1.44 0.250672 0.246296
-2.78549 -1.80892 1.44 0.269862 0.238119
-2.84881 -2.06978 1.96 0.254744 0.162849
-2.78549 -1.80892 1.44 0.269862 0.238119
-2.95323 -1.91785 1.96 0.274004 0.155143
-2.84881 -2.06978 1.96 0.254744 0.162849
-0.450056 -0.125864 -0 0.456098 0.997104
-0.450056 -0.117557 -0 0.458421 0.997395
-0.450056 -0.251728 -0 0.421359 0.990932
-0.450056 -0.117557 -0 0.458421 0.997395
-0.450056 -0.235114 -0 0.425884 0.991932
-0.450056 -0.251728 -0 0.421359 0.990932
-0.450056 -0.251728 -0 0.421359 0.990932
-0.450056 -0.235114 -0 0.425884 0.991932
-0.466288 -0.377592 -0 0.388184 0.977069
-0.450056 -0.235114 -0 0.425884 0.991932
-0.48541 -0.352671 -0 0.39497 0.973631
-0.466288 -0.377592 -0 0.388184 0.977069
-0.466288 -0.377592 -0 0.388184 0.977069
-0.48541 -0.352671 -0 0.39497 0.973631
-0.621717 -0.503456 -0 0.360454 0.921507
-0.48541 -0.352671 -0 0.39497 0.973631
-0.647214 -0.470228 -0 0.369055 0.917157
-0.621717 -0.503456 -0 0.360454 0.921507
-0.621717 -0.503456 -0 0.360454 0.921507
-0.647214 -0.470228 -0 0.369055 0.917157
-0.777146 -0.62932 -0 0.337269 0.866209
-0.647214 -0.470228 -0 0.369055 0.917157
-0.809017 -0.587785 -0 0.347404 0.861028
-0.777146 -0.62932 -0 0.337269 0.866209
-0.777146 -0.62932 -0 0.337269 0.866209
-0.809017 -0.587785 -0 0.347404 0.861028
-0.932575 -0.755184 -0 0.318496 0.813481
-0.809017 -0.587785 -0 0.347404 0.861028
-0.97082 -0.705342 -0 0.329901 0.807572
-0.932575 -0.755184 -0 0.318496 0.813481
-0.932575 -0.755184 -0 0.318496 0.813481
-0.97082 -0.705342 -0 0.329901 0.807572
-1.088 -0.881049 -0 0.303624 0.764795
-0.97082 -0.705342 -0 0.329901 0.807572
-1.13262 -0.822899 -0 0.316066 0.758276
-1.088 -0.881049 -0 0.303624 0.764795
-1.088 -0.881049 -0 0.303624 0.764795
-1.13262 -0.822899 -0 0.316066 0.758276
-1.24343 -1.00691 -0 0.291993 0.720818
-1.13262 -0.822899 -0 0.316066 0.758276
-1.29443 -0.940456 -0 0.305276 0.713806
-1.24343 -1.00691 -0 0.291993 0.720818
-1.24343 -1.00691 -0 0.291993 0.720818
-1.29443 -0.940456 -0 0.305276 0.713806
-1.39886 -1.13278 -0 0.282949 0.681633
-1.29443 -0.940456 -0 0.305276 0.713806
-1.45623 -1.05801 -0 0.296911 0.674236
-1.39886 -1.13278 -0 0.282949 0.681633
-1.39886 -1.13278 -0 0.282949 0.681633
-1.45623 -1.05801 -0 0.296911 0.674236
-1.804 -1.46085 0.04 0.265828 0.592459
-1.45623 -1.05801 -0 0.296911 0.674236
-1.87799 -1.36444 0.04 0.281154 0.58437
-1.804 -1.46085 0.04 0.265828 0.592459
-1.804 -1.46085 0.04 0.265828 0.592459
-1.87799 -1.36444 0.04 0.281154 0.58437
-1.95943 -1.58672 0.16 0.2573 0.545856
-1.87799 -1.36444 0.04 0.281154 0.58437
-2.03979 -1.48199 0.16 0.273313 0.53746
-1.95943 -1.58672 0.16 0.2573 0.545856
-1.95943 -1.58672 0.16 0.2573 0.545856
-2.03979 -1.48199 0.16 0.273313 0.53746
-2.11486 -1.71258 0.36 0.248016 0.487742
-2.03979 -1.48199 0.16 0.273313 0.53746
-2.20159 -1.59955 0.36 0.264803 0.479029
-2.11486 -1.71258 0.36 0.248016 0.487742
-2.11486 -1.71258 0.36 0.248016 0.487742
-2.20159 -1.59955 0.36 0.264803 0.479029
-2.27029 -1.83845 0.64 0.239481 0.418341
-2.20159 -1.59955 0.36 0.264803 0.479029
-2.3634 -1.71711 0.64 0.257038 0.409366
-2.27029 -1.83845 0.64 0.239481 0.418341
-2.27029 -1.83845 0.64 0.239481 0.418341
-2.3634 -1.71711 0.64 0.257038 0.409366
-2.42572 -1.96431 1 0.233548 0.339489
-2.3634 -1.71711 0.64 0.257038 0.409366
-2.5252 -1.83467 1 0.251759 0.3304
-2.42572 -1.96431 1 0.233548 0.339489
-2.42572 -1.96431 1 0.233548 0.339489
-2.5252 -1.83467 1 0.251759 0.3304
-2.58115 -2.09017 1.44 0.232031 0.255233
-2.5252 -1.83467 1 0.251759 0.3304
-2.687 -1.95222 1.44 0.250672 0.246296
-2.58115 -2.09017 1.44 0.232031 0.255233
-2.58115 -2.09017 1.44 0.232031 0.255233
-2.687 -1.95222 1.44 0.250672 0.246296
-2.73658 -2.21604 1.96 0.235973 0.171259
-2.687 -1.95222 1.44 0.250672 0.246296
-2.84881 -2.06978 1.96 0.254744 0.162849
-2.73658 -2.21604 1.96 0.235973 0.171259
-0.450056 -0.133826 -0 0.453875 0.996812
-0.450056 -0.125864 -0 0.456098 0.997104
-0.450056 -0.267652 -0 0.417043 0.989923
-0.450056 -0.125864 -0 0.456098 0.997104
-0.450056 -0.251728 -0 0.421359 0.990932
-0.450056 -0.267652 -0 0.417043 0.989923
-0.450056 -0.267652 -0 0.417043 0.989923
-0.450056 -0.251728 -0 0.421359 0.990932
-0.450056 -0.401478 -0 0.381761 0.979607
-0.450056 -0.251728 -0 0.421359 0.990932
-0.466288 -0.377592 -0 0.388184 0.977069
-0.450056 -0.401478 -0 0.381761 0.979607
-0.450056 -0.401478 -0 0.381761 0.979607
-0.466288 -0.377592 -0 0.388184 0.977069
-0.594516 -0.535304 -0 0.352229 0.926206
-0.466288 -0.377592 -0 0.388184 0.977069
-0.621717 -0.503456 -0 0.360454 0.921507
-0.594516 -0.535304 -0 0.352229 0.926206
-0.594516 -0.535304 -0 0.352229 0.926206
-0.621717 -0.503456 -0 0.360454 0.921507
-0.743145 -0.669131 -0 0.327579 0.871802
-0.621717 -0.503456 -0 0.360454 0.921507
-0.777146 -0.62932 -0 0.337269 0.866209
-0.743145 -0.669131 -0 0.327579 0.871802
-0.743145 -0.669131 -0 0.327579 0.871802
-0.777146 -0.62932 -0 0.337269 0.866209
-0.891774 -0.802957 -0 0.30759 0.819857
-0.777146 -0.62932 -0 0.337269 0.866209
-0.932575 -0.755184 -0 0.318496 0.813481
-0.891774 -0.802957 -0 0.30759 0.819857
-0.891774 -0.802957 -0 0.30759 0.819857
-0.932575 -0.755184 -0 0.318496 0.813481
-1.0404 -0.936783 -0 0.29172 0.77183
-0.932575 -0.755184 -0 0.318496 0.813481
-1.088 -0.881049 -0 0.303624 0.764795
-1.0404 -0.936783 -0 0.29172 0.77183
-1.0404 -0.936783 -0 0.29172 0.77183
-1.088 -0.881049 -0 0.303624 0.764795
-1.18903 -1.07061 -0 0.279274 0.728385
-1.088 -0.881049 -0 0.303624 0.764795
-1.24343 -1.00691 -0 0.291993 0.720818
-1.18903 -1.07061 -0 0.279274 0.728385
-1.18903 -1.07061 -0 0.279274 0.728385
-1.24343 -1.00691 -0 0.291993 0.720818
-1.33766 -1.20444 -0 0.269566 0.68962
-1.24343 -1.00691 -0 0.291993 0.720818
-1.39886 -1.13278 -0 0.282949 0.681633
-1.33766 -1.20444 -0 0.269566 0.68962
-1.33766 -1.20444 -0 0.269566 0.68962
-1.39886 -1.13278 -0 0.282949 0.681633
-1.72508 -1.55327 0.04 0.2511 0.601205
-1.39886 -1.13278 -0 0.282949 0.681633
-1.804 -1.46085 0.04 0.265828 0.592459
-1.72508 -1.55327 0.04 0.2511 0.601205
-1.72508 -1.55327 0.04 0.2511 0.601205
-1.804 -1.46085 0.04 0.265828 0.592459
-1.87371 -1.68709 0.16 0.241897 0.554939
-1.804 -1.46085 0.04 0.265828 0.592459
-1.95943 -1.58672 0.16 0.2573 0.545856
-1.87371 -1.68709 0.16 0.241897 0.554939
-1.87371 -1.68709 0.16 0.241897 0.554939
-1.95943 -1.58672 0.16 0.2573 0.545856
-2.02234 -1.82092 0.36 0.231853 0.497173
-1.95943 -1.58672 0.16 0.2573 0.545856
-2.11486 -1.71258 0.36 0.248016 0.487742
-2.02234 -1.82092 0.36 0.231853 0.497173
-2.02234 -1.82092 0.36 0.231853 0.497173
-2.11486 -1.71258 0.36 0.248016 0.487742
-2.17096 -1.95474 0.64 0.222553 0.42806
-2.11486 -1.71258 0.36 0.248016 0.487742
-2.27029 -1.83845 0.64 0.239481 0.418341
-2.17096 -1.95474 0.64 0.222553 0.42806
-2.17096 -1.95474 0.64 0.222553 0.42806
-2.27029 -1.83845 0.64 0.239481 0.418341
-2.31959 -2.08857 1 0.215952 0.349332
-2.27029 -1.83845 0.64 0.239481 0.418341
-2.42572 -1.96431 1 0.233548 0.339489
-2.31959 -2.08857 1 0.215952 0.349332
-2.31959 -2.08857 1 0.215952 0.349332
-2.42572 -1.96431 1 0.233548 0.339489
-2.46822 -2.2224 1.44 0.213962 0.264902
-2.42572 -1.96431 1 0.233548 0.339489
-2.58115 -2.09017 1.44 0.232031 0.255233
-2.46822 -2.2224 1.44 0.213962 0.264902
-2.46822 -2.2224 1.44 0.213962 0.264902
-2.58115 -2.09017 1.44 0.232031 0.255233
-2.61685 -2.35622 1.96 0.217705 0.180346
-2.58115 -2.09017 1.44 0.232031 0.255233
-2.73658 -2.21604 1.96 0.235973 0.171259
-2.61685 -2.35622 1.96 0.217705 0.180346
-0.450056 -0.141421 -0 0.451756 0.996521
-0.450056 -0.133826 -0 0.453875 0.996812
-0.450056 -0.282843 -0 0.412947 0.988915
-0.450056 -0.133826 -0 0.453875 0.996812
-0.450056 -0.267652 -0 0.417043 0.989923
-0.450056 -0.282843 -0 0.412947 0.988915
-0.450056 -0.282843 -0 0.412947 0.988915
-0.450056 -0.267652 -0 0.417043 0.989923
-0.450056 -0.424264 -0 0.375956 0.977549
-0.450056 -0.267652 -0 0.417043 0.989923
-0.450056 -0.401478 -0 0.381761 0.979607
-0.450056 -0.424264 -0 0.375956 0.977549
-0.450056 -0.424264 -0 0.375956 0.977549
-0.450056 -0.401478 -0 0.381761 0.979607
-0.565685 -0.565685 -0 0.344399 0.931249
-0.450056 -0.401478 -0 0.381761 0.979607
-0.594516 -0.535304 -0 0.352229 0.926206
-0.565685 -0.565685 -0 0.344399 0.931249
-0.565685 -0.565685 -0 0.344399 0.931249
-0.594516 -0.535304 -0 0.352229 0.926206
-0.707107 -0.707107 -0 0.318358 0.8778
-0.594516 -0.535304 -0 0.352229 0.926206
-0.743145 -0.669131 -0 0.327579 0.871802
-0.707107 -0.707107 -0 0.318358 0.8778
-0.707107 -0.707107 -0 0.318358 0.8778
-0.743145 -0.669131 -0 0.327579 0.871802
-0.848528 -0.848528 -0 0.297208 0.826692
-0.743145 -0.669131 -0 0.327579 0.871802
-0.891774 -0.802957 -0 0.30759 0.819857
-0.848528 -0.848528 -0 0.297208 0.826692
-0.848528 -0.848528 -0 0.297208 0.826692
-0.891774 -0.802957 -0 0.30759 0.819857
-0.98995 -0.98995 -0 0.28038 0.779367
-0.891774 -0.802957 -0 0.30759 0.819857
-1.0404 -0.936783 -0 0.29172 0.77183
-0.98995 -0.98995 -0 0.28038 0.779367
-0.98995 -0.98995 -0 0.28038 0.779367
-1.0404 -0.936783 -0 0.29172 0.77183
-1.13137 -1.13137 -0 0.267146 0.736494
-1.0404 -0.936783 -0 0.29172 0.77183
-1.18903 -1.07061 -0 0.279274 0.728385
-1.13137 -1.13137 -0 0.267146 0.736494
-1.13137 -1.13137 -0 0.267146 0.736494
-1.18903 -1.07061 -0 0.279274 0.728385
-1.27279 -1.27279 -0 0.256792 0.69818
-1.18903 -1.07061 -0 0.279274 0.728385
-1.33766 -1.20444 -0 0.269566 0.68962
-1.27279 -1.27279 -0 0.256792 0.69818
-1.27279 -1.27279 -0 0.256792 0.69818
-1.33766 -1.20444 -0 0.269566 0.68962
-1.64142 -1.64142 0.04 0.237002 0.61059
-1.33766 -1.20444 -0 0.269566 0.68962
-1.72508 -1.55327 0.04 0.2511 0.601205
-1.64142 -1.64142 0.04 0.237002 0.61059
-1.64142 -1.64142 0.04 0.237002 0.61059
-1.72508 -1.55327 0.04 0.2511 0.601205
-1.78284 -1.78284 0.16 0.227138 0.564692
-1.72508 -1.55327 0.04 0.2511 0.601205
-1.87371 -1.68709 0.16 0.241897 0.554939
-1.78284 -1.78284 0.16 0.227138 0.564692
-1.78284 -1.78284 0.16 0.227138 0.564692
-1.87371 -1.68709 0.16 0.241897 0.554939
-1.92426 -1.92426 0.36 0.216345 0.507304
-1.87371 -1.68709 0.16 0.241897 0.554939
-2.02234 -1.82092 0.36 0.231853 0.497173
-1.92426 -1.92426 0.36 0.216345 0.507304
-1.92426 -1.92426 0.36 0.216345 0.507304
-2.02234 -1.82092 0.36 0.231853 0.497173
-2.06569 -2.06569 0.64 0.206281 0.438501
-2.02234 -1.82092 0.36 0.231853 0.497173
-2.17096 -1.95474 0.64 0.222553 0.42806
-2.06569 -2.06569 0.64 0.206281 0.438501
-2.06569 -2.06569 0.64 0.206281 0.438501
-2.17096 -1.95474 0.64 0.222553 0.42806
-2.20711 -2.20711 1 0.19899 0.359901
-2.17096 -1.95474 0.64 0.222553 0.42806
-2.31959 -2.08857 1 0.215952 0.349332
-2.20711 -2.20711 1 0.19899 0.359901
-2.20711 -2.20711 1 0.19899 0.359901
-2.31959 -2.08857 1 0.215952 0.349332
-2.34853 -2.34853 1.44 0.196477 0.275274
-2.31959 -2.08857 1 0.215952 0.349332
-2.46822 -2.2224 1.44 0.213962 0.264902
-2.34853 -2.34853 1.44 0.196477 0.275274
-2.34853 -2.34853 1.44 0.196477 0.275274
-2.46822 -2.2224 1.44 0.213962 0.264902
-2.48995 -2.48995 1.96 0.199948 0.19008
-2.46822 -2.2224 1.44 0.213962 0.264902
-2.61685 -2.35622 1.96 0.217705 0.180346
-2.48995 -2.48995 1.96 0.199948 0.19008
-0.450056 -0.148629 -0 0.449748 0.996233
-0.450056 -0.141421 -0 0.451756 0.996521
-0.450056 -0.297258 -0 0.40908 0.987918
-0.450056 -0.141421 -0 0.451756 0.996521
-0.450056 -0.282843 -0 0.412947 0.988915
-0.450056 -0.297258 -0 0.40908 0.987918
-0.450056 -0.297258 -0 0.40908 0.987918
-0.450056 -0.282843 -0 0.412947 0.988915
-0.450056 -0.445887 -0 0.370508 0.975523
-0.450056 -0.282843 -0 0.412947 0.988915
-0.450056 -0.424264 -0 0.375956 0.977549
-0.450056 -0.445887 -0 0.370508 0.975523
-0.450056 -0.445887 -0 0.370508 0.975523
-0.450056 -0.424264 -0 0.375956 0.977549
-0.535304 -0.594516 -0 0.336982 0.936628
-0.450056 -0.424264 -0 0.375956 0.977549
-0.565685 -0.565685 -0 0.344399 0.931249
-0.535304 -0.594516 -0 0.336982 0.936628
-0.535304 -0.594516 -0 0.336982 0.936628
-0.565685 -0.565685 -0 0.344399 0.931249
-0.669131 -0.743145 -0 0.309623 0.884196
-0.565685 -0.565685 -0 0.344399 0.931249
-0.707107 -0.707107 -0 0.318358 0.8778
-0.669131 -0.743145 -0 0.309623 0.884196
-0.669131 -0.743145 -0 0.309623 0.884196
-0.707107 -0.707107 -0 0.318358 0.8778
-0.802957 -0.891774 -0 0.287371 0.833974
-0.707107 -0.707107 -0 0.318358 0.8778
-0.848528 -0.848528 -0 0.297208 0.826692
-0.802957 -0.891774 -0 0.287371 0.833974
-0.802957 -0.891774 -0 0.287371 0.833974
-0.848528 -0.848528 -0 0.297208 0.826692
-0.936783 -1.0404 -0 0.269627 0.787396
-0.848528 -0.848528 -0 0.297208 0.826692
-0.98995 -0.98995 -0 0.28038 0.779367
-0.936783 -1.0404 -0 0.269627 0.787396
-0.936783 -1.0404 -0 0.269627 0.787396
-0.98995 -0.98995 -0 0.28038 0.779367
-1.07061 -1.18903 -0 0.255635 0.745131
-0.98995 -0.98995 -0 0.28038 0.779367
-1.13137 -1.13137 -0 0.267146 0.736494
-1.07061 -1.18903 -0 0.255635 0.745131
-1.07061 -1.18903 -0 0.255635 0.745131
-1.13137 -1.13137 -0 0.267146 0.736494
-1.20444 -1.33766 -0 0.244652 0.7073
-1.13137 -1.13137 -0 0.267146 0.736494
-1.27279 -1.27279 -0 0.256792 0.69818
-1.20444 -1.33766 -0 0.244652 0.7073
-1.20444 -1.33766 -0 0.244652 0.7073
-1.27279 -1.27279 -0 0.256792 0.69818
-1.55327 -1.72508 0.04 0.22356 0.620598
-1.27279 -1.27279 -0 0.256792 0.69818
-1.64142 -1.64142 0.04 0.237002 0.61059
-1.55327 -1.72508 0.04 0.22356 0.620598
-1.55327 -1.72508 0.04 0.22356 0.620598
-1.64142 -1.64142 0.04 0.237002 0.61059
-1.68709 -1.87371 0.16 0.213047 0.575095
-1.64142 -1.64142 0.04 0.237002 0.61059
-1.78284 -1.78284 0.16 0.227138 0.564692
-1.68709 -1.87371 0.16 0.213047 0.575095
-1.68709 -1.87371 0.16 0.213047 0.575095
-1.78284 -1.78284 0.16 0.227138 0.564692
-1.82092 -2.02234 0.36 0.201513 0.518112
-1.78284 -1.78284 0.16 0.227138 0.564692
-1.92426 -1.92426 0.36 0.216345 0.507304
-1.82092 -2.02234 0.36 0.201513 0.518112
-1.82092 -2.02234 0.36 0.201513 0.518112
-1.92426 -1.92426 0.36 0.216345 0.507304
-1.95474 -2.17096 0.64 0.190683 0.449641
-1.92426 -1.92426 0.36 0.216345 0.507304
-2.06569 -2.06569 0.64 0.206281 0.438501
-1.95474 -2.17096 0.64 0.190683 0.449641
-1.95474 -2.17096 0.64 0.190683 0.449641
-2.06569 -2.06569 0.64 0.206281 0.438501
-2.08857 -2.31959 1 0.182674 0.371172
-2.06569 -2.06569 0.64 0.206281 0.438501
-2.20711 -2.20711 1 0.19899 0.359901
-2.08857 -2.31959 1 0.182674 0.371172
-2.08857 -2.31959 1 0.182674 0.371172
-2.20711 -2.20711 1 0.19899 0.359901
-2.2224 -2.46822 1.44 0.179584 0.286322
-2.20711 -2.20711 1 0.19899 0.359901
-2.34853 -2.34853 1.44 0.196477 0.275274
-2.2224 -2.46822 1.44 0.179584 0.286322
-2.2224 -2.46822 1.44 0.179584 0.286322
-2.34853 -2.34853 1.44 0.196477 0.275274
-2.35622 -2.61685 1.96 0.182708 0.200434
-2.34853 -2.34853 1.44 0.196477 0.275274
-2.48995 -2.48995 1.96 0.199948 0.19008
-2.35622 -2.61685 1.96 0.182708 0.200434
-0.450056 -0.155429 -0 0.447855 0.995951
-0.450056 -0.148629 -0 0.449748 0.996233
-0.450056 -0.310858 -0 0.405449 0.986942
-0.450056 -0.148629 -0 0.449748 0.996233
-0.450056 -0.297258 -0 0.40908 0.987918
-0.450056 -0.310858 -0 0.405449 0.986942
-0.450056 -0.310858 -0 0.405449 0.986942
-0.450056 -0.297258 -0 0.40908 0.987918
-0.450056 -0.466288 -0 0.365424 0.973549
-0.450056 -0.297258 -0 0.40908 0.987918
-0.450056 -0.445887 -0 0.370508 0.975523
-0.450056 -0.466288 -0 0.365424 0.973549
-0.450056 -0.466288 -0 0.365424 0.973549
-0.450056 -0.445887 -0 0.370508 0.975523
-0.503456 -0.621717 -0 0.329994 0.942339
-0.450056 -0.445887 -0 0.370508 0.975523
-0.535304 -0.594516 -0 0.336982 0.936628
-0.503456 -0.621717 -0 0.329994 0.942339
-0.503456 -0.621717 -0 0.329994 0.942339
-0.535304 -0.594516 -0 0.336982 0.936628
-0.62932 -0.777146 -0 0.301392 0.890982
-0.535304 -0.594516 -0 0.336982 0.936628
-0.669131 -0.743145 -0 0.309623 0.884196
-0.62932 -0.777146 -0 0.301392 0.890982
-0.62932 -0.777146 -0 0.301392 0.890982
-0.669131 -0.743145 -0 0.309623 0.884196
-0.755184 -0.932575 -0 0.278096 0.841697
-0.669131 -0.743145 -0 0.309623 0.884196
-0.802957 -0.891774 -0 0.287371 0.833974
-0.755184 -0.932575 -0 0.278096 0.841697
-0.755184 -0.932575 -0 0.278096 0.841697
-0.802957 -0.891774 -0 0.287371 0.833974
-0.881049 -1.088 -0 0.259478 0.795906
-0.802957 -0.891774 -0 0.287371 0.833974
-0.936783 -1.0404 -0 0.269627 0.787396
-0.881049 -1.088 -0 0.259478 0.795906
-0.881049 -1.088 -0 0.259478 0.795906
-0.936783 -1.0404 -0 0.269627 0.787396
-1.00691 -1.24343 -0 0.244757 0.754284
-0.936783 -1.0404 -0 0.269627 0.787396
-1.07061 -1.18903 -0 0.255635 0.745131
-1.00691 -1.24343 -0 0.244757 0.754284
-1.00691 -1.24343 -0 0.244757 0.754284
-1.07061 -1.18903 -0 0.255635 0.745131
-1.13278 -1.39886 -0 0.233165 0.716966
-1.07061 -1.18903 -0 0.255635 0.745131
-1.20444 -1.33766 -0 0.244652 0.7073
-1.13278 -1.39886 -0 0.233165 0.716966
-1.13278 -1.39886 -0 0.233165 0.716966
-1.20444 -1.33766 -0 0.244652 0.7073
-1.46085 -1.804 0.04 0.210791 0.631214
-1.20444 -1.33766 -0 0.244652 0.7073
-1.55327 -1.72508 0.04 0.22356 0.620598
-1.46085 -1.804 0.04 0.210791 0.631214
-1.46085 -1.804 0.04 0.210791 0.631214
-1.55327 -1.72508 0.04 0.22356 0.620598
-1.58672 -1.95943 0.16 0.19964 0.586132
-1.55327 -1.72508 0.04 0.22356 0.620598
-1.68709 -1.87371 0.16 0.213047 0.575095
-1.58672 -1.95943 0.16 0.19964 0.586132
-1.58672 -1.95943 0.16 0.19964 0.586132
-1.68709 -1.87371 0.16 0.213047 0.575095
-1.71258 -2.11486 0.36 0.187373 0.529581
-1.68709 -1.87371 0.16 0.213047 0.575095
-1.82092 -2.02234 0.36 0.201513 0.518112
-1.71258 -2.11486 0.36 0.187373 0.529581
-1.71258 -2.11486 0.36 0.187373 0.529581
-1.82092 -2.02234 0.36 0.201513 0.518112
-1.83845 -2.27029 0.64 0.175766 0.461459
-1.82092 -2.02234 0.36 0.201513 0.518112
-1.95474 -2.17096 0.64 0.190683 0.449641
-1.83845 -2.27029 0.64 0.175766 0.461459
-1.83845 -2.27029 0.64 0.175766 0.461459
-1.95474 -2.17096 0.64 0.190683 0.449641
-1.96431 -2.42572 1 0.167009 0.383121
-1.95474 -2.17096 0.64 0.190683 0.449641
-2.08857 -2.31959 1 0.182674 0.371172
-1.96431 -2.42572 1 0.167009 0.383121
-1.96431 -2.42572 1 0.167009 0.383121
-2.08857 -2.31959 1 0.182674 0.371172
-2.09017 -2.58115 1.44 0.163283 0.29802
-2.08857 -2.31959 1 0.182674 0.371172
-2.2224 -2.46822 1.44 0.179584 0.286322
-2.09017 -2.58115 1.44 0.163283 0.29802
-2.09017 -2.58115 1.44 0.163283 0.29802
-2.2224 -2.46822 1.44 0.179584 0.286322
-2.21604 -2.73658 1.96 0.16598 0.21138
-2.2224 -2.46822 1.44 0.179584 0.286322
-2.35622 -2.61685 1.96 0.182708 0.200434
-2.21604 -2.73658 1.96 0.16598 0.21138
-0.450056 -0.161803 -0 0.446084 0.995678
-0.450056 -0.155429 -0 0.447855 0.995951
-0.450056 -0.323607 -0 0.402063 0.985996
-0.450056 -0.155429 -0 0.447855 0.995951
-0.450056 -0.310858 -0 0.405449 0.986942
-0.450056 -0.323607 -0 0.402063 0.985996
-0.450056 -0.323607 -0 0.402063 0.985996
-0.450056 -0.310858 -0 0.405449 0.986942
-0.450056 -0.48541 -0 0.36071 0.971645
-0.450056 -0.310858 -0 0.405449 0.986942
-0.450056 -0.466288 -0 0.365424 0.973549
-0.450056 -0.48541 -0 0.36071 0.971645
-0.450056 -0.48541 -0 0.36071 0.971645
-0.450056 -0.466288 -0 0.365424 0.973549
-0.470228 -0.647214 -0 0.323448 0.948373
-0.450056 -0.466288 -0 0.365424 0.973549
-0.503456 -0.621717 -0 0.329994 0.942339
-0.470228 -0.647214 -0 0.323448 0.948373
-0.470228 -0.647214 -0 0.323448 0.948373
-0.503456 -0.621717 -0 0.329994 0.942339
-0.587785 -0.809017 -0 0.29368 0.898151
-0.503456 -0.621717 -0 0.329994 0.942339
-0.62932 -0.777146 -0 0.301392 0.890982
-0.587785 -0.809017 -0 0.29368 0.898151
-0.587785 -0.809017 -0 0.29368 0.898151
-0.62932 -0.777146 -0 0.301392 0.890982
-0.705342 -0.97082 -0 0.269397 0.849852
-0.62932 -0.777146 -0 0.301392 0.890982
-0.755184 -0.932575 -0 0.278096 0.841697
-0.705342 -0.97082 -0 0.269397 0.849852
-0.705342 -0.97082 -0 0.269397 0.849852
-0.755184 -0.932575 -0 0.278096 0.841697
-0.822899 -1.13262 -0 0.249948 0.80489
-0.755184 -0.932575 -0 0.278096 0.841697
-0.881049 -1.088 -0 0.259478 0.795906
-0.822899 -1.13262 -0 0.249948 0.80489
-0.822899 -1.13262 -0 0.249948 0.80489
-0.881049 -1.088 -0 0.259478 0.795906
-0.940456 -1.29443 -0 0.234526 0.763945
-0.881049 -1.088 -0 0.259478 0.795906
-1.00691 -1.24343 -0 0.244757 0.754284
-0.940456 -1.29443 -0 0.234526 0.763945
-0.940456 -1.29443 -0 0.234526 0.763945
-1.00691 -1.24343 -0 0.244757 0.754284
-1.05801 -1.45623 -0 0.222342 0.727168
-1.00691 -1.24343 -0 0.244757 0.754284
-1.13278 -1.39886 -0 0.233165 0.716966
-1.05801 -1.45623 -0 0.222342 0.727168
-1.05801 -1.45623 -0 0.222342 0.727168
-1.13278 -1.39886 -0 0.233165 0.716966
-1.36444 -1.87799 0.04 0.198709 0.642425
-1.13278 -1.39886 -0 0.233165 0.716966
-1.46085 -1.804 0.04 0.210791 0.631214
-1.36444 -1.87799 0.04 0.198709 0.642425
-1.36444 -1.87799 0.04 0.198709 0.642425
-1.46085 -1.804 0.04 0.210791 0.631214
-1.48199 -2.03979 0.16 0.186928 0.597789
-1.46085 -1.804 0.04 0.210791 0.631214
-1.58672 -1.95943 0.16 0.19964 0.586132
-1.48199 -2.03979 0.16 0.186928 0.597789
-1.48199 -2.03979 0.16 0.186928 0.597789
-1.58672 -1.95943 0.16 0.19964 0.586132
-1.59955 -2.20159 0.36 0.17393 0.541694
-1.58672 -1.95943 0.16 0.19964 0.586132
-1.71258 -2.11486 0.36 0.187373 0.529581
-1.59955 -2.20159 0.36 0.17393 0.541694
-1.59955 -2.20159 0.36 0.17393 0.541694
-1.71258 -2.11486 0.36 0.187373 0.529581
-1.71711 -2.3634 0.64 0.161534 0.473937
-1.71258 -2.11486 0.36 0.187373 0.529581
-1.83845 -2.27029 0.64 0.175766 0.461459
-1.71711 -2.3634 0.64 0.161534 0.473937
-1.71711 -2.3634 0.64 0.161534 0.473937
-1.83845 -2.27029 0.64 0.175766 0.461459
-1.83467 -2.5252 1 0.151992 0.395727
-1.83845 -2.27029 0.64 0.175766 0.461459
-1.96431 -2.42572 1 0.167009 0.383121
-1.83467 -2.5252 1 0.151992 0.395727
-1.83467 -2.5252 1 0.151992 0.395727
-1.96431 -2.42572 1 0.167009 0.383121
-1.95222 -2.687 1.44 0.147568 0.310346
-1.96431 -2.42572 1 0.167009 0.383121
-2.09017 -2.58115 1.44 0.163283 0.29802
-1.95222 -2.687 1.44 0.147568 0.310346
-0.450056 -0.167734 -0 0.444437 0.995416
-0.450056 -0.161803 -0 0.446084 0.995678
-0.450056 -0.335468 -0 0.398927 0.98509
-0.450056 -0.161803 -0 0.446084 0.995678
-0.450056 -0.323607 -0 0.402063 0.985996
-0.450056 -0.335468 -0 0.398927 0.98509
-0.450056 -0.335468 -0 0.398927 0.98509
-0.450056 -0.323607 -0 0.402063 0.985996
-0.450056 -0.503202 -0 0.356369 0.96983
-0.450056 -0.323607 -0 0.402063 0.985996
-0.450056 -0.48541 -0 0.36071 0.971645
-0.450056 -0.503202 -0 0.356369 0.96983
-0.450056 -0.503202 -0 0.356369 0.96983
-0.450056 -0.48541 -0 0.36071 0.971645
-0.450056 -0.670936 -0 0.317724 0.950927
-0.450056 -0.48541 -0 0.36071 0.971645
-0.470228 -0.647214 -0 0.323448 0.948373
-0.450056 -0.670936 -0 0.317724 0.950927
-0.450056 -0.670936 -0 0.317724 0.950927
-0.470228 -0.647214 -0 0.323448 0.948373
-0.544639 -0.838671 -0 0.286498 0.905698
-0.470228 -0.647214 -0 0.323448 0.948373
-0.587785 -0.809017 -0 0.29368 0.898151
-0.544639 -0.838671 -0 0.286498 0.905698
-0.544639 -0.838671 -0 0.286498 0.905698
-0.587785 -0.809017 -0 0.29368 0.898151
-0.653567 -1.0064 -0 0.261287 0.858432
-0.587785 -0.809017 -0 0.29368 0.898151
-0.705342 -0.97082 -0 0.269397 0.849852
-0.653567 -1.0064 -0 0.261287 0.858432
-0.653567 -1.0064 -0 0.261287 0.858432
-0.705342 -0.97082 -0 0.269397 0.849852
-0.762495 -1.17414 -0 0.241047 0.814339
-0.705342 -0.97082 -0 0.269397 0.849852
-0.822899 -1.13262 -0 0.249948 0.80489
-0.762495 -1.17414 -0 0.241047 0.814339
-0.762495 -1.17414 -0 0.241047 0.814339
-0.822899 -1.13262 -0 0.249948 0.80489
-0.871422 -1.34187 -0 0.224952 0.774105
-0.822899 -1.13262 -0 0.249948 0.80489
-0.940456 -1.29443 -0 0.234526 0.763945
-0.871422 -1.34187 -0 0.224952 0.774105
-0.871422 -1.34187 -0 0.224952 0.774105
-0.940456 -1.29443 -0 0.234526 0.763945
-0.98035 -1.50961 -0 0.212194 0.737897
-0.940456 -1.29443 -0 0.234526 0.763945
-1.05801 -1.45623 -0 0.222342 0.727168
-0.98035 -1.50961 -0 0.212194 0.737897
-0.98035 -1.50961 -0 0.212194 0.737897
-1.05801 -1.45623 -0 0.222342 0.727168
-1.26428 -1.94682 0.04 0.187319 0.65422
-1.05801 -1.45623 -0 0.222342 0.727168
-1.36444 -1.87799 0.04 0.198709 0.642425
-1.26428 -1.94682 0.04 0.187319 0.65422
-1.26428 -1.94682 0.04 0.187319 0.65422
-1.36444 -1.87799 0.04 0.198709 0.642425
-1.37321 -2.11456 0.16 0.174915 0.610055
-1.36444 -1.87799 0.04 0.198709 0.642425
-1.48199 -2.03979 0.16 0.186928 0.597789
-1.37321 -2.11456 0.16 0.174915 0.610055
-1.37321 -2.11456 0.16 0.174915 0.610055
-1.48199 -2.03979 0.16 0.186928 0.597789
-1.48214 -2.28229 0.36 0.161185 0.554438
-1.48199 -2.03979 0.16 0.186928 0.597789
-1.59955 -2.20159 0.36 0.17393 0.541694
-1.48214 -2.28229 0.36 0.161185 0.554438
-1.48214 -2.28229 0.36 0.161185 0.554438
-1.59955 -2.20159 0.36 0.17393 0.541694
-1.59107 -2.45003 0.64 0.147984 0.487059
-1.59955 -2.20159 0.36 0.17393 0.541694
-1.71711 -2.3634 0.64 0.161534 0.473937
-1.59107 -2.45003 0.64 0.147984 0.487059
-1.59107 -2.45003 0.64 0.147984 0.487059
-1.71711 -2.3634 0.64 0.161534 0.473937
-1.69999 -2.61776 1 0.137616 0.408974
-1.71711 -2.3634 0.64 0.161534 0.473937
-1.83467 -2.5252 1 0.151992 0.395727
-1.69999 -2.61776 1 0.137616 0.408974
-1.69999 -2.61776 1 0.137616 0.408974
-1.83467 -2.5252 1 0.151992 0.395727
-1.80892 -2.78549 1.44 0.132428 0.323283
-1.83467 -2.5252 1 0.151992 0.395727
-1.95222 -2.687 1.44 0.147568 0.310346
-1.80892 -2.78549 1.44 0.132428 0.323283
-0.450056 -0.173205 -0 0.44292 0.995168
-0.450056 -0.167734 -0 0.444437 0.995416
-0.450056 -0.34641 -0 0.396048 0.984233
-0.450056 -0.167734 -0 0.444437 0.995416
-0.450056 -0.335468 -0 0.398927 0.98509
-0.450056 -0.34641 -0 0.396048 0.984233
-0.450056 -0.34641 -0 0.396048 0.984233
-0.450056 -0.335468 -0 0.398927 0.98509
-0.450056 -0.519615 -0 0.352404 0.968119
-0.450056 -0.335468 -0 0.398927 0.98509
-0.450056 -0.503202 -0 0.356369 0.96983
-0.450056 -0.519615 -0 0.352404 0.968119
-0.450056 -0.519615 -0 0.352404 0.968119
-0.450056 -0.503202 -0 0.356369 0.96983
-0.450056 -0.69282 -0 0.313 0.948264
-0.450056 -0.503202 -0 0.356369 0.96983
-0.450056 -0.670936 -0 0.317724 0.950927
-0.450056 -0.69282 -0 0.313 0.948264
-0.450056 -0.69282 -0 0.313 0.948264
-0.450056 -0.670936 -0 0.317724 0.950927
-0.5 -0.866025 -0 0.279857 0.913614
-0.450056 -0.670936 -0 0.317724 0.950927
-0.544639 -0.838671 -0 0.286498 0.905698
-0.5 -0.866025 -0 0.279857 0.913614
-0.5 -0.866025 -0 0.279857 0.913614
-0.544639 -0.838671 -0 0.286498 0.905698
-0.6 -1.03923 -0 0.253773 0.867432
-0.544639 -0.838671 -0 0.286498 0.905698
-0.653567 -1.0064 -0 0.261287 0.858432
-0.6 -1.03923 -0 0.253773 0.867432
-0.6 -1.03923 -0 0.253773 0.867432
-0.653567 -1.0064 -0 0.261287 0.858432
-0.7 -1.21244 -0 0.232782 0.824248
-0.653567 -1.0064 -0 0.261287 0.858432
-0.762495 -1.17414 -0 0.241047 0.814339
-0.7 -1.21244 -0 0.232782 0.824248
-0.7 -1.21244 -0 0.232782 0.824248
-0.762495 -1.17414 -0 0.241047 0.814339
-0.8 -1.38564 -0 0.21604 0.784758
-0.762495 -1.17414 -0 0.241047 0.814339
-0.871422 -1.34187 -0 0.224952 0.774105
-0.8 -1.38564 -0 0.21604 0.784758
-0.8 -1.38564 -0 0.21604 0.784758
-0.871422 -1.34187 -0 0.224952 0.774105
-0.9 -1.55885 -0 0.202725 0.749147
-0.871422 -1.34187 -0 0.224952 0.774105
-0.98035 -1.50961 -0 0.212194 0.737897
-0.9 -1.55885 -0 0.202725 0.749147
-0.9 -1.55885 -0 0.202725 0.749147
-0.98035 -1.50961 -0 0.212194 0.737897
-1.16066 -2.01032 0.04 0.176625 0.666591
-0.98035 -1.50961 -0 0.212194 0.737897
-1.26428 -1.94682 0.04 0.187319 0.65422
-1.16066 -2.01032 0.04 0.176625 0.666591
-1.16066 -2.01032 0.04 0.176625 0.666591
-1.26428 -1.94682 0.04 0.187319 0.65422
-1.26066 -2.18353 0.16 0.163602 0.622921
-1.26428 -1.94682 0.04 0.187319 0.65422
-1.37321 -2.11456 0.16 0.174915 0.610055
-1.26066 -2.18353 0.16 0.163602 0.622921
-1.26066 -2.18353 0.16 0.163602 0.622921
-1.37321 -2.11456 0.16 0.174915 0.610055
-1.36066 -2.35673 0.36 0.149134 0.567803
-1.37321 -2.11456 0.16 0.174915 0.610055
-1.48214 -2.28229 0.36 0.161185 0.554438
-1.36066 -2.35673 0.36 0.149134 0.567803
-1.36066 -2.35673 0.36 0.149134 0.567803
-1.48214 -2.28229 0.36 0.161185 0.554438
-1.46066 -2.52994 0.64 0.135106 0.500815
-1.48214 -2.28229 0.36 0.161185 0.554438
-1.59107 -2.45003 0.64 0.147984 0.487059
-1.46066 -2.52994 0.64 0.135106 0.500815
-1.46066 -2.52994 0.64 0.135106 0.500815
-1.59107 -2.45003 0.64 0.147984 0.487059
-1.56066 -2.70314 1 0.123868 0.422849
-1.59107 -2.45003 0.64 0.147984 0.487059
-1.69999 -2.61776 1 0.137616 0.408974
-1.56066 -2.70314 1 0.123868 0.422849
-0.450056 -0.178201 -0 0.441536 0.994936
-0.450056 -0.173205 -0 0.44292 0.995168
-0.450056 -0.356403 -0 0.393429 0.983431
-0.450056 -0.173205 -0 0.44292 0.995168
-0.450056 -0.34641 -0 0.396048 0.984233
-0.450056 -0.356403 -0 0.393429 0.983431
-0.450056 -0.356403 -0 0.393429 0.983431
-0.450056 -0.34641 -0 0.396048 0.984233
-0.450056 -0.534604 -0 0.348816 0.966526
-0.450056 -0.34641 -0 0.396048 0.984233
-0.450056 -0.519615 -0 0.352404 0.968119
-0.450056 -0.534604 -0 0.348816 0.966526
-0.450056 -0.534604 -0 0.348816 0.966526
-0.450056 -0.519615 -0 0.352404 0.968119
-0.450056 -0.712805 -0 0.308751 0.945802
-0.450056 -0.519615 -0 0.352404 0.968119
-0.450056 -0.69282 -0 0.313 0.948264
-0.450056 -0.712805 -0 0.308751 0.945802
-0.450056 -0.712805 -0 0.308751 0.945802
-0.450056 -0.69282 -0 0.313 0.948264
-0.453991 -0.891007 -0 0.273766 0.921893
-0.450056 -0.69282 -0 0.313 0.948264
-0.5 -0.866025 -0 0.279857 0.913614
-0.453991 -0.891007 -0 0.273766 0.921893
-0.450056 -0.182709 -0 0.440289 0.994723
-0.450056 -0.178201 -0 0.441536 0.994936
-0.450056 -0.365418 -0 0.391077 0.982693
-0.450056 -0.178201 -0 0.441536 0.994936
-0.450056 -0.356403 -0 0.393429 0.983431
-0.450056 -0.365418 -0 0.391077 0.982693
-0.450056 -0.365418 -0 0.391077 0.982693
-0.450056 -0.356403 -0 0.393429 0.983431
-0.450056 -0.548127 -0 0.345607 0.965067
-0.450056 -0.356403 -0 0.393429 0.983431
-0.450056 -0.534604 -0 0.348816 0.966526
-0.450056 -0.548127 -0 0.345607 0.965067
-0.450056 -0.548127 -0 0.345607 0.965067
-0.450056 -0.534604 -0 0.348816 0.966526
-0.450056 -0.730836 -0 0.304971 0.943556
-0.450056 -0.534604 -0 0.348816 0.966526
-0.450056 -0.712805 -0 0.308751 0.945802
-0.450056 -0.730836 -0 0.304971 0.943556
-0.450056 -0.730836 -0 0.304971 0.943556
-0.450056 -0.712805 -0 0.308751 0.945802
-0.450056 -0.913545 -0 0.269555 0.919886
-0.450056 -0.712805 -0 0.308751 0.945802
-0.453991 -0.891007 -0 0.273766 0.921893
-0.450056 -0.913545 -0 0.269555 0.919886
-0.450056 -0.186716 -0 0.439181 0.994529
-0.450056 -0.182709 -0 0.440289 0.994723
-0.450056 -0.373432 -0 0.388993 0.982026
-0.450056 -0.182709 -0 0.440289 0.994723
-0.450056 -0.365418 -0 0.391077 0.982693
-0.450056 -0.373432 -0 0.388993 0.982026
-0.450056 -0.373432 -0 0.388993 0.982026
-0.450056 -0.365418 -0 0.391077 0.982693
-0.450056 -0.560148 -0 0.342778 0.963751
-0.450056 -0.365418 -0 0.391077 0.982693
-0.450056 -0.548127 -0 0.345607 0.965067
-0.450056 -0.560148 -0 0.342778 0.963751
-0.450056 -0.560148 -0 0.342778 0.963751
-0.450056 -0.548127 -0 0.345607 0.965067
-0.450056 -0.746864 -0 0.301655 0.941543
-0.450056 -0.548127 -0 0.345607 0.965067
-0.450056 -0.730836 -0 0.304971 0.943556
-0.450056 -0.746864 -0 0.301655 0.941543
-0.450056 -0.746864 -0 0.301655 0.941543
-0.450056 -0.730836 -0 0.304971 0.943556
-0.450056 -0.93358 -0 0.265986 0.917224
-0.450056 -0.730836 -0 0.304971 0.943556
-0.450056 -0.913545 -0 0.269555 0.919886
-0.450056 -0.93358 -0 0.265986 0.917224
-0.450056 -0.190211 -0 0.438215 0.994358
-0.450056 -0.186716 -0 0.439181 0.994529
-0.450056 -0.380423 -0 0.387182 0.981435
-0.450056 -0.186716 -0 0.439181 0.994529
-0.450056 -0.373432 -0 0.388993 0.982026
-0.450056 -0.380423 -0 0.387182 0.981435
-0.450056 -0.380423 -0 0.387182 0.981435
-0.450056 -0.373432 -0 0.388993 0.982026
-0.450056 -0.570634 -0 0.340327 0.96259
-0.450056 -0.373432 -0 0.388993 0.982026
-0.450056 -0.560148 -0 0.342778 0.963751
-0.450056 -0.570634 -0 0.340327 0.96259
-0.450056 -0.570634 -0 0.340327 0.96259
-0.450056 -0.560148 -0 0.342778 0.963751
-0.450056 -0.760845 -0 0.298795 0.939774
-0.450056 -0.560148 -0 0.342778 0.963751
-0.450056 -0.746864 -0 0.301655 0.941543
-0.450056 -0.760845 -0 0.298795 0.939774
-0.450056 -0.760845 -0 0.298795 0.939774
-0.450056 -0.746864 -0 0.301655 0.941543
-0.450056 -0.951057 -0 0.262923 0.914897
-0.450056 -0.746864 -0 0.301655 0.941543
-0.450056 -0.93358 -0 0.265986 0.917224
-0.450056 -0.951057 -0 0.262923 0.914897
-0.450056 -0.193185 -0 0.437394 0.99421
-0.450056 -0.190211 -0 0.438215 0.994358
-0.450056 -0.38637 -0 0.385645 0.980926
-0.450056 -0.190211 -0 0.438215 0.994358
-0.450056 -0.380423 -0 0.387182 0.981435
-0.450056 -0.38637 -0 0.385645 0.980926
-0.450056 -0.38637 -0 0.385645 0.980926
-0.450056 -0.380423 -0 0.387182 0.981435
-0.450056 -0.579556 -0 0.338254 0.961593
-0.450056 -0.380423 -0 0.387182 0.981435
-0.450056 -0.570634 -0 0.340327 0.96259
-0.450056 -0.579556 -0 0.338254 0.961593
-0.450056 -0.579556 -0 0.338254 0.961593
-0.450056 -0.570634 -0 0.340327 0.96259
-0.450056 -0.772741 -0 0.296386 0.938261
-0.450056 -0.570634 -0 0.340327 0.96259
-0.450056 -0.760845 -0 0.298795 0.939774
-0.450056 -0.772741 -0 0.296386 0.938261
-0.450056 -0.19563 -0 0.43672 0.994087
-0.450056 -0.193185 -0 0.437394 0.99421
-0.450056 -0.391259 -0 0.384386 0.980503
-0.450056 -0.193185 -0 0.437394 0.99421
-0.450056 -0.38637 -0 0.385645 0.980926
-0.450056 -0.391259 -0 0.384386 0.980503
-0.450056 -0.391259 -0 0.384386 0.980503
-0.450056 -0.38637 -0 0.385645 0.980926
-0.450056 -0.586889 -0 0.33656 0.960767
-0.450056 -0.38637 -0 0.385645 0.980926
-0.450056 -0.579556 -0 0.338254 0.961593
-0.450056 -0.586889 -0 0.33656 0.960767
-0.450056 -0.586889 -0 0.33656 0.960767
-0.450056 -0.579556 -0 0.338254 0.961593
-0.450056 -0.782518 -0 0.294422 0.937011
-0.450056 -0.579556 -0 0.338254 0.961593
-0.450056 -0.772741 -0 0.296386 0.938261
-0.450056 -0.782518 -0 0.294422 0.937011
