-0.69282 0.4 -0 0.595531 0.917231
-0.670936 0.435711 -0 0.604599 0.921494
-0.866025 0.5 -0 0.614375 0.862165
-0.670936 0.435711 -0 0.604599 0.921494
-0.838671 0.544639 -0 0.625029 0.867328
-0.866025 0.5 -0 0.614375 0.862165
-0.866025 0.5 -0 0.614375 0.862165
-0.838671 0.544639 -0 0.625029 0.867328
-1.03923 0.6 -0 0.629815 0.80986
-0.838671 0.544639 -0 0.625029 0.867328
-1.0064 0.653567 -0 0.641773 0.815831
-1.03923 0.6 -0 0.629815 0.80986
-1.03923 0.6 -0 0.629815 0.80986
-1.0064 0.653567 -0 0.641773 0.815831
-1.21244 0.7 -0 0.642214 0.761705
-2.18353 1.26066 0.16 0.683791 0.546195
-2.11456 1.37321 0.16 0.700399 0.555121
-2.35673 1.36066 0.36 0.693627 0.489173
-2.11456 1.37321 0.16 0.700399 0.555121
-2.28229 1.48214 0.36 0.711006 0.498524
-2.35673 1.36066 0.36 0.693627 0.489173
-2.35673 1.36066 0.36 0.693627 0.489173
-2.28229 1.48214 0.36 0.711006 0.498524
-2.52994 1.46066 0.64 0.703672 0.421179
-2.28229 1.48214 0.36 0.711006 0.498524
-2.45003 1.59107 0.64 0.721808 0.430924
-2.52994 1.46066 0.64 0.703672 0.421179
-2.52994 1.46066 0.64 0.703672 0.421179
-2.45003 1.59107 0.64 0.721808 0.430924
-2.70314 1.56066 1 0.712414 0.344039
-2.45003 1.59107 0.64 0.721808 0.430924
-2.61776 1.69999 1 0.731173 0.354062
-2.70314 1.56066 1 0.712414 0.344039
-2.70314 1.56066 1 0.712414 0.344039
-2.61776 1.69999 1 0.731173 0.354062
-2.87635 1.66066 1.44 0.718216 0.261767
-2.61776 1.69999 1 0.731173 0.354062
-2.78549 1.80892 1.44 0.737343 0.271842
-2.87635 1.66066 1.44 0.718216 0.261767
-0.712805 0.363192 -0 0.586148 0.913301
-0.69282 0.4 -0 0.595531 0.917231
-0.891007 0.453991 -0 0.603344 0.857392
-0.69282 0.4 -0 0.595531 0.917231
-0.866025 0.5 -0 0.614375 0.862165
-0.891007 0.453991 -0 0.603344 0.857392
-0.891007 0.453991 -0 0.603344 0.857392
-0.866025 0.5 -0 0.614375 0.862165
-1.06921 0.544789 -0 0.617433 0.804331
-0.866025 0.5 -0 0.614375 0.862165
-1.03923 0.6 -0 0.629815 0.80986
-1.06921 0.544789 -0 0.617433 0.804331
-1.06921 0.544789 -0 0.617433 0.804331
-1.03923 0.6 -0 0.629815 0.80986
-1.24741 0.635587 -0 0.628742 0.755533
-1.03923 0.6 -0 0.629815 0.80986
-1.21244 0.7 -0 0.642214 0.761705
-1.24741 0.635587 -0 0.628742 0.755533
-1.24741 0.635587 -0 0.628742 0.755533
-1.21244 0.7 -0 0.642214 0.761705
-1.42561 0.726385 -0 0.63772 0.711606
-1.21244 0.7 -0 0.642214 0.761705
-1.38564 0.8 -0 0.652064 0.718305
-1.42561 0.726385 -0 0.63772 0.711606
-1.42561 0.726385 -0 0.63772 0.711606
-1.38564 0.8 -0 0.652064 0.718305
-1.60381 0.817183 -0 0.644817 0.672579
-1.38564 0.8 -0 0.652064 0.718305
-1.55885 0.9 -0 0.659858 0.679699
-1.60381 0.817183 -0 0.644817 0.672579
-1.60381 0.817183 -0 0.644817 0.672579
-1.55885 0.9 -0 0.659858 0.679699
-2.06831 1.05386 0.04 0.658909 0.584071
-1.55885 0.9 -0 0.659858 0.679699
-2.01032 1.16066 0.04 0.675328 0.591982
-2.06831 1.05386 0.04 0.658909 0.584071
-2.06831 1.05386 0.04 0.658909 0.584071
-2.01032 1.16066 0.04 0.675328 0.591982
-2.24651 1.14466 0.16 0.666672 0.537916
-2.01032 1.16066 0.04 0.675328 0.591982
-2.18353 1.26066 0.16 0.683791 0.546195
-2.24651 1.14466 0.16 0.666672 0.537916
-2.24651 1.14466 0.16 0.666672 0.537916
-2.18353 1.26066 0.16 0.683791 0.546195
-2.42471 1.23545 0.36 0.675722 0.480496
-2.18353 1.26066 0.16 0.683791 0.546195
-2.35673 1.36066 0.36 0.693627 0.489173
-2.42471 1.23545 0.36 0.675722 0.480496
-2.42471 1.23545 0.36 0.675722 0.480496
-2.35673 1.36066 0.36 0.693627 0.489173
-2.60292 1.32625 0.64 0.684995 0.412131
-2.35673 1.36066 0.36 0.693627 0.489173
-2.52994 1.46066 0.64 0.703672 0.421179
-2.60292 1.32625 0.64 0.684995 0.412131
-2.60292 1.32625 0.64 0.684995 0.412131
-2.52994 1.46066 0.64 0.703672 0.421179
-2.78112 1.41705 1 0.693111 0.33473
-2.52994 1.46066 0.64 0.703672 0.421179
-2.70314 1.56066 1 0.712414 0.344039
-2.78112 1.41705 1 0.693111 0.33473
-2.78112 1.41705 1 0.693111 0.33473
-2.70314 1.56066 1 0.712414 0.344039
-2.95932 1.50785 1.44 0.698562 0.252399
-2.70314 1.56066 1 0.712414 0.344039
-2.87635 1.66066 1.44 0.718216 0.261767
-2.95932 1.50785 1.44 0.698562 0.252399
-0.730836 0.325389 -0 0.576473 0.909711
-0.712805 0.363192 -0 0.586148 0.913301
-0.913545 0.406737 -0 0.591965 0.853022
-0.712805 0.363192 -0 0.586148 0.913301
-0.891007 0.453991 -0 0.603344 0.857392
-0.913545 0.406737 -0 0.591965 0.853022
-0.913545 0.406737 -0 0.591965 0.853022
-0.891007 0.453991 -0 0.603344 0.857392
-1.09625 0.488084 -0 0.60466 0.799261
-0.891007 0.453991 -0 0.603344 0.857392
-1.06921 0.544789 -0 0.617433 0.804331
-1.09625 0.488084 -0 0.60466 0.799261
-1.09625 0.488084 -0 0.60466 0.799261
-1.06921 0.544789 -0 0.617433 0.804331
-1.27896 0.569431 -0 0.61485 0.749868
-1.06921 0.544789 -0 0.617433 0.804331
-1.24741 0.635587 -0 0.628742 0.755533
-1.27896 0.569431 -0 0.61485 0.749868
-1.27896 0.569431 -0 0.61485 0.749868
-1.24741 0.635587 -0 0.628742 0.755533
-1.46167 0.650779 -0 0.622937 0.705456
-1.24741 0.635587 -0 0.628742 0.755533
-1.42561 0.726385 -0 0.63772 0.711606
-1.46167 0.650779 -0 0.622937 0.705456
-1.46167 0.650779 -0 0.622937 0.705456
-1.42561 0.726385 -0 0.63772 0.711606
-1.64438 0.732126 -0 0.629329 0.666042
-1.42561 0.726385 -0 0.63772 0.711606
-1.60381 0.817183 -0 0.644817 0.672579
-1.64438 0.732126 -0 0.629329 0.666042
-1.64438 0.732126 -0 0.629329 0.666042
-1.60381 0.817183 -0 0.644817 0.672579
-2.12063 0.944166 0.04 0.642032 0.576805
-1.60381 0.817183 -0 0.644817 0.672579
-2.06831 1.05386 0.04 0.658909 0.584071
-2.12063 0.944166 0.04 0.642032 0.576805
-2.12063 0.944166 0.04 0.642032 0.576805
-2.06831 1.05386 0.04 0.658909 0.584071
-2.30334 1.02551 0.16 0.649085 0.530308
-2.06831 1.05386 0.04 0.658909 0.584071
-2.24651 1.14466 0.16 0.666672 0.537916
-2.30334 1.02551 0.16 0.649085 0.530308
-2.30334 1.02551 0.16 0.649085 0.530308
-2.24651 1.14466 0.16 0.666672 0.537916
-2.48605 1.10686 0.36 0.657335 0.472514
-2.24651 1.14466 0.16 0.666672 0.537916
-2.42471 1.23545 0.36 0.675722 0.480496
-2.48605 1.10686 0.36 0.657335 0.472514
-2.48605 1.10686 0.36 0.657335 0.472514
-2.42471 1.23545 0.36 0.675722 0.480496
-2.66876 1.18821 0.64 0.665822 0.403803
-2.42471 1.23545 0.36 0.675722 0.480496
-2.60292 1.32625 0.64 0.684995 0.412131
-2.66876 1.18821 0.64 0.665822 0.403803
-2.66876 1.18821 0.64 0.665822 0.403803
-2.60292 1.32625 0.64 0.684995 0.412131
-2.85147 1.26956 1 0.673306 0.326157
-2.60292 1.32625 0.64 0.684995 0.412131
-2.78112 1.41705 1 0.693111 0.33473
-2.85147 1.26956 1 0.673306 0.326157
-2.85147 1.26956 1 0.673306 0.326157
-2.78112 1.41705 1 0.693111 0.33473
-3.03418 1.3509 1.44 0.678421 0.243766
-2.78112 1.41705 1 0.693111 0.33473
-2.95932 1.50785 1.44 0.698562 0.252399
-3.03418 1.3509 1.44 0.678421 0.243766
-0.746864 0.286694 -0 0.566533 0.90647
-0.730836 0.325389 -0 0.576473 0.909711
-0.93358 0.358368 -0 0.580269 0.849067
-0.730836 0.325389 -0 0.576473 0.909711
-0.913545 0.406737 -0 0.591965 0.853022
-0.93358 0.358368 -0 0.580269 0.849067
-0.93358 0.358368 -0 0.580269 0.849067
-0.913545 0.406737 -0 0.591965 0.853022
-1.1203 0.430042 -0 0.591532 0.794664
-0.913545 0.406737 -0 0.591965 0.853022
-1.09625 0.488084 -0 0.60466 0.799261
-1.1203 0.430042 -0 0.591532 0.794664
-1.1203 0.430042 -0 0.591532 0.794664
-1.09625 0.488084 -0 0.60466 0.799261
-1.30701 0.501715 -0 0.600575 0.744728
-1.09625 0.488084 -0 0.60466 0.799261
-1.27896 0.569431 -0 0.61485 0.749868
-1.30701 0.501715 -0 0.600575 0.744728
-1.30701 0.501715 -0 0.600575 0.744728
-1.27896 0.569431 -0 0.61485 0.749868
-1.49373 0.573389 -0 0.607756 0.699875
-1.27896 0.569431 -0 0.61485 0.749868
-1.46167 0.650779 -0 0.622937 0.705456
-1.49373 0.573389 -0 0.607756 0.699875
-1.49373 0.573389 -0 0.607756 0.699875
-1.46167 0.650779 -0 0.622937 0.705456
-1.68044 0.645062 -0 0.613433 0.660109
-1.46167 0.650779 -0 0.622937 0.705456
-1.64438 0.732126 -0 0.629329 0.666042
-1.68044 0.645062 -0 0.613433 0.660109
-1.68044 0.645062 -0 0.613433 0.660109
-1.64438 0.732126 -0 0.629329 0.666042
-2.16714 0.831887 0.04 0.624739 0.570204
-1.64438 0.732126 -0 0.629329 0.666042
-2.12063 0.944166 0.04 0.642032 0.576805
-2.16714 0.831887 0.04 0.624739 0.570204
-2.16714 0.831887 0.04 0.624739 0.570204
-2.12063 0.944166 0.04 0.642032 0.576805
-2.35386 0.90356 0.16 0.631072 0.523389
-2.12063 0.944166 0.04 0.642032 0.576805
-2.30334 1.02551 0.16 0.649085 0.530308
-2.35386 0.90356 0.16 0.631072 0.523389
-2.35386 0.90356 0.16 0.631072 0.523389
-2.30334 1.02551 0.16 0.649085 0.530308
-2.54057 0.975234 0.36 0.63851 0.465247
-2.30334 1.02551 0.16 0.649085 0.530308
-2.48605 1.10686 0.36 0.657335 0.472514
-2.54057 0.975234 0.36 0.63851 0.465247
-2.54057 0.975234 0.36 0.63851 0.465247
-2.48605 1.10686 0.36 0.657335 0.472514
-2.72729 1.04691 0.64 0.6462 0.396215
-2.48605 1.10686 0.36 0.657335 0.472514
-2.66876 1.18821 0.64 0.665822 0.403803
-2.72729 1.04691 0.64 0.6462 0.396215
-2.72729 1.04691 0.64 0.6462 0.396215
-2.66876 1.18821 0.64 0.665822 0.403803
-2.914 1.11858 1 0.653047 0.318343
-2.66876 1.18821 0.64 0.665822 0.403803
-2.85147 1.26956 1 0.673306 0.326157
-2.914 1.11858 1 0.653047 0.318343
-2.914 1.11858 1 0.653047 0.318343
-2.85147 1.26956 1 0.673306 0.326157
-3.10072 1.19025 1.44 0.657834 0.235891
-2.85147 1.26956 1 0.673306 0.326157
-3.03418 1.3509 1.44 0.678421 0.243766
-3.10072 1.19025 1.44 0.657834 0.235891
-0.760845 0.247214 -0 0.556356 0.903586
-0.746864 0.286694 -0 0.566533 0.90647
-0.951057 0.309017 -0 0.568288 0.845537
-0.746864 0.286694 -0 0.566533 0.90647
-0.93358 0.358368 -0 0.580269 0.849067
-0.951057 0.309017 -0 0.568288 0.845537
-0.951057 0.309017 -0 0.568288 0.845537
-0.93358 0.358368 -0 0.580269 0.849067
-1.14127 0.37082 -0 0.578084 0.790554
-0.93358 0.358368 -0 0.580269 0.849067
-1.1203 0.430042 -0 0.591532 0.794664
-1.14127 0.37082 -0 0.578084 0.790554
-1.14127 0.37082 -0 0.578084 0.790554
-1.1203 0.430042 -0 0.591532 0.794664
-1.33148 0.432624 -0 0.585958 0.74013
-1.1203 0.430042 -0 0.591532 0.794664
-1.30701 0.501715 -0 0.600575 0.744728
-1.33148 0.432624 -0 0.585958 0.74013
-1.33148 0.432624 -0 0.585958 0.74013
-1.30701 0.501715 -0 0.600575 0.744728
-1.52169 0.494427 -0 0.592217 0.694879
-1.30701 0.501715 -0 0.600575 0.744728
-1.49373 0.573389 -0 0.607756 0.699875
-1.52169 0.494427 -0 0.592217 0.694879
-1.52169 0.494427 -0 0.592217 0.694879
-1.49373 0.573389 -0 0.607756 0.699875
-1.7119 0.556231 -0 0.59717 0.654796
-1.49373 0.573389 -0 0.607756 0.699875
-1.68044 0.645062 -0 0.613433 0.660109
-1.7119 0.556231 -0 0.59717 0.654796
-1.7119 0.556231 -0 0.59717 0.654796
-1.68044 0.645062 -0 0.613433 0.660109
-2.20771 0.717327 0.04 0.607071 0.564285
-1.68044 0.645062 -0 0.613433 0.660109
-2.16714 0.831887 0.04 0.624739 0.570204
-2.20771 0.717327 0.04 0.607071 0.564285
-2.20771 0.717327 0.04 0.607071 0.564285
-2.16714 0.831887 0.04 0.624739 0.570204
-2.39792 0.779131 0.16 0.612675 0.517177
-2.16714 0.831887 0.04 0.624739 0.570204
-2.35386 0.90356 0.16 0.631072 0.523389
-2.39792 0.779131 0.16 0.612675 0.517177
-2.39792 0.779131 0.16 0.612675 0.517177
-2.35386 0.90356 0.16 0.631072 0.523389
-2.58813 0.840934 0.36 0.61929 0.458714
-2.35386 0.90356 0.16 0.631072 0.523389
-2.54057 0.975234 0.36 0.63851 0.465247
-2.58813 0.840934 0.36 0.61929 0.458714
-2.58813 0.840934 0.36 0.61929 0.458714
-2.54057 0.975234 0.36 0.63851 0.465247
-2.77834 0.902738 0.64 0.626176 0.389385
-2.54057 0.975234 0.36 0.63851 0.465247
-2.72729 1.04691 0.64 0.6462 0.396215
-2.77834 0.902738 0.64 0.626176 0.389385
-2.77834 0.902738 0.64 0.626176 0.389385
-2.72729 1.04691 0.64 0.6462 0.396215
-2.96855 0.964541 1 0.632382 0.311308
-2.72729 1.04691 0.64 0.6462 0.396215
-2.914 1.11858 1 0.653047 0.318343
-2.96855 0.964541 1 0.632382 0.311308
-2.96855 0.964541 1 0.632382 0.311308
-2.914 1.11858 1 0.653047 0.318343
-3.15876 1.02634 1.44 0.63685 0.228797
-2.914 1.11858 1 0.653047 0.318343
-3.10072 1.19025 1.44 0.657834 0.235891
-3.15876 1.02634 1.44 0.63685 0.228797
-0.579556 0.155291 -0 0.534101 0.960436
-0.570634 0.18541 -0 0.542285 0.96236
-0.772741 0.207055 -0 0.545971 0.901066
-0.570634 0.18541 -0 0.542285 0.96236
-0.760845 0.247214 -0 0.556356 0.903586
-0.772741 0.207055 -0 0.545971 0.901066
-0.772741 0.207055 -0 0.545971 0.901066
-0.760845 0.247214 -0 0.556356 0.903586
-0.965926 0.258819 -0 0.556058 0.842443
-0.760845 0.247214 -0 0.556356 0.903586
-0.951057 0.309017 -0 0.568288 0.845537
-0.965926 0.258819 -0 0.556058 0.842443
-0.965926 0.258819 -0 0.556058 0.842443
-0.951057 0.309017 -0 0.568288 0.845537
-1.15911 0.310583 -0 0.564355 0.786946
-0.951057 0.309017 -0 0.568288 0.845537
-1.14127 0.37082 -0 0.578084 0.790554
-1.15911 0.310583 -0 0.564355 0.786946
-1.15911 0.310583 -0 0.564355 0.786946
-1.14127 0.37082 -0 0.578084 0.790554
-1.3523 0.362347 -0 0.571038 0.736087
-1.14127 0.37082 -0 0.578084 0.790554
-1.33148 0.432624 -0 0.585958 0.74013
-1.3523 0.362347 -0 0.571038 0.736087
-1.3523 0.362347 -0 0.571038 0.736087
-1.33148 0.432624 -0 0.585958 0.74013
-1.54548 0.41411 -0 0.576361 0.690485
-1.33148 0.432624 -0 0.585958 0.74013
-1.52169 0.494427 -0 0.592217 0.694879
-1.54548 0.41411 -0 0.576361 0.690485
-1.54548 0.41411 -0 0.576361 0.690485
-1.52169 0.494427 -0 0.592217 0.694879
-1.73867 0.465874 -0 0.580582 0.650119
-1.52169 0.494427 -0 0.592217 0.694879
-1.7119 0.556231 -0 0.59717 0.654796
-1.73867 0.465874 -0 0.580582 0.650119
-1.73867 0.465874 -0 0.580582 0.650119
-1.7119 0.556231 -0 0.59717 0.654796
-2.24222 0.600802 0.04 0.589071 0.559066
-1.7119 0.556231 -0 0.59717 0.654796
-2.20771 0.717327 0.04 0.607071 0.564285
-2.24222 0.600802 0.04 0.589071 0.559066
-2.24222 0.600802 0.04 0.589071 0.559066
-2.20771 0.717327 0.04 0.607071 0.564285
-2.43541 0.652566 0.16 0.593939 0.511691
-2.20771 0.717327 0.04 0.607071 0.564285
-2.39792 0.779131 0.16 0.612675 0.517177
-2.43541 0.652566 0.16 0.593939 0.511691
-2.43541 0.652566 0.16 0.593939 0.511691
-2.39792 0.779131 0.16 0.612675 0.517177
-2.62859 0.70433 0.36 0.599722 0.452933
-2.39792 0.779131 0.16 0.612675 0.517177
-2.58813 0.840934 0.36 0.61929 0.458714
-2.62859 0.70433 0.36 0.599722 0.452933
-2.62859 0.70433 0.36 0.599722 0.452933
-2.58813 0.840934 0.36 0.61929 0.458714
-2.82178 0.756093 0.64 0.605795 0.383334
-2.58813 0.840934 0.36 0.61929 0.458714
-2.77834 0.902738 0.64 0.626176 0.389385
-2.82178 0.756093 0.64 0.605795 0.383334
-2.82178 0.756093 0.64 0.605795 0.383334
-2.77834 0.902738 0.64 0.626176 0.389385
-3.01496 0.807857 1 0.611361 0.305069
-2.77834 0.902738 0.64 0.626176 0.389385
-2.96855 0.964541 1 0.632382 0.311308
-3.01496 0.807857 1 0.611361 0.305069
-3.01496 0.807857 1 0.611361 0.305069
-2.96855 0.964541 1 0.632382 0.311308
-3.20815 0.859621 1.44 0.615516 0.2225
-2.96855 0.964541 1 0.632382 0.311308
-3.15876 1.02634 1.44 0.63685 0.228797
-3.20815 0.859621 1.44 0.615516 0.2225
-0.586889 0.124747 -0 0.525783 0.958804
-0.579556 0.155291 -0 0.534101 0.960436
-0.782518 0.166329 -0 0.535407 0.898916
-0.579556 0.155291 -0 0.534101 0.960436
-0.772741 0.207055 -0 0.545971 0.901066
-0.782518 0.166329 -0 0.535407 0.898916
-0.782518 0.166329 -0 0.535407 0.898916
-0.772741 0.207055 -0 0.545971 0.901066
-0.978148 0.207912 -0 0.543614 0.839795
-0.772741 0.207055 -0 0.545971 0.901066
-0.965926 0.258819 -0 0.556058 0.842443
-0.978148 0.207912 -0 0.543614 0.839795
-0.978148 0.207912 -0 0.543614 0.839795
-0.965926 0.258819 -0 0.556058 0.842443
-1.17378 0.249494 -0 0.550386 0.783849
-0.965926 0.258819 -0 0.556058 0.842443
-1.15911 0.310583 -0 0.564355 0.786946
-1.17378 0.249494 -0 0.550386 0.783849
-1.17378 0.249494 -0 0.550386 0.783849
-1.15911 0.310583 -0 0.564355 0.786946
-1.36941 0.291076 -0 0.555859 0.732614
-1.15911 0.310583 -0 0.564355 0.786946
-1.3523 0.362347 -0 0.571038 0.736087
-1.36941 0.291076 -0 0.555859 0.732614
-1.36941 0.291076 -0 0.555859 0.732614
-1.3523 0.362347 -0 0.571038 0.736087
-1.56504 0.332659 -0 0.560233 0.686704
-1.3523 0.362347 -0 0.571038 0.736087
-1.54548 0.41411 -0 0.576361 0.690485
-1.56504 0.332659 -0 0.560233 0.686704
-1.56504 0.332659 -0 0.560233 0.686704
-1.54548 0.41411 -0 0.576361 0.690485
-1.76067 0.374241 -0 0.563714 0.646092
-1.54548 0.41411 -0 0.576361 0.690485
-1.73867 0.465874 -0 0.580582 0.650119
-1.76067 0.374241 -0 0.563714 0.646092
-1.76067 0.374241 -0 0.563714 0.646092
-1.73867 0.465874 -0 0.580582 0.650119
-2.27059 0.48263 0.04 0.570782 0.55456
-1.73867 0.465874 -0 0.580582 0.650119
-2.24222 0.600802 0.04 0.589071 0.559066
-2.27059 0.48263 0.04 0.570782 0.55456
-2.27059 0.48263 0.04 0.570782 0.55456
-2.24222 0.600802 0.04 0.589071 0.559066
-2.46622 0.524212 0.16 0.574907 0.506945
-2.24222 0.600802 0.04 0.589071 0.559066
-2.43541 0.652566 0.16 0.593939 0.511691
-2.46622 0.524212 0.16 0.574907 0.506945
-2.46622 0.524212 0.16 0.574907 0.506945
-2.43541 0.652566 0.16 0.593939 0.511691
-2.66185 0.565794 0.36 0.579849 0.44792
-2.43541 0.652566 0.16 0.593939 0.511691
-2.62859 0.70433 0.36 0.599722 0.452933
-2.66185 0.565794 0.36 0.579849 0.44792
-2.66185 0.565794 0.36 0.579849 0.44792
-2.62859 0.70433 0.36 0.599722 0.452933
-2.85748 0.607377 0.64 0.585106 0.37808
-2.62859 0.70433 0.36 0.599722 0.452933
-2.82178 0.756093 0.64 0.605795 0.383334
-2.85748 0.607377 0.64 0.585106 0.37808
-2.85748 0.607377 0.64 0.585106 0.37808
-2.82178 0.756093 0.64 0.605795 0.383334
-3.05311 0.648959 1 0.590032 0.299646
-2.82178 0.756093 0.64 0.605795 0.383334
-3.01496 0.807857 1 0.611361 0.305069
-3.05311 0.648959 1 0.590032 0.299646
-3.05311 0.648959 1 0.590032 0.299646
-3.01496 0.807857 1 0.611361 0.305069
-3.24874 0.690541 1.44 0.593884 0.21702
-3.01496 0.807857 1 0.611361 0.305069
-3.20815 0.859621 1.44 0.615516 0.2225
-3.24874 0.690541 1.44 0.593884 0.21702
-0.592613 0.0938607 -0 0.517354 0.957466
-0.586889 0.124747 -0 0.525783 0.958804
-0.790151 0.125148 -0 0.524697 0.897144
-0.586889 0.124747 -0 0.525783 0.958804
-0.782518 0.166329 -0 0.535407 0.898916
-0.790151 0.125148 -0 0.524697 0.897144
-0.790151 0.125148 -0 0.524697 0.897144
-0.782518 0.166329 -0 0.535407 0.898916
-0.987688 0.156434 -0 0.530993 0.837601
-0.782518 0.166329 -0 0.535407 0.898916
-0.978148 0.207912 -0 0.543614 0.839795
-0.987688 0.156434 -0 0.530993 0.837601
-0.987688 0.156434 -0 0.530993 0.837601
-0.978148 0.207912 -0 0.543614 0.839795
-1.18523 0.187721 -0 0.536217 0.781276
-0.978148 0.207912 -0 0.543614 0.839795
-1.17378 0.249494 -0 0.550386 0.783849
-1.18523 0.187721 -0 0.536217 0.781276
-1.18523 0.187721 -0 0.536217 0.781276
-1.17378 0.249494 -0 0.550386 0.783849
-1.38276 0.219008 -0 0.540464 0.72972
-1.17378 0.249494 -0 0.550386 0.783849
-1.36941 0.291076 -0 0.555859 0.732614
-1.38276 0.219008 -0 0.540464 0.72972
-1.38276 0.219008 -0 0.540464 0.72972
-1.36941 0.291076 -0 0.555859 0.732614
-1.5803 0.250295 -0 0.543878 0.683547
-1.36941 0.291076 -0 0.555859 0.732614
-1.56504 0.332659 -0 0.560233 0.686704
-1.5803 0.250295 -0 0.543878 0.683547
-1.5803 0.250295 -0 0.543878 0.683547
-1.56504 0.332659 -0 0.560233 0.686704
-1.77784 0.281582 -0 0.546611 0.642725
-1.56504 0.332659 -0 0.560233 0.686704
-1.76067 0.374241 -0 0.563714 0.646092
-1.77784 0.281582 -0 0.546611 0.642725
-1.77784 0.281582 -0 0.546611 0.642725
-1.76067 0.374241 -0 0.563714 0.646092
-2.29274 0.363135 0.04 0.55225 0.550783
-1.76067 0.374241 -0 0.563714 0.646092
-2.27059 0.48263 0.04 0.570782 0.55456
-2.29274 0.363135 0.04 0.55225 0.550783
-2.29274 0.363135 0.04 0.55225 0.550783
-2.27059 0.48263 0.04 0.570782 0.55456
-2.49028 0.394421 0.16 0.555625 0.502954
-2.27059 0.48263 0.04 0.570782 0.55456
-2.46622 0.524212 0.16 0.574907 0.506945
-2.49028 0.394421 0.16 0.555625 0.502954
-2.49028 0.394421 0.16 0.555625 0.502954
-2.46622 0.524212 0.16 0.574907 0.506945
-2.68782 0.425708 0.36 0.559719 0.44369
-2.46622 0.524212 0.16 0.574907 0.506945
-2.66185 0.565794 0.36 0.579849 0.44792
-2.68782 0.425708 0.36 0.559719 0.44369
-2.68782 0.425708 0.36 0.559719 0.44369
-2.66185 0.565794 0.36 0.579849 0.44792
-2.88535 0.456995 0.64 0.564158 0.37364
-2.66185 0.565794 0.36 0.579849 0.44792
-2.85748 0.607377 0.64 0.585106 0.37808
-2.88535 0.456995 0.64 0.564158 0.37364
-2.88535 0.456995 0.64 0.564158 0.37364
-2.85748 0.607377 0.64 0.585106 0.37808
-3.08289 0.488282 1 0.568449 0.295055
-2.85748 0.607377 0.64 0.585106 0.37808
-3.05311 0.648959 1 0.590032 0.299646
-3.08289 0.488282 1 0.568449 0.295055
-3.08289 0.488282 1 0.568449 0.295055
-3.05311 0.648959 1 0.590032 0.299646
-3.28043 0.519569 1.44 0.572003 0.21237
-3.05311 0.648959 1 0.590032 0.299646
-3.24874 0.690541 1.44 0.593884 0.21702
-3.28043 0.519569 1.44 0.572003 0.21237
-0.596713 0.0627171 -0 0.50884 0.956426
-0.592613 0.0938607 -0 0.517354 0.957466
-0.795618 0.0836228 -0 0.513873 0.895755
-0.592613 0.0938607 -0 0.517354 0.957466
-0.790151 0.125148 -0 0.524697 0.897144
-0.795618 0.0836228 -0 0.513873 0.895755
-0.795618 0.0836228 -0 0.513873 0.895755
-0.790151 0.125148 -0 0.524697 0.897144
-0.994522 0.104528 -0 0.518234 0.835869
-0.790151 0.125148 -0 0.524697 0.897144
-0.987688 0.156434 -0 0.530993 0.837601
-0.994522 0.104528 -0 0.518234 0.835869
-0.994522 0.104528 -0 0.518234 0.835869
-0.987688 0.156434 -0 0.530993 0.837601
-1.19343 0.125434 -0 0.521892 0.779234
-0.987688 0.156434 -0 0.530993 0.837601
-1.18523 0.187721 -0 0.536217 0.781276
-1.19343 0.125434 -0 0.521892 0.779234
-1.19343 0.125434 -0 0.521892 0.779234
-1.18523 0.187721 -0 0.536217 0.781276
-1.39233 0.14634 -0 0.524899 0.727413
-1.18523 0.187721 -0 0.536217 0.781276
-1.38276 0.219008 -0 0.540464 0.72972
-1.39233 0.14634 -0 0.524899 0.727413
-1.39233 0.14634 -0 0.524899 0.727413
-1.38276 0.219008 -0 0.540464 0.72972
-1.59124 0.167246 -0 0.527343 0.681024
-1.38276 0.219008 -0 0.540464 0.72972
-1.5803 0.250295 -0 0.543878 0.683547
-1.59124 0.167246 -0 0.527343 0.681024
-1.59124 0.167246 -0 0.527343 0.681024
-1.5803 0.250295 -0 0.543878 0.683547
-1.79014 0.188151 -0 0.529322 0.640027
-1.5803 0.250295 -0 0.543878 0.683547
-1.77784 0.281582 -0 0.546611 0.642725
-1.79014 0.188151 -0 0.529322 0.640027
-1.79014 0.188151 -0 0.529322 0.640027
-1.77784 0.281582 -0 0.546611 0.642725
-2.3086 0.242644 0.04 0.533518 0.547743
-1.77784 0.281582 -0 0.546611 0.642725
-2.29274 0.363135 0.04 0.55225 0.550783
-2.3086 0.242644 0.04 0.533518 0.547743
-2.3086 0.242644 0.04 0.533518 0.547743
-2.29274 0.363135 0.04 0.55225 0.550783
-2.50751 0.26355 0.16 0.536135 0.499729
-2.29274 0.363135 0.04 0.55225 0.550783
-2.49028 0.394421 0.16 0.555625 0.502954
-2.50751 0.26355 0.16 0.536135 0.499729
-2.50751 0.26355 0.16 0.536135 0.499729
-2.49028 0.394421 0.16 0.555625 0.502954
-2.70641 0.284455 0.36 0.53938 0.44026
-2.49028 0.394421 0.16 0.555625 0.502954
-2.68782 0.425708 0.36 0.559719 0.44369
-2.70641 0.284455 0.36 0.53938 0.44026
-2.70641 0.284455 0.36 0.53938 0.44026
-2.68782 0.425708 0.36 0.559719 0.44369
-2.90532 0.305361 0.64 0.543002 0.370031
-2.68782 0.425708 0.36 0.559719 0.44369
-2.88535 0.456995 0.64 0.564158 0.37364
-2.90532 0.305361 0.64 0.543002 0.370031
-2.90532 0.305361 0.64 0.543002 0.370031
-2.88535 0.456995 0.64 0.564158 0.37364
-3.10422 0.326267 1 0.546663 0.291311
-2.88535 0.456995 0.64 0.564158 0.37364
-3.08289 0.488282 1 0.568449 0.295055
-3.10422 0.326267 1 0.546663 0.291311
-3.10422 0.326267 1 0.546663 0.291311
-3.08289 0.488282 1 0.568449 0.295055
-3.30313 0.347172 1.44 0.549928 0.208565
-3.08289 0.488282 1 0.568449 0.295055
-3.28043 0.519569 1.44 0.572003 0.21237
-3.30313 0.347172 1.44 0.549928 0.208565
-0.599178 0.0314016 -0 0.500266 0.955687
-0.596713 0.0627171 -0 0.50884 0.956426
-0.798904 0.0418688 -0 0.502967 0.894752
-0.596713 0.0627171 -0 0.50884 0.956426
-0.795618 0.0836228 -0 0.513873 0.895755
-0.798904 0.0418688 -0 0.502967 0.894752
-0.798904 0.0418688 -0 0.502967 0.894752
-0.795618 0.0836228 -0 0.513873 0.895755
-0.99863 0.052336 -0 0.505375 0.834604
-0.795618 0.0836228 -0 0.513873 0.895755
-0.994522 0.104528 -0 0.518234 0.835869
-0.99863 0.052336 -0 0.505375 0.834604
-0.99863 0.052336 -0 0.505375 0.834604
-0.994522 0.104528 -0 0.518234 0.835869
-1.19836 0.0628031 -0 0.507454 0.77773
-0.994522 0.104528 -0 0.518234 0.835869
-1.19343 0.125434 -0 0.521892 0.779234
-1.19836 0.0628031 -0 0.507454 0.77773
-1.19836 0.0628031 -0 0.507454 0.77773
-1.19343 0.125434 -0 0.521892 0.779234
-1.39808 0.0732703 -0 0.509211 0.725703
-1.19343 0.125434 -0 0.521892 0.779234
-1.39233 0.14634 -0 0.524899 0.727413
-1.39808 0.0732703 -0 0.509211 0.725703
-1.39808 0.0732703 -0 0.509211 0.725703
-1.39233 0.14634 -0 0.524899 0.727413
-1.59781 0.0837375 -0 0.510678 0.679142
-1.39233 0.14634 -0 0.524899 0.727413
-1.59124 0.167246 -0 0.527343 0.681024
-1.59781 0.0837375 -0 0.510678 0.679142
-1.59781 0.0837375 -0 0.510678 0.679142
-1.59124 0.167246 -0 0.527343 0.681024
-1.79753 0.0942047 -0 0.511897 0.638006
-1.59124 0.167246 -0 0.527343 0.681024
-1.79014 0.188151 -0 0.529322 0.640027
-1.79753 0.0942047 -0 0.511897 0.638006
-1.79753 0.0942047 -0 0.511897 0.638006
-1.79014 0.188151 -0 0.529322 0.640027
-2.31814 0.121489 0.04 0.514636 0.545445
-1.79014 0.188151 -0 0.529322 0.640027
-2.3086 0.242644 0.04 0.533518 0.547743
-2.31814 0.121489 0.04 0.514636 0.545445
-2.31814 0.121489 0.04 0.514636 0.545445
-2.3086 0.242644 0.04 0.533518 0.547743
-2.51786 0.131956 0.16 0.516484 0.497284
-2.3086 0.242644 0.04 0.533518 0.547743
-2.50751 0.26355 0.16 0.536135 0.499729
-2.51786 0.131956 0.16 0.516484 0.497284
-2.51786 0.131956 0.16 0.516484 0.497284
-2.50751 0.26355 0.16 0.536135 0.499729
-2.71759 0.142423 0.36 0.518884 0.437648
-2.50751 0.26355 0.16 0.536135 0.499729
-2.70641 0.284455 0.36 0.53938 0.44026
-2.71759 0.142423 0.36 0.518884 0.437648
-2.71759 0.142423 0.36 0.518884 0.437648
-2.70641 0.284455 0.36 0.53938 0.44026
-2.91732 0.15289 0.64 0.521695 0.36727
-2.70641 0.284455 0.36 0.53938 0.44026
-2.90532 0.305361 0.64 0.543002 0.370031
-2.91732 0.15289 0.64 0.521695 0.36727
-2.91732 0.15289 0.64 0.521695 0.36727
-2.90532 0.305361 0.64 0.543002 0.370031
-3.11704 0.163357 1 0.52473 0.288429
-2.90532 0.305361 0.64 0.543002 0.370031
-3.10422 0.326267 1 0.546663 0.291311
-3.11704 0.163357 1 0.52473 0.288429
-3.11704 0.163357 1 0.52473 0.288429
-3.10422 0.326267 1 0.546663 0.291311
-3.31677 0.173824 1.44 0.527711 0.205616
-3.10422 0.326267 1 0.546663 0.291311
-3.30313 0.347172 1.44 0.549928 0.208565
-3.31677 0.173824 1.44 0.527711 0.205616
-0.6 3.67394e-17 -0 0.491657 0.955251
-0.599178 0.0314016 -0 0.500266 0.955687
-0.8 4.89859e-17 -0 0.492014 0.894139
-0.599178 0.0314016 -0 0.500266 0.955687
-0.798904 0.0418688 -0 0.502967 0.894752
-0.8 4.89859e-17 -0 0.492014 0.894139
-0.8 4.89859e-17 -0 0.492014 0.894139
-0.798904 0.0418688 -0 0.502967 0.894752
-1 6.12323e-17 -0 0.492458 0.833813
-0.798904 0.0418688 -0 0.502967 0.894752
-0.99863 0.052336 -0 0.505375 0.834604
-1 6.12323e-17 -0 0.492458 0.833813
-1 6.12323e-17 -0 0.492458 0.833813
-0.99863 0.052336 -0 0.505375 0.834604
-1.2 7.34788e-17 -0 0.492949 0.776769
-0.99863 0.052336 -0 0.505375 0.834604
-1.19836 0.0628031 -0 0.507454 0.77773
-1.2 7.34788e-17 -0 0.492949 0.776769
-1.2 7.34788e-17 -0 0.492949 0.776769
-1.19836 0.0628031 -0 0.507454 0.77773
-1.4 8.57253e-17 -0 0.493449 0.724593
-1.19836 0.0628031 -0 0.507454 0.77773
-1.39808 0.0732703 -0 0.509211 0.725703
-1.4 8.57253e-17 -0 0.493449 0.724593
-1.4 8.57253e-17 -0 0.493449 0.724593
-1.39808 0.0732703 -0 0.509211 0.725703
-1.6 9.79717e-17 -0 0.493934 0.677906
-1.39808 0.0732703 -0 0.509211 0.725703
-1.59781 0.0837375 -0 0.510678 0.679142
-1.6 9.79717e-17 -0 0.493934 0.677906
-1.6 9.79717e-17 -0 0.493934 0.677906
-1.59781 0.0837375 -0 0.510678 0.679142
-1.8 1.10218e-16 -0 0.49439 0.636665
-1.59781 0.0837375 -0 0.510678 0.679142
-1.79753 0.0942047 -0 0.511897 0.638006
-1.8 1.10218e-16 -0 0.49439 0.636665
-1.8 1.10218e-16 -0 0.49439 0.636665
-1.79753 0.0942047 -0 0.511897 0.638006
-2.32132 1.4214e-16 0.04 0.495664 0.543895
-1.79753 0.0942047 -0 0.511897 0.638006
-2.31814 0.121489 0.04 0.514636 0.545445
-2.32132 1.4214e-16 0.04 0.495664 0.543895
-2.32132 1.4214e-16 0.04 0.495664 0.543895
-2.31814 0.121489 0.04 0.514636 0.545445
-2.52132 1.54386e-16 0.16 0.496746 0.49563
-2.31814 0.121489 0.04 0.514636 0.545445
-2.51786 0.131956 0.16 0.516484 0.497284
-2.52132 1.54386e-16 0.16 0.496746 0.49563
-2.52132 1.54386e-16 0.16 0.496746 0.49563
-2.51786 0.131956 0.16 0.516484 0.497284
-2.72132 1.66633e-16 0.36 0.498291 0.435871
-2.51786 0.131956 0.16 0.516484 0.497284
-2.71759 0.142423 0.36 0.518884 0.437648
-2.72132 1.66633e-16 0.36 0.498291 0.435871
-2.72132 1.66633e-16 0.36 0.498291 0.435871
-2.71759 0.142423 0.36 0.518884 0.437648
-2.92132 1.78879e-16 0.64 0.500295 0.36537
-2.71759 0.142423 0.36 0.518884 0.437648
-2.91732 0.15289 0.64 0.521695 0.36727
-2.92132 1.78879e-16 0.64 0.500295 0.36537
-2.92132 1.78879e-16 0.64 0.500295 0.36537
-2.91732 0.15289 0.64 0.521695 0.36727
-3.12132 1.91126e-16 1 0.502705 0.286421
-2.91732 0.15289 0.64 0.521695 0.36727
-3.11704 0.163357 1 0.52473 0.288429
-3.12132 1.91126e-16 1 0.502705 0.286421
-3.12132 1.91126e-16 1 0.502705 0.286421
-3.11704 0.163357 1 0.52473 0.288429
-3.32132 2.03372e-16 1.44 0.505406 0.203532
-3.11704 0.163357 1 0.52473 0.288429
-3.31677 0.173824 1.44 0.527711 0.205616
-3.32132 2.03372e-16 1.44 0.505406 0.203532
-0.599178 -0.0314016 -0 0.48304 0.955119
-0.6 3.67394e-17 -0 0.491657 0.955251
-0.798904 -0.0418688 -0 0.481047 0.893919
-0.6 3.67394e-17 -0 0.491657 0.955251
-0.8 4.89859e-17 -0 0.492014 0.894139
-0.798904 -0.0418688 -0 0.481047 0.893919
-0.798904 -0.0418688 -0 0.481047 0.893919
-0.8 4.89859e-17 -0 0.492014 0.894139
-0.99863 -0.052336 -0 0.479523 0.833497
-0.8 4.89859e-17 -0 0.492014 0.894139
-1 6.12323e-17 -0 0.492458 0.833813
-0.99863 -0.052336 -0 0.479523 0.833497
-0.99863 -0.052336 -0 0.479523 0.833497
-1 6.12323e-17 -0 0.492458 0.833813
-1.19836 -0.0628031 -0 0.478421 0.776357
-1 6.12323e-17 -0 0.492458 0.833813
-1.2 7.34788e-17 -0 0.492949 0.776769
-1.19836 -0.0628031 -0 0.478421 0.776357
-1.19836 -0.0628031 -0 0.478421 0.776357
-1.2 7.34788e-17 -0 0.492949 0.776769
-1.39808 -0.0732703 -0 0.477662 0.72409
-1.2 7.34788e-17 -0 0.492949 0.776769
-1.4 8.57253e-17 -0 0.493449 0.724593
-1.39808 -0.0732703 -0 0.477662 0.72409
-1.39808 -0.0732703 -0 0.477662 0.72409
-1.4 8.57253e-17 -0 0.493449 0.724593
-1.59781 -0.0837375 -0 0.477164 0.677322
-1.4 8.57253e-17 -0 0.493449 0.724593
-1.6 9.79717e-17 -0 0.493934 0.677906
-1.59781 -0.0837375 -0 0.477164 0.677322
-1.59781 -0.0837375 -0 0.477164 0.677322
-1.6 9.79717e-17 -0 0.493934 0.677906
-1.79753 -0.0942047 -0 0.476856 0.636012
-1.6 9.79717e-17 -0 0.493934 0.677906
-1.8 1.10218e-16 -0 0.49439 0.636665
-1.79753 -0.0942047 -0 0.476856 0.636012
-1.79753 -0.0942047 -0 0.476856 0.636012
-1.8 1.10218e-16 -0 0.49439 0.636665
-2.31814 -0.121489 0.04 0.476666 0.543101
-1.8 1.10218e-16 -0 0.49439 0.636665
-2.32132 1.4214e-16 0.04 0.495664 0.543895
-2.31814 -0.121489 0.04 0.476666 0.543101
-2.31814 -0.121489 0.04 0.476666 0.543101
-2.32132 1.4214e-16 0.04 0.495664 0.543895
-2.51786 -0.131956 0.16 0.476978 0.494771
-2.32132 1.4214e-16 0.04 0.495664 0.543895
-2.52132 1.54386e-16 0.16 0.496746 0.49563
-2.51786 -0.131956 0.16 0.476978 0.494771
-2.51786 -0.131956 0.16 0.476978 0.494771
-2.52132 1.54386e-16 0.16 0.496746 0.49563
-2.71759 -0.142423 0.36 0.47767 0.434937
-2.52132 1.54386e-16 0.16 0.496746 0.49563
-2.72132 1.66633e-16 0.36 0.498291 0.435871
-2.71759 -0.142423 0.36 0.47767 0.434937
-2.71759 -0.142423 0.36 0.47767 0.434937
-2.72132 1.66633e-16 0.36 0.498291 0.435871
-2.91732 -0.15289 0.64 0.478862 0.36434
-2.72132 1.66633e-16 0.36 0.498291 0.435871
-2.92132 1.78879e-16 0.64 0.500295 0.36537
-2.91732 -0.15289 0.64 0.478862 0.36434
-2.91732 -0.15289 0.64 0.478862 0.36434
-2.92132 1.78879e-16 0.64 0.500295 0.36537
-3.11704 -0.163357 1 0.480648 0.285292
-2.92132 1.78879e-16 0.64 0.500295 0.36537
-3.12132 1.91126e-16 1 0.502705 0.286421
-3.11704 -0.163357 1 0.480648 0.285292
-3.11704 -0.163357 1 0.480648 0.285292
-3.12132 1.91126e-16 1 0.502705 0.286421
-3.31677 -0.173824 1.44 0.483069 0.202322
-3.12132 1.91126e-16 1 0.502705 0.286421
-3.32132 2.03372e-16 1.44 0.505406 0.203532
-3.31677 -0.173824 1.44 0.483069 0.202322
-0.596713 -0.0627171 -0 0.474441 0.955293
-0.599178 -0.0314016 -0 0.48304 0.955119
-0.795618 -0.0836228 -0 0.470102 0.894094
-0.599178 -0.0314016 -0 0.48304 0.955119
-0.798904 -0.0418688 -0 0.481047 0.893919
-0.795618 -0.0836228 -0 0.470102 0.894094
-0.795618 -0.0836228 -0 0.470102 0.894094
-0.798904 -0.0418688 -0 0.481047 0.893919
-0.994522 -0.104528 -0 0.466609 0.833659
-0.798904 -0.0418688 -0 0.481047 0.893919
-0.99863 -0.052336 -0 0.479523 0.833497
-0.994522 -0.104528 -0 0.466609 0.833659
-0.994522 -0.104528 -0 0.466609 0.833659
-0.99863 -0.052336 -0 0.479523 0.833497
-1.19343 -0.125434 -0 0.463916 0.776496
-0.99863 -0.052336 -0 0.479523 0.833497
-1.19836 -0.0628031 -0 0.478421 0.776357
-1.19343 -0.125434 -0 0.463916 0.776496
-1.19343 -0.125434 -0 0.463916 0.776496
-1.19836 -0.0628031 -0 0.478421 0.776357
-1.39233 -0.14634 -0 0.461899 0.724197
-1.19836 -0.0628031 -0 0.478421 0.776357
-1.39808 -0.0732703 -0 0.477662 0.72409
-1.39233 -0.14634 -0 0.461899 0.724197
-1.39233 -0.14634 -0 0.461899 0.724197
-1.39808 -0.0732703 -0 0.477662 0.72409
-1.59124 -0.167246 -0 0.460419 0.677394
-1.39808 -0.0732703 -0 0.477662 0.72409
-1.59781 -0.0837375 -0 0.477164 0.677322
-1.59124 -0.167246 -0 0.460419 0.677394
-1.59124 -0.167246 -0 0.460419 0.677394
-1.59781 -0.0837375 -0 0.477164 0.677322
-1.79014 -0.188151 -0 0.45935 0.63605
-1.59781 -0.0837375 -0 0.477164 0.677322
-1.79753 -0.0942047 -0 0.476856 0.636012
-1.79014 -0.188151 -0 0.45935 0.63605
-1.79014 -0.188151 -0 0.45935 0.63605
-1.79753 -0.0942047 -0 0.476856 0.636012
-2.3086 -0.242644 0.04 0.457707 0.543068
-1.79753 -0.0942047 -0 0.476856 0.636012
-2.31814 -0.121489 0.04 0.476666 0.543101
-2.3086 -0.242644 0.04 0.457707 0.543068
-2.3086 -0.242644 0.04 0.457707 0.543068
-2.31814 -0.121489 0.04 0.476666 0.543101
-2.50751 -0.26355 0.16 0.457249 0.494715
-2.31814 -0.121489 0.04 0.476666 0.543101
-2.51786 -0.131956 0.16 0.476978 0.494771
-2.50751 -0.26355 0.16 0.457249 0.494715
-2.50751 -0.26355 0.16 0.457249 0.494715
-2.51786 -0.131956 0.16 0.476978 0.494771
-2.70641 -0.284455 0.36 0.457086 0.434848
-2.51786 -0.131956 0.16 0.476978 0.494771
-2.71759 -0.142423 0.36 0.47767 0.434937
-2.70641 -0.284455 0.36 0.457086 0.434848
-2.70641 -0.284455 0.36 0.457086 0.434848
-2.71759 -0.142423 0.36 0.47767 0.434937
-2.90532 -0.305361 0.64 0.457459 0.364182
-2.71759 -0.142423 0.36 0.47767 0.434937
-2.91732 -0.15289 0.64 0.478862 0.36434
-2.90532 -0.305361 0.64 0.457459 0.364182
-2.90532 -0.305361 0.64 0.457459 0.364182
-2.91732 -0.15289 0.64 0.478862 0.36434
-3.10422 -0.326267 1 0.458614 0.285048
-2.91732 -0.15289 0.64 0.478862 0.36434
-3.11704 -0.163357 1 0.480648 0.285292
-3.10422 -0.326267 1 0.458614 0.285048
-3.10422 -0.326267 1 0.458614 0.285048
-3.11704 -0.163357 1 0.480648 0.285292
-3.30313 -0.347172 1.44 0.460755 0.201988
-3.11704 -0.163357 1 0.480648 0.285292
-3.31677 -0.173824 1.44 0.483069 0.202322
-3.30313 -0.347172 1.44 0.460755 0.201988
-0.592613 -0.0938607 -0 0.465886 0.955772
-0.596713 -0.0627171 -0 0.474441 0.955293
-0.790151 -0.125148 -0 0.45921 0.894663
-0.596713 -0.0627171 -0 0.474441 0.955293
-0.795618 -0.0836228 -0 0.470102 0.894094
-0.790151 -0.125148 -0 0.45921 0.894663
-0.790151 -0.125148 -0 0.45921 0.894663
-0.795618 -0.0836228 -0 0.470102 0.894094
-0.987688 -0.156434 -0 0.453759 0.8343
-0.795618 -0.0836228 -0 0.470102 0.894094
-0.994522 -0.104528 -0 0.466609 0.833659
-0.987688 -0.156434 -0 0.453759 0.8343
-0.987688 -0.156434 -0 0.453759 0.8343
-0.994522 -0.104528 -0 0.466609 0.833659
-1.18523 -0.187721 -0 0.449481 0.777186
-0.994522 -0.104528 -0 0.466609 0.833659
-1.19343 -0.125434 -0 0.463916 0.776496
-1.18523 -0.187721 -0 0.449481 0.777186
-1.18523 -0.187721 -0 0.449481 0.777186
-1.19343 -0.125434 -0 0.463916 0.776496
-1.38276 -0.219008 -0 0.44621 0.724915
-1.19343 -0.125434 -0 0.463916 0.776496
-1.39233 -0.14634 -0 0.461899 0.724197
-1.38276 -0.219008 -0 0.44621 0.724915
-1.38276 -0.219008 -0 0.44621 0.724915
-1.39233 -0.14634 -0 0.461899 0.724197
-1.5803 -0.250295 -0 0.443753 0.678124
-1.39233 -0.14634 -0 0.461899 0.724197
-1.59124 -0.167246 -0 0.460419 0.677394
-1.5803 -0.250295 -0 0.443753 0.678124
-1.5803 -0.250295 -0 0.443753 0.678124
-1.59124 -0.167246 -0 0.460419 0.677394
-1.77784 -0.281582 -0 0.441926 0.636784
-1.59124 -0.167246 -0 0.460419 0.677394
-1.79014 -0.188151 -0 0.45935 0.63605
-1.77784 -0.281582 -0 0.441926 0.636784
-1.77784 -0.281582 -0 0.441926 0.636784
-1.79014 -0.188151 -0 0.45935 0.63605
-2.29274 -0.363135 0.04 0.438843 0.543801
-1.79014 -0.188151 -0 0.45935 0.63605
-2.3086 -0.242644 0.04 0.457707 0.543068
-2.29274 -0.363135 0.04 0.438843 0.543801
-2.29274 -0.363135 0.04 0.438843 0.543801
-2.3086 -0.242644 0.04 0.457707 0.543068
-2.49028 -0.394421 0.16 0.437621 0.495461
-2.3086 -0.242644 0.04 0.457707 0.543068
-2.50751 -0.26355 0.16 0.457249 0.494715
-2.49028 -0.394421 0.16 0.437621 0.495461
-2.49028 -0.394421 0.16 0.437621 0.495461
-2.50751 -0.26355 0.16 0.457249 0.494715
-2.68782 -0.425708 0.36 0.436598 0.435598
-2.50751 -0.26355 0.16 0.457249 0.494715
-2.70641 -0.284455 0.36 0.457086 0.434848
-2.68782 -0.425708 0.36 0.436598 0.435598
-2.68782 -0.425708 0.36 0.436598 0.435598
-2.70641 -0.284455 0.36 0.457086 0.434848
-2.88535 -0.456995 0.64 0.436143 0.364894
-2.70641 -0.284455 0.36 0.457086 0.434848
-2.90532 -0.305361 0.64 0.457459 0.364182
-2.88535 -0.456995 0.64 0.436143 0.364894
-2.88535 -0.456995 0.64 0.436143 0.364894
-2.90532 -0.305361 0.64 0.457459 0.364182
-3.08289 -0.488282 1 0.436663 0.285688
-2.90532 -0.305361 0.64 0.457459 0.364182
-3.10422 -0.326267 1 0.458614 0.285048
-3.08289 -0.488282 1 0.436663 0.285688
-3.08289 -0.488282 1 0.436663 0.285688
-3.10422 -0.326267 1 0.458614 0.285048
-3.28043 -0.519569 1.44 0.438517 0.202535
-3.10422 -0.326267 1 0.458614 0.285048
-3.30313 -0.347172 1.44 0.460755 0.201988
-3.28043 -0.519569 1.44 0.438517 0.202535
-0.586889 -0.124747 -0 0.4574 0.956558
-0.592613 -0.0938607 -0 0.465886 0.955772
-0.782518 -0.166329 -0 0.448408 0.895626
-0.592613 -0.0938607 -0 0.465886 0.955772
-0.790151 -0.125148 -0 0.45921 0.894663
-0.782518 -0.166329 -0 0.448408 0.895626
-0.782518 -0.166329 -0 0.448408 0.895626
-0.790151 -0.125148 -0 0.45921 0.894663
-0.978148 -0.207912 -0 0.441013 0.835418
-0.790151 -0.125148 -0 0.45921 0.894663
-0.987688 -0.156434 -0 0.453759 0.8343
-0.978148 -0.207912 -0 0.441013 0.835418
-0.978148 -0.207912 -0 0.441013 0.835418
-0.987688 -0.156434 -0 0.453759 0.8343
-1.17378 -0.249494 -0 0.43516 0.778427
-0.987688 -0.156434 -0 0.453759 0.8343
-1.18523 -0.187721 -0 0.449481 0.777186
-1.17378 -0.249494 -0 0.43516 0.778427
-1.17378 -0.249494 -0 0.43516 0.778427
-1.18523 -0.187721 -0 0.449481 0.777186
-1.36941 -0.291076 -0 0.430644 0.726245
-1.18523 -0.187721 -0 0.449481 0.777186
-1.38276 -0.219008 -0 0.44621 0.724915
-1.36941 -0.291076 -0 0.430644 0.726245
-1.36941 -0.291076 -0 0.430644 0.726245
-1.38276 -0.219008 -0 0.44621 0.724915
-1.56504 -0.332659 -0 0.427215 0.679515
-1.38276 -0.219008 -0 0.44621 0.724915
-1.5803 -0.250295 -0 0.443753 0.678124
-1.56504 -0.332659 -0 0.427215 0.679515
-1.56504 -0.332659 -0 0.427215 0.679515
-1.5803 -0.250295 -0 0.443753 0.678124
-1.76067 -0.374241 -0 0.424636 0.638217
-1.5803 -0.250295 -0 0.443753 0.678124
-1.77784 -0.281582 -0 0.441926 0.636784
-1.76067 -0.374241 -0 0.424636 0.638217
-1.76067 -0.374241 -0 0.424636 0.638217
-1.77784 -0.281582 -0 0.441926 0.636784
-2.27059 -0.48263 0.04 0.420122 0.545305
-1.77784 -0.281582 -0 0.441926 0.636784
-2.29274 -0.363135 0.04 0.438843 0.543801
-2.27059 -0.48263 0.04 0.420122 0.545305
-2.27059 -0.48263 0.04 0.420122 0.545305
-2.29274 -0.363135 0.04 0.438843 0.543801
-2.46622 -0.524212 0.16 0.418141 0.497009
-2.29274 -0.363135 0.04 0.438843 0.543801
-2.49028 -0.394421 0.16 0.437621 0.495461
-2.46622 -0.524212 0.16 0.418141 0.497009
-2.46622 -0.524212 0.16 0.418141 0.497009
-2.49028 -0.394421 0.16 0.437621 0.495461
-2.66185 -0.565794 0.36 0.416257 0.437181
-2.49028 -0.394421 0.16 0.437621 0.495461
-2.68782 -0.425708 0.36 0.436598 0.435598
-2.66185 -0.565794 0.36 0.416257 0.437181
-2.66185 -0.565794 0.36 0.416257 0.437181
-2.68782 -0.425708 0.36 0.436598 0.435598
-2.85748 -0.607377 0.64 0.414971 0.366472
-2.68782 -0.425708 0.36 0.436598 0.435598
-2.88535 -0.456995 0.64 0.436143 0.364894
-2.85748 -0.607377 0.64 0.414971 0.366472
-2.85748 -0.607377 0.64 0.414971 0.366472
-2.88535 -0.456995 0.64 0.436143 0.364894
-3.05311 -0.648959 1 0.414849 0.287212
-2.88535 -0.456995 0.64 0.436143 0.364894
-3.08289 -0.488282 1 0.436663 0.285688
-3.05311 -0.648959 1 0.414849 0.287212
-3.05311 -0.648959 1 0.414849 0.287212
-3.08289 -0.488282 1 0.436663 0.285688
-3.24874 -0.690541 1.44 0.416413 0.203961
-3.08289 -0.488282 1 0.436663 0.285688
-3.28043 -0.519569 1.44 0.438517 0.202535
-3.24874 -0.690541 1.44 0.416413 0.203961
-0.579556 -0.155291 -0 0.44901 0.957648
-0.586889 -0.124747 -0 0.4574 0.956558
-0.772741 -0.207055 -0 0.437729 0.896981
-0.586889 -0.124747 -0 0.4574 0.956558
-0.782518 -0.166329 -0 0.448408 0.895626
-0.772741 -0.207055 -0 0.437729 0.896981
-0.772741 -0.207055 -0 0.437729 0.896981
-0.782518 -0.166329 -0 0.448408 0.895626
-0.965926 -0.258819 -0 0.428411 0.837012
-0.782518 -0.166329 -0 0.448408 0.895626
-0.978148 -0.207912 -0 0.441013 0.835418
-0.965926 -0.258819 -0 0.428411 0.837012
-0.965926 -0.258819 -0 0.428411 0.837012
-0.978148 -0.207912 -0 0.441013 0.835418
-1.15911 -0.310583 -0 0.420998 0.780218
-0.978148 -0.207912 -0 0.441013 0.835418
-1.17378 -0.249494 -0 0.43516 0.778427
-1.15911 -0.310583 -0 0.420998 0.780218
-1.15911 -0.310583 -0 0.420998 0.780218
-1.17378 -0.249494 -0 0.43516 0.778427
-1.3523 -0.362347 -0 0.415249 0.728185
-1.17378 -0.249494 -0 0.43516 0.778427
-1.36941 -0.291076 -0 0.430644 0.726245
-1.3523 -0.362347 -0 0.415249 0.728185
-1.3523 -0.362347 -0 0.415249 0.728185
-1.36941 -0.291076 -0 0.430644 0.726245
-1.54548 -0.41411 -0 0.410856 0.681566
-1.36941 -0.291076 -0 0.430644 0.726245
-1.56504 -0.332659 -0 0.427215 0.679515
-1.54548 -0.41411 -0 0.410856 0.681566
-1.54548 -0.41411 -0 0.410856 0.681566
-1.56504 -0.332659 -0 0.427215 0.679515
-1.73867 -0.465874 -0 0.40753 0.640348
-1.56504 -0.332659 -0 0.427215 0.679515
-1.76067 -0.374241 -0 0.424636 0.638217
-1.73867 -0.465874 -0 0.40753 0.640348
-1.73867 -0.465874 -0 0.40753 0.640348
-1.76067 -0.374241 -0 0.424636 0.638217
-2.24222 -0.600802 0.04 0.401591 0.547578
-1.76067 -0.374241 -0 0.424636 0.638217
-2.27059 -0.48263 0.04 0.420122 0.545305
-2.24222 -0.600802 0.04 0.401591 0.547578
-2.24222 -0.600802 0.04 0.401591 0.547578
-2.27059 -0.48263 0.04 0.420122 0.545305
-2.43541 -0.652566 0.16 0.398855 0.499353
-2.27059 -0.48263 0.04 0.420122 0.545305
-2.46622 -0.524212 0.16 0.418141 0.497009
-2.43541 -0.652566 0.16 0.398855 0.499353
-2.43541 -0.652566 0.16 0.398855 0.499353
-2.46622 -0.524212 0.16 0.418141 0.497009
-2.62859 -0.70433 0.36 0.396114 0.439592
-2.46622 -0.524212 0.16 0.418141 0.497009
-2.66185 -0.565794 0.36 0.416257 0.437181
-2.62859 -0.70433 0.36 0.396114 0.439592
-2.62859 -0.70433 0.36 0.396114 0.439592
-2.66185 -0.565794 0.36 0.416257 0.437181
-2.82178 -0.756093 0.64 0.393996 0.36891
-2.66185 -0.565794 0.36 0.416257 0.437181
-2.85748 -0.607377 0.64 0.414971 0.366472
-2.82178 -0.756093 0.64 0.393996 0.36891
-2.82178 -0.756093 0.64 0.393996 0.36891
-2.85748 -0.607377 0.64 0.414971 0.366472
-3.01496 -0.807857 1 0.393228 0.289615
-2.85748 -0.607377 0.64 0.414971 0.366472
-3.05311 -0.648959 1 0.414849 0.287212
-3.01496 -0.807857 1 0.393228 0.289615
-3.01496 -0.807857 1 0.393228 0.289615
-3.05311 -0.648959 1 0.414849 0.287212
-3.20815 -0.859621 1.44 0.394496 0.206266
-3.05311 -0.648959 1 0.414849 0.287212
-3.24874 -0.690541 1.44 0.416413 0.203961
-3.20815 -0.859621 1.44 0.394496 0.206266
-0.579556 -0.155291 -0 0.44901 0.957648
-0.772741 -0.207055 -0 0.437729 0.896981
-0.760845 -0.247214 -0 0.427205 0.898727
-0.760845 -0.247214 -0 0.427205 0.898727
-0.772741 -0.207055 -0 0.437729 0.896981
-0.951057 -0.309017 -0 0.415992 0.839077
-0.772741 -0.207055 -0 0.437729 0.896981
-0.965926 -0.258819 -0 0.428411 0.837012
-0.951057 -0.309017 -0 0.415992 0.839077
-0.951057 -0.309017 -0 0.415992 0.839077
-0.965926 -0.258819 -0 0.428411 0.837012
-1.14127 -0.37082 -0 0.40704 0.782554
-0.965926 -0.258819 -0 0.428411 0.837012
-1.15911 -0.310583 -0 0.420998 0.780218
-1.14127 -0.37082 -0 0.40704 0.782554
-1.14127 -0.37082 -0 0.40704 0.782554
-1.15911 -0.310583 -0 0.420998 0.780218
-1.33148 -0.432624 -0 0.400071 0.730733
-1.15911 -0.310583 -0 0.420998 0.780218
-1.3523 -0.362347 -0 0.415249 0.728185
-1.33148 -0.432624 -0 0.400071 0.730733
-1.33148 -0.432624 -0 0.400071 0.730733
-1.3523 -0.362347 -0 0.415249 0.728185
-1.52169 -0.494427 -0 0.394725 0.684272
-1.3523 -0.362347 -0 0.415249 0.728185
-1.54548 -0.41411 -0 0.410856 0.681566
-1.52169 -0.494427 -0 0.394725 0.684272
-1.52169 -0.494427 -0 0.394725 0.684272
-1.54548 -0.41411 -0 0.410856 0.681566
-1.7119 -0.556231 -0 0.390657 0.643174
-1.54548 -0.41411 -0 0.410856 0.681566
-1.73867 -0.465874 -0 0.40753 0.640348
-1.7119 -0.556231 -0 0.390657 0.643174
-1.7119 -0.556231 -0 0.390657 0.643174
-1.73867 -0.465874 -0 0.40753 0.640348
-2.20771 -0.717327 0.04 0.383298 0.550614
-1.73867 -0.465874 -0 0.40753 0.640348
-2.24222 -0.600802 0.04 0.401591 0.547578
-2.20771 -0.717327 0.04 0.383298 0.550614
-2.20771 -0.717327 0.04 0.383298 0.550614
-2.24222 -0.600802 0.04 0.401591 0.547578
-2.39792 -0.779131 0.16 0.379811 0.50249
-2.24222 -0.600802 0.04 0.401591 0.547578
-2.43541 -0.652566 0.16 0.398855 0.499353
-2.39792 -0.779131 0.16 0.379811 0.50249
-2.39792 -0.779131 0.16 0.379811 0.50249
-2.43541 -0.652566 0.16 0.398855 0.499353
-2.58813 -0.840934 0.36 0.376218 0.442827
-2.43541 -0.652566 0.16 0.398855 0.499353
-2.62859 -0.70433 0.36 0.396114 0.439592
-2.58813 -0.840934 0.36 0.376218 0.442827
-2.58813 -0.840934 0.36 0.376218 0.442827
-2.62859 -0.70433 0.36 0.396114 0.439592
-2.77834 -0.902738 0.64 0.373271 0.372202
-2.62859 -0.70433 0.36 0.396114 0.439592
-2.82178 -0.756093 0.64 0.393996 0.36891
-2.77834 -0.902738 0.64 0.373271 0.372202
-2.77834 -0.902738 0.64 0.373271 0.372202
-2.82178 -0.756093 0.64 0.393996 0.36891
-2.96855 -0.964541 1 0.371854 0.292891
-2.82178 -0.756093 0.64 0.393996 0.36891
-3.01496 -0.807857 1 0.393228 0.289615
-2.96855 -0.964541 1 0.371854 0.292891
-2.96855 -0.964541 1 0.371854 0.292891
-3.01496 -0.807857 1 0.393228 0.289615
-3.15876 -1.02634 1.44 0.37282 0.209445
-3.01496 -0.807857 1 0.393228 0.289615
-3.20815 -0.859621 1.44 0.394496 0.206266
-3.15876 -1.02634 1.44 0.37282 0.209445
-0.746864 -0.286694 -0 0.416869 0.900859
-0.760845 -0.247214 -0 0.427205 0.898727
-0.93358 -0.358368 -0 0.403796 0.841609
-0.760845 -0.247214 -0 0.427205 0.898727
-0.951057 -0.309017 -0 0.415992 0.839077
-0.93358 -0.358368 -0 0.403796 0.841609
-0.93358 -0.358368 -0 0.403796 0.841609
-0.951057 -0.309017 -0 0.415992 0.839077
-1.1203 -0.430042 -0 0.39333 0.785428
-0.951057 -0.309017 -0 0.415992 0.839077
-1.14127 -0.37082 -0 0.40704 0.782554
-1.1203 -0.430042 -0 0.39333 0.785428
-1.1203 -0.430042 -0 0.39333 0.785428
-1.14127 -0.37082 -0 0.40704 0.782554
-1.30701 -0.501715 -0 0.385156 0.733881
-1.14127 -0.37082 -0 0.40704 0.782554
-1.33148 -0.432624 -0 0.400071 0.730733
-1.30701 -0.501715 -0 0.385156 0.733881
-1.30701 -0.501715 -0 0.385156 0.733881
-1.33148 -0.432624 -0 0.400071 0.730733
-1.49373 -0.573389 -0 0.378867 0.687631
-1.33148 -0.432624 -0 0.400071 0.730733
-1.52169 -0.494427 -0 0.394725 0.684272
-1.49373 -0.573389 -0 0.378867 0.687631
-1.49373 -0.573389 -0 0.378867 0.687631
-1.52169 -0.494427 -0 0.394725 0.684272
-1.68044 -0.645062 -0 0.374065 0.64669
-1.52169 -0.494427 -0 0.394725 0.684272
-1.7119 -0.556231 -0 0.390657 0.643174
-1.68044 -0.645062 -0 0.374065 0.64669
-1.68044 -0.645062 -0 0.374065 0.64669
-1.7119 -0.556231 -0 0.390657 0.643174
-2.16714 -0.831887 0.04 0.365291 0.554408
-1.7119 -0.556231 -0 0.390657 0.643174
-2.20771 -0.717327 0.04 0.383298 0.550614
-2.16714 -0.831887 0.04 0.365291 0.554408
-2.16714 -0.831887 0.04 0.365291 0.554408
-2.20771 -0.717327 0.04 0.383298 0.550614
-2.35386 -0.90356 0.16 0.361058 0.506414
-2.20771 -0.717327 0.04 0.383298 0.550614
-2.39792 -0.779131 0.16 0.379811 0.50249
-2.35386 -0.90356 0.16 0.361058 0.506414
-2.35386 -0.90356 0.16 0.361058 0.506414
-2.39792 -0.779131 0.16 0.379811 0.50249
-2.54057 -0.975234 0.36 0.35662 0.446878
-2.39792 -0.779131 0.16 0.379811 0.50249
-2.58813 -0.840934 0.36 0.376218 0.442827
-2.54057 -0.975234 0.36 0.35662 0.446878
-2.54057 -0.975234 0.36 0.35662 0.446878
-2.58813 -0.840934 0.36 0.376218 0.442827
-2.72729 -1.04691 0.64 0.352847 0.376339
-2.58813 -0.840934 0.36 0.376218 0.442827
-2.77834 -0.902738 0.64 0.373271 0.372202
-2.72729 -1.04691 0.64 0.352847 0.376339
-2.72729 -1.04691 0.64 0.352847 0.376339
-2.77834 -0.902738 0.64 0.373271 0.372202
-2.914 -1.11858 1 0.350781 0.297035
-2.77834 -0.902738 0.64 0.373271 0.372202
-2.96855 -0.964541 1 0.371854 0.292891
-2.914 -1.11858 1 0.350781 0.297035
-2.914 -1.11858 1 0.350781 0.297035
-2.96855 -0.964541 1 0.371854 0.292891
-3.10072 -1.19025 1.44 0.351439 0.213491
-2.96855 -0.964541 1 0.371854 0.292891
-3.15876 -1.02634 1.44 0.37282 0.209445
-3.10072 -1.19025 1.44 0.351439 0.213491
-0.730836 -0.325389 -0 0.406752 0.903373
-0.746864 -0.286694 -0 0.416869 0.900859
-0.913545 -0.406737 -0 0.391859 0.844602
-0.746864 -0.286694 -0 0.416869 0.900859
-0.93358 -0.358368 -0 0.403796 0.841609
-0.913545 -0.406737 -0 0.391859 0.844602
-0.913545 -0.406737 -0 0.391859 0.844602
-0.93358 -0.358368 -0 0.403796 0.841609
-1.09625 -0.488084 -0 0.379908 0.788834
-0.93358 -0.358368 -0 0.403796 0.841609
-1.1203 -0.430042 -0 0.39333 0.785428
-1.09625 -0.488084 -0 0.379908 0.788834
-1.09625 -0.488084 -0 0.379908 0.788834
-1.1203 -0.430042 -0 0.39333 0.785428
-1.27896 -0.569431 -0 0.370551 0.737621
-1.1203 -0.430042 -0 0.39333 0.785428
-1.30701 -0.501715 -0 0.385156 0.733881
-1.27896 -0.569431 -0 0.370551 0.737621
-1.27896 -0.569431 -0 0.370551 0.737621
-1.30701 -0.501715 -0 0.385156 0.733881
-1.46167 -0.650779 -0 0.36333 0.691631
-1.30701 -0.501715 -0 0.385156 0.733881
-1.49373 -0.573389 -0 0.378867 0.687631
-1.46167 -0.650779 -0 0.36333 0.691631
-1.46167 -0.650779 -0 0.36333 0.691631
-1.49373 -0.573389 -0 0.378867 0.687631
-1.64438 -0.732126 -0 0.357799 0.650888
-1.49373 -0.573389 -0 0.378867 0.687631
-1.68044 -0.645062 -0 0.374065 0.64669
-1.64438 -0.732126 -0 0.357799 0.650888
-1.64438 -0.732126 -0 0.357799 0.650888
-1.68044 -0.645062 -0 0.374065 0.64669
-2.12063 -0.944166 0.04 0.347614 0.558951
-1.68044 -0.645062 -0 0.374065 0.64669
-2.16714 -0.831887 0.04 0.365291 0.554408
-2.12063 -0.944166 0.04 0.347614 0.558951
-2.12063 -0.944166 0.04 0.347614 0.558951
-2.16714 -0.831887 0.04 0.365291 0.554408
-2.30334 -1.02551 0.16 0.342642 0.511114
-2.16714 -0.831887 0.04 0.365291 0.554408
-2.35386 -0.90356 0.16 0.361058 0.506414
-2.30334 -1.02551 0.16 0.342642 0.511114
-2.30334 -1.02551 0.16 0.342642 0.511114
-2.35386 -0.90356 0.16 0.361058 0.506414
-2.48605 -1.10686 0.36 0.337367 0.451737
-2.35386 -0.90356 0.16 0.361058 0.506414
-2.54057 -0.975234 0.36 0.35662 0.446878
-2.48605 -1.10686 0.36 0.337367 0.451737
-2.48605 -1.10686 0.36 0.337367 0.451737
-2.54057 -0.975234 0.36 0.35662 0.446878
-2.66876 -1.18821 0.64 0.332775 0.381314
-2.54057 -0.975234 0.36 0.35662 0.446878
-2.72729 -1.04691 0.64 0.352847 0.376339
-2.66876 -1.18821 0.64 0.332775 0.381314
-2.66876 -1.18821 0.64 0.332775 0.381314
-2.72729 -1.04691 0.64 0.352847 0.376339
-2.85147 -1.26956 1 0.330063 0.302038
-2.72729 -1.04691 0.64 0.352847 0.376339
-2.914 -1.11858 1 0.350781 0.297035
-2.85147 -1.26956 1 0.330063 0.302038
-2.85147 -1.26956 1 0.330063 0.302038
-2.914 -1.11858 1 0.350781 0.297035
-3.03418 -1.3509 1.44 0.330405 0.218396
-2.914 -1.11858 1 0.350781 0.297035
-3.10072 -1.19025 1.44 0.351439 0.213491
-3.03418 -1.3509 1.44 0.330405 0.218396
-0.730836 -0.325389 -0 0.406752 0.903373
-0.913545 -0.406737 -0 0.391859 0.844602
-0.891007 -0.453991 -0 0.380218 0.848048
-0.891007 -0.453991 -0 0.380218 0.848048
-0.913545 -0.406737 -0 0.391859 0.844602
-1.06921 -0.544789 -0 0.366817 0.792762
-0.913545 -0.406737 -0 0.391859 0.844602
-1.09625 -0.488084 -0 0.379908 0.788834
-1.06921 -0.544789 -0 0.366817 0.792762
-1.06921 -0.544789 -0 0.366817 0.792762
-1.09625 -0.488084 -0 0.379908 0.788834
-1.24741 -0.635587 -0 0.356298 0.741944
-1.09625 -0.488084 -0 0.379908 0.788834
-1.27896 -0.569431 -0 0.370551 0.737621
-1.24741 -0.635587 -0 0.356298 0.741944
-1.24741 -0.635587 -0 0.356298 0.741944
-1.27896 -0.569431 -0 0.370551 0.737621
-1.42561 -0.726385 -0 0.348159 0.696263
-1.27896 -0.569431 -0 0.370551 0.737621
-1.46167 -0.650779 -0 0.36333 0.691631
-1.42561 -0.726385 -0 0.348159 0.696263
-1.42561 -0.726385 -0 0.348159 0.696263
-1.46167 -0.650779 -0 0.36333 0.691631
-1.60381 -0.817183 -0 0.341905 0.655756
-1.46167 -0.650779 -0 0.36333 0.691631
-1.64438 -0.732126 -0 0.357799 0.650888
-1.60381 -0.817183 -0 0.341905 0.655756
-1.60381 -0.817183 -0 0.341905 0.655756
-1.64438 -0.732126 -0 0.357799 0.650888
-2.06831 -1.05386 0.04 0.330316 0.564233
-1.64438 -0.732126 -0 0.357799 0.650888
-2.12063 -0.944166 0.04 0.347614 0.558951
-2.06831 -1.05386 0.04 0.330316 0.564233
-2.06831 -1.05386 0.04 0.330316 0.564233
-2.12063 -0.944166 0.04 0.347614 0.558951
-2.24651 -1.14466 0.16 0.324612 0.516583
-2.12063 -0.944166 0.04 0.347614 0.558951
-2.30334 -1.02551 0.16 0.342642 0.511114
-2.24651 -1.14466 0.16 0.324612 0.516583
-2.24651 -1.14466 0.16 0.324612 0.516583
-2.30334 -1.02551 0.16 0.342642 0.511114
-2.42471 -1.23545 0.36 0.318509 0.457394
-2.30334 -1.02551 0.16 0.342642 0.511114
-2.48605 -1.10686 0.36 0.337367 0.451737
-2.42471 -1.23545 0.36 0.318509 0.457394
-2.42471 -1.23545 0.36 0.318509 0.457394
-2.48605 -1.10686 0.36 0.337367 0.451737
-2.60292 -1.32625 0.64 0.313107 0.387116
-2.48605 -1.10686 0.36 0.337367 0.451737
-2.66876 -1.18821 0.64 0.332775 0.381314
-2.60292 -1.32625 0.64 0.313107 0.387116
-2.60292 -1.32625 0.64 0.313107 0.387116
-2.66876 -1.18821 0.64 0.332775 0.381314
-2.78112 -1.41705 1 0.309752 0.30789
-2.66876 -1.18821 0.64 0.332775 0.381314
-2.85147 -1.26956 1 0.330063 0.302038
-2.78112 -1.41705 1 0.309752 0.30789
-2.78112 -1.41705 1 0.309752 0.30789
-2.85147 -1.26956 1 0.330063 0.302038
-2.95932 -1.50785 1.44 0.309767 0.224147
-2.85147 -1.26956 1 0.330063 0.302038
-3.03418 -1.3509 1.44 0.330405 0.218396
-2.95932 -1.50785 1.44 0.309767 0.224147
-2.24651 -1.14466 0.16 0.324612 0.516583
-2.42471 -1.23545 0.36 0.318509 0.457394
-2.35673 -1.36066 0.36 0.300096 0.463838
-2.35673 -1.36066 0.36 0.300096 0.463838
-2.42471 -1.23545 0.36 0.318509 0.457394
-2.52994 -1.46066 0.64 0.293895 0.393736
-2.42471 -1.23545 0.36 0.318509 0.457394
-2.60292 -1.32625 0.64 0.313107 0.387116
-2.52994 -1.46066 0.64 0.293895 0.393736
-2.52994 -1.46066 0.64 0.293895 0.393736
-2.60292 -1.32625 0.64 0.313107 0.387116
-2.70314 -1.56066 1 0.2899 0.314579
-2.60292 -1.32625 0.64 0.313107 0.387116
-2.78112 -1.41705 1 0.309752 0.30789
-2.70314 -1.56066 1 0.2899 0.314579
-2.70314 -1.56066 1 0.2899 0.314579
-2.78112 -1.41705 1 0.309752 0.30789
-2.87635 -1.66066 1.44 0.289572 0.230728
-2.78112 -1.41705 1 0.309752 0.30789
-2.95932 -1.50785 1.44 0.309767 0.224147
-2.87635 -1.66066 1.44 0.289572 0.230728
