2.52994 -1.46066 0.64 0.709541 0.41693
2.45003 -1.59107 0.64 0.728119 0.423126
2.70314 -1.56066 1 0.715034 0.342689
2.45003 -1.59107 0.64 0.728119 0.423126
2.61776 -1.69999 1 0.734384 0.348387
2.70314 -1.56066 1 0.715034 0.342689
2.70314 -1.56066 1 0.715034 0.342689
2.61776 -1.69999 1 0.734384 0.348387
2.87635 -1.66066 1.44 0.717798 0.261264
2.61776 -1.69999 1 0.734384 0.348387
2.78549 -1.80892 1.44 0.737645 0.26635
2.87635 -1.66066 1.44 0.717798 0.261264
1.42561 -0.726385 -0 0.664006 0.699177
1.38564 -0.8 -0 0.678517 0.70544
1.60381 -0.817183 -0 0.667899 0.659011
1.38564 -0.8 -0 0.678517 0.70544
1.55885 -0.9 -0 0.683017 0.665325
1.60381 -0.817183 -0 0.667899 0.659011
1.60381 -0.817183 -0 0.667899 0.659011
1.55885 -0.9 -0 0.683017 0.665325
2.06831 -1.05386 0.04 0.674688 0.572176
1.55885 -0.9 -0 0.683017 0.665325
2.01032 -1.16066 0.04 0.690971 0.578323
2.06831 -1.05386 0.04 0.674688 0.572176
2.06831 -1.05386 0.04 0.674688 0.572176
2.01032 -1.16066 0.04 0.690971 0.578323
2.24651 -1.14466 0.16 0.679366 0.528908
2.01032 -1.16066 0.04 0.690971 0.578323
2.18353 -1.26066 0.16 0.696344 0.534914
2.24651 -1.14466 0.16 0.679366 0.528908
2.24651 -1.14466 0.16 0.679366 0.528908
2.18353 -1.26066 0.16 0.696344 0.534914
2.42471 -1.23545 0.36 0.685056 0.475476
2.18353 -1.26066 0.16 0.696344 0.534914
2.35673 -1.36066 0.36 0.70287 0.481251
2.42471 -1.23545 0.36 0.685056 0.475476
2.42471 -1.23545 0.36 0.685056 0.475476
2.35673 -1.36066 0.36 0.70287 0.481251
2.60292 -1.32625 0.64 0.69085 0.411516
2.35673 -1.36066 0.36 0.70287 0.481251
2.52994 -1.46066 0.64 0.709541 0.41693
2.60292 -1.32625 0.64 0.69085 0.411516
2.60292 -1.32625 0.64 0.69085 0.411516
2.52994 -1.46066 0.64 0.709541 0.41693
2.78112 -1.41705 1 0.695569 0.337769
2.52994 -1.46066 0.64 0.709541 0.41693
2.70314 -1.56066 1 0.715034 0.342689
2.78112 -1.41705 1 0.695569 0.337769
2.78112 -1.41705 1 0.695569 0.337769
2.70314 -1.56066 1 0.715034 0.342689
2.95932 -1.50785 1.44 0.697828 0.256931
2.70314 -1.56066 1 0.715034 0.342689
2.87635 -1.66066 1.44 0.717798 0.261264
2.95932 -1.50785 1.44 0.697828 0.256931
1.09625 -0.488084 -0 0.637487 0.794094
1.06921 -0.544789 -0 0.650411 0.799242
1.27896 -0.569431 -0 0.644461 0.740319
1.06921 -0.544789 -0 0.650411 0.799242
1.24741 -0.635587 -0 0.658403 0.745763
1.27896 -0.569431 -0 0.644461 0.740319
1.27896 -0.569431 -0 0.644461 0.740319
1.24741 -0.635587 -0 0.658403 0.745763
1.46167 -0.650779 -0 0.649295 0.6936
1.24741 -0.635587 -0 0.658403 0.745763
1.42561 -0.726385 -0 0.664006 0.699177
1.46167 -0.650779 -0 0.649295 0.6936
1.46167 -0.650779 -0 0.649295 0.6936
1.42561 -0.726385 -0 0.664006 0.699177
1.64438 -0.732126 -0 0.652608 0.653412
1.42561 -0.726385 -0 0.664006 0.699177
1.60381 -0.817183 -0 0.667899 0.659011
1.64438 -0.732126 -0 0.652608 0.653412
1.64438 -0.732126 -0 0.652608 0.653412
1.60381 -0.817183 -0 0.667899 0.659011
2.12063 -0.944166 0.04 0.658296 0.566777
1.60381 -0.817183 -0 0.667899 0.659011
2.06831 -1.05386 0.04 0.674688 0.572176
2.12063 -0.944166 0.04 0.658296 0.566777
2.12063 -0.944166 0.04 0.658296 0.566777
2.06831 -1.05386 0.04 0.674688 0.572176
2.30334 -1.02551 0.16 0.662298 0.523657
2.06831 -1.05386 0.04 0.674688 0.572176
2.24651 -1.14466 0.16 0.679366 0.528908
2.30334 -1.02551 0.16 0.662298 0.523657
2.30334 -1.02551 0.16 0.662298 0.523657
2.24651 -1.14466 0.16 0.679366 0.528908
2.48605 -1.10686 0.36 0.667167 0.470463
2.24651 -1.14466 0.16 0.679366 0.528908
2.42471 -1.23545 0.36 0.685056 0.475476
2.48605 -1.10686 0.36 0.667167 0.470463
2.48605 -1.10686 0.36 0.667167 0.470463
2.42471 -1.23545 0.36 0.685056 0.475476
2.66876 -1.18821 0.64 0.672094 0.406861
2.42471 -1.23545 0.36 0.685056 0.475476
2.60292 -1.32625 0.64 0.69085 0.411516
2.66876 -1.18821 0.64 0.672094 0.406861
2.66876 -1.18821 0.64 0.672094 0.406861
2.60292 -1.32625 0.64 0.69085 0.411516
2.85147 -1.26956 1 0.676038 0.333598
2.60292 -1.32625 0.64 0.69085 0.411516
2.78112 -1.41705 1 0.695569 0.337769
2.85147 -1.26956 1 0.676038 0.333598
2.85147 -1.26956 1 0.676038 0.333598
2.78112 -1.41705 1 0.695569 0.337769
3.03418 -1.3509 1.44 0.67778 0.253324
2.78112 -1.41705 1 0.695569 0.337769
2.95932 -1.50785 1.44 0.697828 0.256931
3.03418 -1.3509 1.44 0.67778 0.253324
0.746864 -0.286694 -0 0.603858 0.917209
0.730836 -0.325389 -0 0.614003 0.920705
0.93358 -0.358368 -0 0.615775 0.850601
0.730836 -0.325389 -0 0.614003 0.920705
0.913545 -0.406737 -0 0.6276 0.854718
0.93358 -0.358368 -0 0.615775 0.850601
0.93358 -0.358368 -0 0.615775 0.850601
0.913545 -0.406737 -0 0.6276 0.854718
1.1203 -0.430042 -0 0.624352 0.789548
0.913545 -0.406737 -0 0.6276 0.854718
1.09625 -0.488084 -0 0.637487 0.794094
1.1203 -0.430042 -0 0.624352 0.789548
1.1203 -0.430042 -0 0.624352 0.789548
1.09625 -0.488084 -0 0.637487 0.794094
1.30701 -0.501715 -0 0.630331 0.735532
1.09625 -0.488084 -0 0.637487 0.794094
1.27896 -0.569431 -0 0.644461 0.740319
1.30701 -0.501715 -0 0.630331 0.735532
1.30701 -0.501715 -0 0.630331 0.735532
1.27896 -0.569431 -0 0.644461 0.740319
1.49373 -0.573389 -0 0.634421 0.688718
1.27896 -0.569431 -0 0.644461 0.740319
1.46167 -0.650779 -0 0.649295 0.6936
1.49373 -0.573389 -0 0.634421 0.688718
1.49373 -0.573389 -0 0.634421 0.688718
1.46167 -0.650779 -0 0.649295 0.6936
1.68044 -0.645062 -0 0.637182 0.648532
1.46167 -0.650779 -0 0.649295 0.6936
1.64438 -0.732126 -0 0.652608 0.653412
1.68044 -0.645062 -0 0.637182 0.648532
1.68044 -0.645062 -0 0.637182 0.648532
1.64438 -0.732126 -0 0.652608 0.653412
2.16714 -0.831887 0.04 0.641828 0.56212
1.64438 -0.732126 -0 0.652608 0.653412
2.12063 -0.944166 0.04 0.658296 0.566777
2.16714 -0.831887 0.04 0.641828 0.56212
2.16714 -0.831887 0.04 0.641828 0.56212
2.12063 -0.944166 0.04 0.658296 0.566777
2.35386 -0.90356 0.16 0.645175 0.519153
2.12063 -0.944166 0.04 0.658296 0.566777
2.30334 -1.02551 0.16 0.662298 0.523657
2.35386 -0.90356 0.16 0.645175 0.519153
2.35386 -0.90356 0.16 0.645175 0.519153
2.30334 -1.02551 0.16 0.662298 0.523657
2.54057 -0.975234 0.36 0.649241 0.466194
2.30334 -1.02551 0.16 0.662298 0.523657
2.48605 -1.10686 0.36 0.667167 0.470463
2.54057 -0.975234 0.36 0.649241 0.466194
2.54057 -0.975234 0.36 0.649241 0.466194
2.48605 -1.10686 0.36 0.667167 0.470463
2.72729 -1.04691 0.64 0.653311 0.402942
2.48605 -1.10686 0.36 0.667167 0.470463
2.66876 -1.18821 0.64 0.672094 0.406861
2.72729 -1.04691 0.64 0.653311 0.402942
2.72729 -1.04691 0.64 0.653311 0.402942
2.66876 -1.18821 0.64 0.672094 0.406861
2.914 -1.11858 1 0.65648 0.330147
2.66876 -1.18821 0.64 0.672094 0.406861
2.85147 -1.26956 1 0.676038 0.333598
2.914 -1.11858 1 0.65648 0.330147
2.914 -1.11858 1 0.65648 0.330147
2.85147 -1.26956 1 0.676038 0.333598
3.10072 -1.19025 1.44 0.657693 0.25041
2.85147 -1.26956 1 0.676038 0.333598
3.03418 -1.3509 1.44 0.67778 0.253324
3.10072 -1.19025 1.44 0.657693 0.25041
0.760845 -0.247214 -0 0.593523 0.914169
0.746864 -0.286694 -0 0.603858 0.917209
0.951057 -0.309017 -0 0.603759 0.847026
0.746864 -0.286694 -0 0.603858 0.917209
0.93358 -0.358368 -0 0.615775 0.850601
0.951057 -0.309017 -0 0.603759 0.847026
0.951057 -0.309017 -0 0.603759 0.847026
0.93358 -0.358368 -0 0.615775 0.850601
1.14127 -0.37082 -0 0.61104 0.785614
0.93358 -0.358368 -0 0.615775 0.850601
1.1203 -0.430042 -0 0.624352 0.789548
1.14127 -0.37082 -0 0.61104 0.785614
1.14127 -0.37082 -0 0.61104 0.785614
1.1203 -0.430042 -0 0.624352 0.789548
1.33148 -0.432624 -0 0.616049 0.731411
1.1203 -0.430042 -0 0.624352 0.789548
1.30701 -0.501715 -0 0.630331 0.735532
1.33148 -0.432624 -0 0.616049 0.731411
1.33148 -0.432624 -0 0.616049 0.731411
1.30701 -0.501715 -0 0.630331 0.735532
1.52169 -0.494427 -0 0.619422 0.684538
1.30701 -0.501715 -0 0.630331 0.735532
1.49373 -0.573389 -0 0.634421 0.688718
1.52169 -0.494427 -0 0.619422 0.684538
1.52169 -0.494427 -0 0.619422 0.684538
1.49373 -0.573389 -0 0.634421 0.688718
1.7119 -0.556231 -0 0.621655 0.644375
1.49373 -0.573389 -0 0.634421 0.688718
1.68044 -0.645062 -0 0.637182 0.648532
1.7119 -0.556231 -0 0.621655 0.644375
1.7119 -0.556231 -0 0.621655 0.644375
1.68044 -0.645062 -0 0.637182 0.648532
2.20771 -0.717327 0.04 0.625312 0.558197
1.68044 -0.645062 -0 0.637182 0.648532
2.16714 -0.831887 0.04 0.641828 0.56212
2.20771 -0.717327 0.04 0.625312 0.558197
2.20771 -0.717327 0.04 0.625312 0.558197
2.16714 -0.831887 0.04 0.641828 0.56212
2.39792 -0.779131 0.16 0.628023 0.515383
2.16714 -0.831887 0.04 0.641828 0.56212
2.35386 -0.90356 0.16 0.645175 0.519153
2.39792 -0.779131 0.16 0.628023 0.515383
2.39792 -0.779131 0.16 0.628023 0.515383
2.35386 -0.90356 0.16 0.645175 0.519153
2.58813 -0.840934 0.36 0.631303 0.462653
2.35386 -0.90356 0.16 0.645175 0.519153
2.54057 -0.975234 0.36 0.649241 0.466194
2.58813 -0.840934 0.36 0.631303 0.462653
2.58813 -0.840934 0.36 0.631303 0.462653
2.54057 -0.975234 0.36 0.649241 0.466194
2.77834 -0.902738 0.64 0.634529 0.399738
2.54057 -0.975234 0.36 0.649241 0.466194
2.72729 -1.04691 0.64 0.653311 0.402942
2.77834 -0.902738 0.64 0.634529 0.399738
2.77834 -0.902738 0.64 0.634529 0.399738
2.72729 -1.04691 0.64 0.653311 0.402942
2.96855 -0.964541 1 0.636927 0.32739
2.72729 -1.04691 0.64 0.653311 0.402942
2.914 -1.11858 1 0.65648 0.330147
2.96855 -0.964541 1 0.636927 0.32739
2.96855 -0.964541 1 0.636927 0.32739
2.914 -1.11858 1 0.65648 0.330147
3.15876 -1.02634 1.44 0.637601 0.248159
2.914 -1.11858 1 0.65648 0.330147
3.10072 -1.19025 1.44 0.657693 0.25041
3.15876 -1.02634 1.44 0.637601 0.248159
0.772741 -0.207055 -0 0.583026 0.911593
0.760845 -0.247214 -0 0.593523 0.914169
0.965926 -0.258819 -0 0.591583 0.844004
0.760845 -0.247214 -0 0.593523 0.914169
0.951057 -0.309017 -0 0.603759 0.847026
0.965926 -0.258819 -0 0.591583 0.844004
0.965926 -0.258819 -0 0.591583 0.844004
0.951057 -0.309017 -0 0.603759 0.847026
1.15911 -0.310583 -0 0.597585 0.782304
0.951057 -0.309017 -0 0.603759 0.847026
1.14127 -0.37082 -0 0.61104 0.785614
1.15911 -0.310583 -0 0.597585 0.782304
1.15911 -0.310583 -0 0.597585 0.782304
1.14127 -0.37082 -0 0.61104 0.785614
1.3523 -0.362347 -0 0.601646 0.727964
1.14127 -0.37082 -0 0.61104 0.785614
1.33148 -0.432624 -0 0.616049 0.731411
1.3523 -0.362347 -0 0.601646 0.727964
1.3523 -0.362347 -0 0.601646 0.727964
1.33148 -0.432624 -0 0.616049 0.731411
1.54548 -0.41411 -0 0.604326 0.681063
1.33148 -0.432624 -0 0.616049 0.731411
1.52169 -0.494427 -0 0.619422 0.684538
1.54548 -0.41411 -0 0.604326 0.681063
1.54548 -0.41411 -0 0.604326 0.681063
1.52169 -0.494427 -0 0.619422 0.684538
1.73867 -0.465874 -0 0.606054 0.640938
1.52169 -0.494427 -0 0.619422 0.684538
1.7119 -0.556231 -0 0.621655 0.644375
1.73867 -0.465874 -0 0.606054 0.640938
1.73867 -0.465874 -0 0.606054 0.640938
1.7119 -0.556231 -0 0.621655 0.644375
2.24222 -0.600802 0.04 0.60877 0.555
1.7119 -0.556231 -0 0.621655 0.644375
2.20771 -0.717327 0.04 0.625312 0.558197
2.24222 -0.600802 0.04 0.60877 0.555
2.24222 -0.600802 0.04 0.60877 0.555
2.20771 -0.717327 0.04 0.625312 0.558197
2.43541 -0.652566 0.16 0.610861 0.512335
2.20771 -0.717327 0.04 0.625312 0.558197
2.39792 -0.779131 0.16 0.628023 0.515383
2.43541 -0.652566 0.16 0.610861 0.512335
2.43541 -0.652566 0.16 0.610861 0.512335
2.39792 -0.779131 0.16 0.628023 0.515383
2.62859 -0.70433 0.36 0.613372 0.459825
2.39792 -0.779131 0.16 0.628023 0.515383
2.58813 -0.840934 0.36 0.631303 0.462653
2.62859 -0.70433 0.36 0.613372 0.459825
2.62859 -0.70433 0.36 0.613372 0.459825
2.58813 -0.840934 0.36 0.631303 0.462653
2.82178 -0.756093 0.64 0.615769 0.397228
2.58813 -0.840934 0.36 0.631303 0.462653
2.77834 -0.902738 0.64 0.634529 0.399738
2.82178 -0.756093 0.64 0.615769 0.397228
2.82178 -0.756093 0.64 0.615769 0.397228
2.77834 -0.902738 0.64 0.634529 0.399738
3.01496 -0.807857 1 0.617401 0.325299
2.77834 -0.902738 0.64 0.634529 0.399738
2.96855 -0.964541 1 0.636927 0.32739
3.01496 -0.807857 1 0.617401 0.325299
3.01496 -0.807857 1 0.617401 0.325299
2.96855 -0.964541 1 0.636927 0.32739
3.20815 -0.859621 1.44 0.617527 0.246539
2.96855 -0.964541 1 0.636927 0.32739
3.15876 -1.02634 1.44 0.637601 0.248159
3.20815 -0.859621 1.44 0.617527 0.246539
0.782518 -0.166329 -0 0.572396 0.909489
0.772741 -0.207055 -0 0.583026 0.911593
0.978148 -0.207912 -0 0.579279 0.841544
0.772741 -0.207055 -0 0.583026 0.911593
0.965926 -0.258819 -0 0.591583 0.844004
0.978148 -0.207912 -0 0.579279 0.841544
0.978148 -0.207912 -0 0.579279 0.841544
0.965926 -0.258819 -0 0.591583 0.844004
1.17378 -0.249494 -0 0.584018 0.779626
0.965926 -0.258819 -0 0.591583 0.844004
1.15911 -0.310583 -0 0.597585 0.782304
1.17378 -0.249494 -0 0.584018 0.779626
1.17378 -0.249494 -0 0.584018 0.779626
1.15911 -0.310583 -0 0.597585 0.782304
1.36941 -0.291076 -0 0.587152 0.725196
1.15911 -0.310583 -0 0.597585 0.782304
1.3523 -0.362347 -0 0.601646 0.727964
1.36941 -0.291076 -0 0.587152 0.725196
1.36941 -0.291076 -0 0.587152 0.725196
1.3523 -0.362347 -0 0.601646 0.727964
1.56504 -0.332659 -0 0.58916 0.678294
1.3523 -0.362347 -0 0.601646 0.727964
1.54548 -0.41411 -0 0.604326 0.681063
1.56504 -0.332659 -0 0.58916 0.678294
1.56504 -0.332659 -0 0.58916 0.678294
1.54548 -0.41411 -0 0.604326 0.681063
1.76067 -0.374241 -0 0.590403 0.638221
1.54548 -0.41411 -0 0.604326 0.681063
1.73867 -0.465874 -0 0.606054 0.640938
1.76067 -0.374241 -0 0.590403 0.638221
1.76067 -0.374241 -0 0.590403 0.638221
1.73867 -0.465874 -0 0.606054 0.640938
2.27059 -0.48263 0.04 0.592219 0.552521
1.73867 -0.465874 -0 0.606054 0.640938
2.24222 -0.600802 0.04 0.60877 0.555
2.27059 -0.48263 0.04 0.592219 0.552521
2.27059 -0.48263 0.04 0.592219 0.552521
2.24222 -0.600802 0.04 0.60877 0.555
2.46622 -0.524212 0.16 0.593706 0.509998
2.24222 -0.600802 0.04 0.60877 0.555
2.43541 -0.652566 0.16 0.610861 0.512335
2.46622 -0.524212 0.16 0.593706 0.509998
2.46622 -0.524212 0.16 0.593706 0.509998
2.43541 -0.652566 0.16 0.610861 0.512335
2.66185 -0.565794 0.36 0.595463 0.457695
2.43541 -0.652566 0.16 0.610861 0.512335
2.62859 -0.70433 0.36 0.613372 0.459825
2.66185 -0.565794 0.36 0.595463 0.457695
2.66185 -0.565794 0.36 0.595463 0.457695
2.62859 -0.70433 0.36 0.613372 0.459825
2.85748 -0.607377 0.64 0.597044 0.395393
2.62859 -0.70433 0.36 0.613372 0.459825
2.82178 -0.756093 0.64 0.615769 0.397228
2.85748 -0.607377 0.64 0.597044 0.395393
2.85748 -0.607377 0.64 0.597044 0.395393
2.82178 -0.756093 0.64 0.615769 0.397228
3.05311 -0.648959 1 0.597918 0.323851
2.82178 -0.756093 0.64 0.615769 0.397228
3.01496 -0.807857 1 0.617401 0.325299
3.05311 -0.648959 1 0.597918 0.323851
3.05311 -0.648959 1 0.597918 0.323851
3.01496 -0.807857 1 0.617401 0.325299
3.24874 -0.690541 1.44 0.59749 0.245524
3.01496 -0.807857 1 0.617401 0.325299
3.20815 -0.859621 1.44 0.617527 0.246539
3.24874 -0.690541 1.44 0.59749 0.245524
0.790151 -0.125148 -0 0.561659 0.907865
0.782518 -0.166329 -0 0.572396 0.909489
0.987688 -0.156434 -0 0.566875 0.839654
0.782518 -0.166329 -0 0.572396 0.909489
0.978148 -0.207912 -0 0.579279 0.841544
0.987688 -0.156434 -0 0.566875 0.839654
0.987688 -0.156434 -0 0.566875 0.839654
0.978148 -0.207912 -0 0.579279 0.841544
1.18523 -0.187721 -0 0.570367 0.777586
0.978148 -0.207912 -0 0.579279 0.841544
1.17378 -0.249494 -0 0.584018 0.779626
1.18523 -0.187721 -0 0.570367 0.777586
1.18523 -0.187721 -0 0.570367 0.777586
1.17378 -0.249494 -0 0.584018 0.779626
1.38276 -0.219008 -0 0.572593 0.72311
1.17378 -0.249494 -0 0.584018 0.779626
1.36941 -0.291076 -0 0.587152 0.725196
1.38276 -0.219008 -0 0.572593 0.72311
1.38276 -0.219008 -0 0.572593 0.72311
1.36941 -0.291076 -0 0.587152 0.725196
1.5803 -0.250295 -0 0.573948 0.676231
1.36941 -0.291076 -0 0.587152 0.725196
1.56504 -0.332659 -0 0.58916 0.678294
1.5803 -0.250295 -0 0.573948 0.676231
1.5803 -0.250295 -0 0.573948 0.676231
1.56504 -0.332659 -0 0.58916 0.678294
1.77784 -0.281582 -0 0.574721 0.63622
1.56504 -0.332659 -0 0.58916 0.678294
1.76067 -0.374241 -0 0.590403 0.638221
1.77784 -0.281582 -0 0.574721 0.63622
1.77784 -0.281582 -0 0.574721 0.63622
1.76067 -0.374241 -0 0.590403 0.638221
2.29274 -0.363135 0.04 0.575671 0.550752
1.76067 -0.374241 -0 0.590403 0.638221
2.27059 -0.48263 0.04 0.592219 0.552521
2.29274 -0.363135 0.04 0.575671 0.550752
2.29274 -0.363135 0.04 0.575671 0.550752
2.27059 -0.48263 0.04 0.592219 0.552521
2.49028 -0.394421 0.16 0.576567 0.508363
2.27059 -0.48263 0.04 0.592219 0.552521
2.46622 -0.524212 0.16 0.593706 0.509998
2.49028 -0.394421 0.16 0.576567 0.508363
2.49028 -0.394421 0.16 0.576567 0.508363
2.46622 -0.524212 0.16 0.593706 0.509998
2.68782 -0.425708 0.36 0.577584 0.456249
2.46622 -0.524212 0.16 0.593706 0.509998
2.66185 -0.565794 0.36 0.595463 0.457695
2.68782 -0.425708 0.36 0.577584 0.456249
2.68782 -0.425708 0.36 0.577584 0.456249
2.66185 -0.565794 0.36 0.595463 0.457695
2.88535 -0.456995 0.64 0.578362 0.394219
2.66185 -0.565794 0.36 0.595463 0.457695
2.85748 -0.607377 0.64 0.597044 0.395393
2.88535 -0.456995 0.64 0.578362 0.394219
2.88535 -0.456995 0.64 0.578362 0.394219
2.85748 -0.607377 0.64 0.597044 0.395393
3.08289 -0.488282 1 0.578485 0.323028
2.85748 -0.607377 0.64 0.597044 0.395393
3.05311 -0.648959 1 0.597918 0.323851
3.08289 -0.488282 1 0.578485 0.323028
3.08289 -0.488282 1 0.578485 0.323028
3.05311 -0.648959 1 0.597918 0.323851
3.28043 -0.519569 1.44 0.577501 0.245089
3.05311 -0.648959 1 0.597918 0.323851
3.24874 -0.690541 1.44 0.59749 0.245524
3.28043 -0.519569 1.44 0.577501 0.245089
0.795618 -0.0836228 -0 0.550841 0.906725
0.790151 -0.125148 -0 0.561659 0.907865
0.994522 -0.104528 -0 0.554398 0.83834
0.790151 -0.125148 -0 0.561659 0.907865
0.987688 -0.156434 -0 0.566875 0.839654
0.994522 -0.104528 -0 0.554398 0.83834
0.994522 -0.104528 -0 0.554398 0.83834
0.987688 -0.156434 -0 0.566875 0.839654
1.19343 -0.125434 -0 0.556659 0.776189
0.987688 -0.156434 -0 0.566875 0.839654
1.18523 -0.187721 -0 0.570367 0.777586
1.19343 -0.125434 -0 0.556659 0.776189
1.19343 -0.125434 -0 0.556659 0.776189
1.18523 -0.187721 -0 0.570367 0.777586
1.39233 -0.14634 -0 0.557994 0.721707
1.18523 -0.187721 -0 0.570367 0.777586
1.38276 -0.219008 -0 0.572593 0.72311
1.39233 -0.14634 -0 0.557994 0.721707
1.39233 -0.14634 -0 0.557994 0.721707
1.38276 -0.219008 -0 0.572593 0.72311
1.59124 -0.167246 -0 0.558709 0.674872
1.38276 -0.219008 -0 0.572593 0.72311
1.5803 -0.250295 -0 0.573948 0.676231
1.59124 -0.167246 -0 0.558709 0.674872
1.59124 -0.167246 -0 0.558709 0.674872
1.5803 -0.250295 -0 0.573948 0.676231
1.79014 -0.188151 -0 0.559025 0.63493
1.5803 -0.250295 -0 0.573948 0.676231
1.77784 -0.281582 -0 0.574721 0.63622
1.79014 -0.188151 -0 0.559025 0.63493
1.79014 -0.188151 -0 0.559025 0.63493
1.77784 -0.281582 -0 0.574721 0.63622
2.3086 -0.242644 0.04 0.559134 0.549684
1.77784 -0.281582 -0 0.574721 0.63622
2.29274 -0.363135 0.04 0.575671 0.550752
2.3086 -0.242644 0.04 0.559134 0.549684
2.3086 -0.242644 0.04 0.559134 0.549684
2.29274 -0.363135 0.04 0.575671 0.550752
2.50751 -0.26355 0.16 0.559451 0.507419
2.29274 -0.363135 0.04 0.575671 0.550752
2.49028 -0.394421 0.16 0.576567 0.508363
2.50751 -0.26355 0.16 0.559451 0.507419
2.50751 -0.26355 0.16 0.559451 0.507419
2.49028 -0.394421 0.16 0.576567 0.508363
2.70641 -0.284455 0.36 0.559739 0.455477
2.49028 -0.394421 0.16 0.576567 0.508363
2.68782 -0.425708 0.36 0.577584 0.456249
2.70641 -0.284455 0.36 0.559739 0.455477
2.70641 -0.284455 0.36 0.559739 0.455477
2.68782 -0.425708 0.36 0.577584 0.456249
2.90532 -0.305361 0.64 0.559725 0.393692
2.68782 -0.425708 0.36 0.577584 0.456249
2.88535 -0.456995 0.64 0.578362 0.394219
2.90532 -0.305361 0.64 0.559725 0.393692
2.90532 -0.305361 0.64 0.559725 0.393692
2.88535 -0.456995 0.64 0.578362 0.394219
3.10422 -0.326267 1 0.559108 0.322814
2.88535 -0.456995 0.64 0.578362 0.394219
3.08289 -0.488282 1 0.578485 0.323028
3.10422 -0.326267 1 0.559108 0.322814
3.10422 -0.326267 1 0.559108 0.322814
3.08289 -0.488282 1 0.578485 0.323028
3.30313 -0.347172 1.44 0.557567 0.245215
3.08289 -0.488282 1 0.578485 0.323028
3.28043 -0.519569 1.44 0.577501 0.245089
3.30313 -0.347172 1.44 0.557567 0.245215
0.798904 -0.0418688 -0 0.539969 0.906073
0.795618 -0.0836228 -0 0.550841 0.906725
0.99863 -0.052336 -0 0.541876 0.837607
0.795618 -0.0836228 -0 0.550841 0.906725
0.994522 -0.104528 -0 0.554398 0.83834
0.99863 -0.052336 -0 0.541876 0.837607
0.99863 -0.052336 -0 0.541876 0.837607
0.994522 -0.104528 -0 0.554398 0.83834
1.19836 -0.0628031 -0 0.542919 0.775436
0.994522 -0.104528 -0 0.554398 0.83834
1.19343 -0.125434 -0 0.556659 0.776189
1.19836 -0.0628031 -0 0.542919 0.775436
1.19836 -0.0628031 -0 0.542919 0.775436
1.19343 -0.125434 -0 0.556659 0.776189
1.39808 -0.0732703 -0 0.543375 0.720986
1.19343 -0.125434 -0 0.556659 0.776189
1.39233 -0.14634 -0 0.557994 0.721707
1.39808 -0.0732703 -0 0.543375 0.720986
1.39808 -0.0732703 -0 0.543375 0.720986
1.39233 -0.14634 -0 0.557994 0.721707
1.59781 -0.0837375 -0 0.543463 0.674213
1.39233 -0.14634 -0 0.557994 0.721707
1.59124 -0.167246 -0 0.558709 0.674872
1.59781 -0.0837375 -0 0.543463 0.674213
1.59781 -0.0837375 -0 0.543463 0.674213
1.59124 -0.167246 -0 0.558709 0.674872
1.79753 -0.0942047 -0 0.54333 0.634346
1.59124 -0.167246 -0 0.558709 0.674872
1.79014 -0.188151 -0 0.559025 0.63493
1.79753 -0.0942047 -0 0.54333 0.634346
1.79753 -0.0942047 -0 0.54333 0.634346
1.79014 -0.188151 -0 0.559025 0.63493
2.31814 -0.121489 0.04 0.542616 0.549311
1.79014 -0.188151 -0 0.559025 0.63493
2.3086 -0.242644 0.04 0.559134 0.549684
2.31814 -0.121489 0.04 0.542616 0.549311
2.31814 -0.121489 0.04 0.542616 0.549311
2.3086 -0.242644 0.04 0.559134 0.549684
2.51786 -0.131956 0.16 0.542359 0.507159
2.3086 -0.242644 0.04 0.559134 0.549684
2.50751 -0.26355 0.16 0.559451 0.507419
2.51786 -0.131956 0.16 0.542359 0.507159
2.51786 -0.131956 0.16 0.542359 0.507159
2.50751 -0.26355 0.16 0.559451 0.507419
2.71759 -0.142423 0.36 0.541929 0.45537
2.50751 -0.26355 0.16 0.559451 0.507419
2.70641 -0.284455 0.36 0.559739 0.455477
2.71759 -0.142423 0.36 0.541929 0.45537
2.71759 -0.142423 0.36 0.541929 0.45537
2.70641 -0.284455 0.36 0.559739 0.455477
2.91732 -0.15289 0.64 0.541136 0.393803
2.70641 -0.284455 0.36 0.559739 0.455477
2.90532 -0.305361 0.64 0.559725 0.393692
2.91732 -0.15289 0.64 0.541136 0.393803
2.91732 -0.15289 0.64 0.541136 0.393803
2.90532 -0.305361 0.64 0.559725 0.393692
3.11704 -0.163357 1 0.539786 0.323197
2.90532 -0.305361 0.64 0.559725 0.393692
3.10422 -0.326267 1 0.559108 0.322814
3.11704 -0.163357 1 0.539786 0.323197
3.11704 -0.163357 1 0.539786 0.323197
3.10422 -0.326267 1 0.559108 0.322814
3.31677 -0.173824 1.44 0.537688 0.245886
3.10422 -0.326267 1 0.559108 0.322814
3.30313 -0.347172 1.44 0.557567 0.245215
3.31677 -0.173824 1.44 0.537688 0.245886
0.8 -4.89859e-17 -0 0.529068 0.905913
0.798904 -0.0418688 -0 0.539969 0.906073
1 -6.12323e-17 -0 0.529334 0.837457
0.798904 -0.0418688 -0 0.539969 0.906073
0.99863 -0.052336 -0 0.541876 0.837607
1 -6.12323e-17 -0 0.529334 0.837457
1 -6.12323e-17 -0 0.529334 0.837457
0.99863 -0.052336 -0 0.541876 0.837607
1.2 -7.34788e-17 -0 0.529169 0.775328
0.99863 -0.052336 -0 0.541876 0.837607
1.19836 -0.0628031 -0 0.542919 0.775436
1.2 -7.34788e-17 -0 0.529169 0.775328
1.2 -7.34788e-17 -0 0.529169 0.775328
1.19836 -0.0628031 -0 0.542919 0.775436
1.4 -8.57253e-17 -0 0.528757 0.720946
1.19836 -0.0628031 -0 0.542919 0.775436
1.39808 -0.0732703 -0 0.543375 0.720986
1.4 -8.57253e-17 -0 0.528757 0.720946
1.4 -8.57253e-17 -0 0.528757 0.720946
1.39808 -0.0732703 -0 0.543375 0.720986
1.6 -9.79717e-17 -0 0.528225 0.674251
1.39808 -0.0732703 -0 0.543375 0.720986
1.59781 -0.0837375 -0 0.543463 0.674213
1.6 -9.79717e-17 -0 0.528225 0.674251
1.6 -9.79717e-17 -0 0.528225 0.674251
1.59781 -0.0837375 -0 0.543463 0.674213
1.8 -1.10218e-16 -0 0.527651 0.634463
1.59781 -0.0837375 -0 0.543463 0.674213
1.79753 -0.0942047 -0 0.54333 0.634346
1.8 -1.10218e-16 -0 0.527651 0.634463
1.8 -1.10218e-16 -0 0.527651 0.634463
1.79753 -0.0942047 -0 0.54333 0.634346
2.32132 -1.4214e-16 0.04 0.526121 0.549624
1.79753 -0.0942047 -0 0.54333 0.634346
2.31814 -0.121489 0.04 0.542616 0.549311
2.32132 -1.4214e-16 0.04 0.526121 0.549624
2.32132 -1.4214e-16 0.04 0.526121 0.549624
2.31814 -0.121489 0.04 0.542616 0.549311
2.52132 -1.54386e-16 0.16 0.525292 0.507576
2.31814 -0.121489 0.04 0.542616 0.549311
2.51786 -0.131956 0.16 0.542359 0.507159
2.52132 -1.54386e-16 0.16 0.525292 0.507576
2.52132 -1.54386e-16 0.16 0.525292 0.507576
2.51786 -0.131956 0.16 0.542359 0.507159
2.72132 -1.66633e-16 0.36 0.524154 0.455925
2.51786 -0.131956 0.16 0.542359 0.507159
2.71759 -0.142423 0.36 0.541929 0.45537
2.72132 -1.66633e-16 0.36 0.524154 0.455925
2.72132 -1.66633e-16 0.36 0.524154 0.455925
2.71759 -0.142423 0.36 0.541929 0.45537
2.92132 -1.78879e-16 0.64 0.522593 0.394547
2.71759 -0.142423 0.36 0.541929 0.45537
2.91732 -0.15289 0.64 0.541136 0.393803
2.92132 -1.78879e-16 0.64 0.522593 0.394547
2.92132 -1.78879e-16 0.64 0.522593 0.394547
2.91732 -0.15289 0.64 0.541136 0.393803
3.12132 -1.91126e-16 1 0.520519 0.324169
2.91732 -0.15289 0.64 0.541136 0.393803
3.11704 -0.163357 1 0.539786 0.323197
3.12132 -1.91126e-16 1 0.520519 0.324169
3.12132 -1.91126e-16 1 0.520519 0.324169
3.11704 -0.163357 1 0.539786 0.323197
3.32132 -2.03372e-16 1.44 0.517865 0.247091
3.11704 -0.163357 1 0.539786 0.323197
3.31677 -0.173824 1.44 0.537688 0.245886
3.32132 -2.03372e-16 1.44 0.517865 0.247091
0.798904 0.0418688 -0 0.518164 0.906245
0.8 -4.89859e-17 -0 0.529068 0.905913
0.99863 0.052336 -0 0.516796 0.837889
0.8 -4.89859e-17 -0 0.529068 0.905913
1 -6.12323e-17 -0 0.529334 0.837457
0.99863 0.052336 -0 0.516796 0.837889
0.99863 0.052336 -0 0.516796 0.837889
1 -6.12323e-17 -0 0.529334 0.837457
1.19836 0.0628031 -0 0.515434 0.775865
1 -6.12323e-17 -0 0.529334 0.837457
1.2 -7.34788e-17 -0 0.529169 0.775328
1.19836 0.0628031 -0 0.515434 0.775865
1.19836 0.0628031 -0 0.515434 0.775865
1.2 -7.34788e-17 -0 0.529169 0.775328
1.39808 0.0732703 -0 0.51416 0.721585
1.2 -7.34788e-17 -0 0.529169 0.775328
1.4 -8.57253e-17 -0 0.528757 0.720946
1.39808 0.0732703 -0 0.51416 0.721585
1.39808 0.0732703 -0 0.51416 0.721585
1.4 -8.57253e-17 -0 0.528757 0.720946
1.59781 0.0837375 -0 0.513014 0.674982
1.4 -8.57253e-17 -0 0.528757 0.720946
1.6 -9.79717e-17 -0 0.528225 0.674251
1.59781 0.0837375 -0 0.513014 0.674982
1.59781 0.0837375 -0 0.513014 0.674982
1.6 -9.79717e-17 -0 0.528225 0.674251
1.79753 0.0942047 -0 0.512001 0.635276
1.6 -9.79717e-17 -0 0.528225 0.674251
1.8 -1.10218e-16 -0 0.527651 0.634463
1.79753 0.0942047 -0 0.512001 0.635276
1.79753 0.0942047 -0 0.512001 0.635276
1.8 -1.10218e-16 -0 0.527651 0.634463
2.31814 0.121489 0.04 0.509657 0.550615
1.8 -1.10218e-16 -0 0.527651 0.634463
2.32132 -1.4214e-16 0.04 0.526121 0.549624
2.31814 0.121489 0.04 0.509657 0.550615
2.31814 0.121489 0.04 0.509657 0.550615
2.32132 -1.4214e-16 0.04 0.526121 0.549624
2.51786 0.131956 0.16 0.508259 0.508662
2.32132 -1.4214e-16 0.04 0.526121 0.549624
2.52132 -1.54386e-16 0.16 0.525292 0.507576
2.51786 0.131956 0.16 0.508259 0.508662
2.51786 0.131956 0.16 0.508259 0.508662
2.52132 -1.54386e-16 0.16 0.525292 0.507576
2.71759 0.142423 0.36 0.506417 0.457142
2.52132 -1.54386e-16 0.16 0.525292 0.507576
2.72132 -1.66633e-16 0.36 0.524154 0.455925
2.71759 0.142423 0.36 0.506417 0.457142
2.71759 0.142423 0.36 0.506417 0.457142
2.72132 -1.66633e-16 0.36 0.524154 0.455925
2.91732 0.15289 0.64 0.504098 0.395921
2.72132 -1.66633e-16 0.36 0.524154 0.455925
2.92132 -1.78879e-16 0.64 0.522593 0.394547
2.91732 0.15289 0.64 0.504098 0.395921
2.91732 0.15289 0.64 0.504098 0.395921
2.92132 -1.78879e-16 0.64 0.522593 0.394547
3.11704 0.163357 1 0.501305 0.325724
2.92132 -1.78879e-16 0.64 0.522593 0.394547
3.12132 -1.91126e-16 1 0.520519 0.324169
3.11704 0.163357 1 0.501305 0.325724
3.11704 0.163357 1 0.501305 0.325724
3.12132 -1.91126e-16 1 0.520519 0.324169
3.31677 0.173824 1.44 0.498094 0.248822
3.12132 -1.91126e-16 1 0.520519 0.324169
3.32132 -2.03372e-16 1.44 0.517865 0.247091
3.31677 0.173824 1.44 0.498094 0.248822
0.795618 0.0836228 -0 0.50728 0.907068
0.798904 0.0418688 -0 0.518164 0.906245
0.994522 0.104528 -0 0.504288 0.838904
0.798904 0.0418688 -0 0.518164 0.906245
0.99863 0.052336 -0 0.516796 0.837889
0.994522 0.104528 -0 0.504288 0.838904
0.994522 0.104528 -0 0.504288 0.838904
0.99863 0.052336 -0 0.516796 0.837889
1.19343 0.125434 -0 0.501733 0.777045
0.99863 0.052336 -0 0.516796 0.837889
1.19836 0.0628031 -0 0.515434 0.775865
1.19343 0.125434 -0 0.501733 0.777045
1.19343 0.125434 -0 0.501733 0.777045
1.19836 0.0628031 -0 0.515434 0.775865
1.39233 0.14634 -0 0.499603 0.7229
1.19836 0.0628031 -0 0.515434 0.775865
1.39808 0.0732703 -0 0.51416 0.721585
1.39233 0.14634 -0 0.499603 0.7229
1.39233 0.14634 -0 0.499603 0.7229
1.39808 0.0732703 -0 0.51416 0.721585
1.59124 0.167246 -0 0.497844 0.676403
1.39808 0.0732703 -0 0.51416 0.721585
1.59781 0.0837375 -0 0.513014 0.674982
1.59124 0.167246 -0 0.497844 0.676403
1.59124 0.167246 -0 0.497844 0.676403
1.59781 0.0837375 -0 0.513014 0.674982
1.79014 0.188151 -0 0.496394 0.63678
1.59781 0.0837375 -0 0.513014 0.674982
1.79753 0.0942047 -0 0.512001 0.635276
1.79014 0.188151 -0 0.496394 0.63678
1.79014 0.188151 -0 0.496394 0.63678
1.79753 0.0942047 -0 0.512001 0.635276
2.3086 0.242644 0.04 0.493236 0.55228
1.79753 0.0942047 -0 0.512001 0.635276
2.31814 0.121489 0.04 0.509657 0.550615
2.3086 0.242644 0.04 0.493236 0.55228
2.3086 0.242644 0.04 0.493236 0.55228
2.31814 0.121489 0.04 0.509657 0.550615
2.50751 0.26355 0.16 0.491277 0.51042
2.31814 0.121489 0.04 0.509657 0.550615
2.51786 0.131956 0.16 0.508259 0.508662
2.50751 0.26355 0.16 0.491277 0.51042
2.50751 0.26355 0.16 0.491277 0.51042
2.51786 0.131956 0.16 0.508259 0.508662
2.70641 0.284455 0.36 0.488727 0.459015
2.51786 0.131956 0.16 0.508259 0.508662
2.71759 0.142423 0.36 0.506417 0.457142
2.70641 0.284455 0.36 0.488727 0.459015
2.70641 0.284455 0.36 0.488727 0.459015
2.71759 0.142423 0.36 0.506417 0.457142
2.90532 0.305361 0.64 0.485652 0.397924
2.71759 0.142423 0.36 0.506417 0.457142
2.91732 0.15289 0.64 0.504098 0.395921
2.90532 0.305361 0.64 0.485652 0.397924
2.90532 0.305361 0.64 0.485652 0.397924
2.91732 0.15289 0.64 0.504098 0.395921
3.10422 0.326267 1 0.482141 0.32786
2.91732 0.15289 0.64 0.504098 0.395921
3.11704 0.163357 1 0.501305 0.325724
3.10422 0.326267 1 0.482141 0.32786
3.10422 0.326267 1 0.482141 0.32786
3.11704 0.163357 1 0.501305 0.325724
3.30313 0.347172 1.44 0.478371 0.251074
3.11704 0.163357 1 0.501305 0.325724
3.31677 0.173824 1.44 0.498094 0.248822
3.30313 0.347172 1.44 0.478371 0.251074
0.790151 0.125148 -0 0.496442 0.908379
0.795618 0.0836228 -0 0.50728 0.907068
0.987688 0.156434 -0 0.491832 0.840498
0.795618 0.0836228 -0 0.50728 0.907068
0.994522 0.104528 -0 0.504288 0.838904
0.987688 0.156434 -0 0.491832 0.840498
0.987688 0.156434 -0 0.491832 0.840498
0.994522 0.104528 -0 0.504288 0.838904
1.18523 0.187721 -0 0.488088 0.778865
0.994522 0.104528 -0 0.504288 0.838904
1.19343 0.125434 -0 0.501733 0.777045
1.18523 0.187721 -0 0.488088 0.778865
1.18523 0.187721 -0 0.488088 0.778865
1.19343 0.125434 -0 0.501733 0.777045
1.38276 0.219008 -0 0.485103 0.724887
1.19343 0.125434 -0 0.501733 0.777045
1.39233 0.14634 -0 0.499603 0.7229
1.38276 0.219008 -0 0.485103 0.724887
1.38276 0.219008 -0 0.485103 0.724887
1.39233 0.14634 -0 0.499603 0.7229
1.5803 0.250295 -0 0.482733 0.678511
1.39233 0.14634 -0 0.499603 0.7229
1.59124 0.167246 -0 0.497844 0.676403
1.5803 0.250295 -0 0.482733 0.678511
1.5803 0.250295 -0 0.482733 0.678511
1.59124 0.167246 -0 0.497844 0.676403
1.77784 0.281582 -0 0.480844 0.638973
1.59124 0.167246 -0 0.497844 0.676403
1.79014 0.188151 -0 0.496394 0.63678
1.77784 0.281582 -0 0.480844 0.638973
1.77784 0.281582 -0 0.480844 0.638973
1.79014 0.188151 -0 0.496394 0.63678
2.29274 0.363135 0.04 0.476871 0.554615
1.79014 0.188151 -0 0.496394 0.63678
2.3086 0.242644 0.04 0.493236 0.55228
2.29274 0.363135 0.04 0.476871 0.554615
2.29274 0.363135 0.04 0.476871 0.554615
2.3086 0.242644 0.04 0.493236 0.55228
2.49028 0.394421 0.16 0.474342 0.512845
2.3086 0.242644 0.04 0.493236 0.55228
2.50751 0.26355 0.16 0.491277 0.51042
2.49028 0.394421 0.16 0.474342 0.512845
2.49028 0.394421 0.16 0.474342 0.512845
2.50751 0.26355 0.16 0.491277 0.51042
2.68782 0.425708 0.36 0.471091 0.461542
2.50751 0.26355 0.16 0.491277 0.51042
2.70641 0.284455 0.36 0.488727 0.459015
2.68782 0.425708 0.36 0.471091 0.461542
2.68782 0.425708 0.36 0.471091 0.461542
2.70641 0.284455 0.36 0.488727 0.459015
2.88535 0.456995 0.64 0.467257 0.400553
2.70641 0.284455 0.36 0.488727 0.459015
2.90532 0.305361 0.64 0.485652 0.397924
2.88535 0.456995 0.64 0.467257 0.400553
2.88535 0.456995 0.64 0.467257 0.400553
2.90532 0.305361 0.64 0.485652 0.397924
3.08289 0.488282 1 0.463024 0.330573
2.90532 0.305361 0.64 0.485652 0.397924
3.10422 0.326267 1 0.482141 0.32786
3.08289 0.488282 1 0.463024 0.330573
3.08289 0.488282 1 0.463024 0.330573
3.10422 0.326267 1 0.482141 0.32786
3.28043 0.519569 1.44 0.458692 0.253847
3.10422 0.326267 1 0.482141 0.32786
3.30313 0.347172 1.44 0.478371 0.251074
3.28043 0.519569 1.44 0.458692 0.253847
0.782518 0.166329 -0 0.485674 0.910175
0.790151 0.125148 -0 0.496442 0.908379
0.978148 0.207912 -0 0.479452 0.842665
0.790151 0.125148 -0 0.496442 0.908379
0.987688 0.156434 -0 0.491832 0.840498
0.978148 0.207912 -0 0.479452 0.842665
0.978148 0.207912 -0 0.479452 0.842665
0.987688 0.156434 -0 0.491832 0.840498
1.17378 0.249494 -0 0.474522 0.781319
0.987688 0.156434 -0 0.491832 0.840498
1.18523 0.187721 -0 0.488088 0.778865
1.17378 0.249494 -0 0.474522 0.781319
1.17378 0.249494 -0 0.474522 0.781319
1.18523 0.187721 -0 0.488088 0.778865
1.36941 0.291076 -0 0.470679 0.727543
1.18523 0.187721 -0 0.488088 0.778865
1.38276 0.219008 -0 0.485103 0.724887
1.36941 0.291076 -0 0.470679 0.727543
1.36941 0.291076 -0 0.470679 0.727543
1.38276 0.219008 -0 0.485103 0.724887
1.56504 0.332659 -0 0.467694 0.681304
1.38276 0.219008 -0 0.485103 0.724887
1.5803 0.250295 -0 0.482733 0.678511
1.56504 0.332659 -0 0.467694 0.681304
1.56504 0.332659 -0 0.467694 0.681304
1.5803 0.250295 -0 0.482733 0.678511
1.76067 0.374241 -0 0.465365 0.641853
1.5803 0.250295 -0 0.482733 0.678511
1.77784 0.281582 -0 0.480844 0.638973
1.76067 0.374241 -0 0.465365 0.641853
1.76067 0.374241 -0 0.465365 0.641853
1.77784 0.281582 -0 0.480844 0.638973
2.27059 0.48263 0.04 0.460572 0.55762
1.77784 0.281582 -0 0.480844 0.638973
2.29274 0.363135 0.04 0.476871 0.554615
2.27059 0.48263 0.04 0.460572 0.55762
2.27059 0.48263 0.04 0.460572 0.55762
2.29274 0.363135 0.04 0.476871 0.554615
2.46622 0.524212 0.16 0.457475 0.515933
2.29274 0.363135 0.04 0.476871 0.554615
2.49028 0.394421 0.16 0.474342 0.512845
2.46622 0.524212 0.16 0.457475 0.515933
2.46622 0.524212 0.16 0.457475 0.515933
2.49028 0.394421 0.16 0.474342 0.512845
2.66185 0.565794 0.36 0.453518 0.464723
2.49028 0.394421 0.16 0.474342 0.512845
2.68782 0.425708 0.36 0.471091 0.461542
2.66185 0.565794 0.36 0.453518 0.464723
2.66185 0.565794 0.36 0.453518 0.464723
2.68782 0.425708 0.36 0.471091 0.461542
2.85748 0.607377 0.64 0.448916 0.403807
2.68782 0.425708 0.36 0.471091 0.461542
2.88535 0.456995 0.64 0.467257 0.400553
2.85748 0.607377 0.64 0.448916 0.403807
2.85748 0.607377 0.64 0.448916 0.403807
2.88535 0.456995 0.64 0.467257 0.400553
3.05311 0.648959 1 0.443953 0.333866
2.88535 0.456995 0.64 0.467257 0.400553
3.08289 0.488282 1 0.463024 0.330573
3.05311 0.648959 1 0.443953 0.333866
3.05311 0.648959 1 0.443953 0.333866
3.08289 0.488282 1 0.463024 0.330573
3.24874 0.690541 1.44 0.439054 0.257142
3.08289 0.488282 1 0.463024 0.330573
3.28043 0.519569 1.44 0.458692 0.253847
3.24874 0.690541 1.44 0.439054 0.257142
0.772741 0.207055 -0 0.474999 0.912449
0.782518 0.166329 -0 0.485674 0.910175
0.965926 0.258819 -0 0.467172 0.845401
0.782518 0.166329 -0 0.485674 0.910175
0.978148 0.207912 -0 0.479452 0.842665
0.965926 0.258819 -0 0.467172 0.845401
0.965926 0.258819 -0 0.467172 0.845401
0.978148 0.207912 -0 0.479452 0.842665
1.15911 0.310583 -0 0.461054 0.784402
0.978148 0.207912 -0 0.479452 0.842665
1.17378 0.249494 -0 0.474522 0.781319
1.15911 0.310583 -0 0.461054 0.784402
1.15911 0.310583 -0 0.461054 0.784402
1.17378 0.249494 -0 0.474522 0.781319
1.3523 0.362347 -0 0.456351 0.730864
1.17378 0.249494 -0 0.474522 0.781319
1.36941 0.291076 -0 0.470679 0.727543
1.3523 0.362347 -0 0.456351 0.730864
1.3523 0.362347 -0 0.456351 0.730864
1.36941 0.291076 -0 0.470679 0.727543
1.54548 0.41411 -0 0.452746 0.684777
1.36941 0.291076 -0 0.470679 0.727543
1.56504 0.332659 -0 0.467694 0.681304
1.54548 0.41411 -0 0.452746 0.684777
1.54548 0.41411 -0 0.452746 0.684777
1.56504 0.332659 -0 0.467694 0.681304
1.73867 0.465874 -0 0.449969 0.645419
1.56504 0.332659 -0 0.467694 0.681304
1.76067 0.374241 -0 0.465365 0.641853
1.73867 0.465874 -0 0.449969 0.645419
1.73867 0.465874 -0 0.449969 0.645419
1.76067 0.374241 -0 0.465365 0.641853
2.24222 0.600802 0.04 0.444348 0.561299
1.76067 0.374241 -0 0.465365 0.641853
2.27059 0.48263 0.04 0.460572 0.55762
2.24222 0.600802 0.04 0.444348 0.561299
2.24222 0.600802 0.04 0.444348 0.561299
2.27059 0.48263 0.04 0.460572 0.55762
2.43541 0.652566 0.16 0.440682 0.519684
2.27059 0.48263 0.04 0.460572 0.55762
2.46622 0.524212 0.16 0.457475 0.515933
2.43541 0.652566 0.16 0.440682 0.519684
2.43541 0.652566 0.16 0.440682 0.519684
2.46622 0.524212 0.16 0.457475 0.515933
2.62859 0.70433 0.36 0.43601 0.468553
2.46622 0.524212 0.16 0.457475 0.515933
2.66185 0.565794 0.36 0.453518 0.464723
2.62859 0.70433 0.36 0.43601 0.468553
2.62859 0.70433 0.36 0.43601 0.468553
2.66185 0.565794 0.36 0.453518 0.464723
2.82178 0.756093 0.64 0.430627 0.407683
2.66185 0.565794 0.36 0.453518 0.464723
2.85748 0.607377 0.64 0.448916 0.403807
2.82178 0.756093 0.64 0.430627 0.407683
2.82178 0.756093 0.64 0.430627 0.407683
2.85748 0.607377 0.64 0.448916 0.403807
3.01496 0.807857 1 0.424924 0.337741
2.85748 0.607377 0.64 0.448916 0.403807
3.05311 0.648959 1 0.443953 0.333866
3.01496 0.807857 1 0.424924 0.337741
3.01496 0.807857 1 0.424924 0.337741
3.05311 0.648959 1 0.443953 0.333866
3.20815 0.859621 1.44 0.419453 0.260965
3.05311 0.648959 1 0.443953 0.333866
3.24874 0.690541 1.44 0.439054 0.257142
3.20815 0.859621 1.44 0.419453 0.260965
0.760845 0.247214 -0 0.464442 0.915194
0.772741 0.207055 -0 0.474999 0.912449
0.951057 0.309017 -0 0.455016 0.848696
0.772741 0.207055 -0 0.474999 0.912449
0.965926 0.258819 -0 0.467172 0.845401
0.951057 0.309017 -0 0.455016 0.848696
0.951057 0.309017 -0 0.455016 0.848696
0.965926 0.258819 -0 0.467172 0.845401
1.14127 0.37082 -0 0.447707 0.788108
0.965926 0.258819 -0 0.467172 0.845401
1.15911 0.310583 -0 0.461054 0.784402
1.14127 0.37082 -0 0.447707 0.788108
1.14127 0.37082 -0 0.447707 0.788108
1.15911 0.310583 -0 0.461054 0.784402
1.33148 0.432624 -0 0.442136 0.734845
1.15911 0.310583 -0 0.461054 0.784402
1.3523 0.362347 -0 0.456351 0.730864
1.33148 0.432624 -0 0.442136 0.734845
1.33148 0.432624 -0 0.442136 0.734845
1.3523 0.362347 -0 0.456351 0.730864
1.52169 0.494427 -0 0.437902 0.68893
1.3523 0.362347 -0 0.456351 0.730864
1.54548 0.41411 -0 0.452746 0.684777
1.52169 0.494427 -0 0.437902 0.68893
1.52169 0.494427 -0 0.437902 0.68893
1.54548 0.41411 -0 0.452746 0.684777
1.7119 0.556231 -0 0.434671 0.649672
1.54548 0.41411 -0 0.452746 0.684777
1.73867 0.465874 -0 0.449969 0.645419
1.7119 0.556231 -0 0.434671 0.649672
1.7119 0.556231 -0 0.434671 0.649672
1.73867 0.465874 -0 0.449969 0.645419
2.20771 0.717327 0.04 0.428202 0.565656
1.73867 0.465874 -0 0.449969 0.645419
2.24222 0.600802 0.04 0.444348 0.561299
2.20771 0.717327 0.04 0.428202 0.565656
2.20771 0.717327 0.04 0.428202 0.565656
2.24222 0.600802 0.04 0.444348 0.561299
2.39792 0.779131 0.16 0.42396 0.524104
2.24222 0.600802 0.04 0.444348 0.561299
2.43541 0.652566 0.16 0.440682 0.519684
2.39792 0.779131 0.16 0.42396 0.524104
2.39792 0.779131 0.16 0.42396 0.524104
2.43541 0.652566 0.16 0.440682 0.519684
2.58813 0.840934 0.36 0.418565 0.473034
2.43541 0.652566 0.16 0.440682 0.519684
2.62859 0.70433 0.36 0.43601 0.468553
2.58813 0.840934 0.36 0.418565 0.473034
2.58813 0.840934 0.36 0.418565 0.473034
2.62859 0.70433 0.36 0.43601 0.468553
2.77834 0.902738 0.64 0.412391 0.412186
2.62859 0.70433 0.36 0.43601 0.468553
2.82178 0.756093 0.64 0.430627 0.407683
2.77834 0.902738 0.64 0.412391 0.412186
2.77834 0.902738 0.64 0.412391 0.412186
2.82178 0.756093 0.64 0.430627 0.407683
2.96855 0.964541 1 0.405938 0.342203
2.82178 0.756093 0.64 0.430627 0.407683
3.01496 0.807857 1 0.424924 0.337741
2.96855 0.964541 1 0.405938 0.342203
2.96855 0.964541 1 0.405938 0.342203
3.01496 0.807857 1 0.424924 0.337741
3.15876 1.02634 1.44 0.399889 0.265324
3.01496 0.807857 1 0.424924 0.337741
3.20815 0.859621 1.44 0.419453 0.260965
3.15876 1.02634 1.44 0.399889 0.265324
0.746864 0.286694 -0 0.454027 0.918401
0.760845 0.247214 -0 0.464442 0.915194
0.93358 0.358368 -0 0.443008 0.85254
0.760845 0.247214 -0 0.464442 0.915194
0.951057 0.309017 -0 0.455016 0.848696
0.93358 0.358368 -0 0.443008 0.85254
0.93358 0.358368 -0 0.443008 0.85254
0.951057 0.309017 -0 0.455016 0.848696
1.1203 0.430042 -0 0.434504 0.792427
0.951057 0.309017 -0 0.455016 0.848696
1.14127 0.37082 -0 0.447707 0.788108
1.1203 0.430042 -0 0.434504 0.792427
1.1203 0.430042 -0 0.434504 0.792427
1.14127 0.37082 -0 0.447707 0.788108
1.30701 0.501715 -0 0.428055 0.73948
1.14127 0.37082 -0 0.447707 0.788108
1.33148 0.432624 -0 0.442136 0.734845
1.30701 0.501715 -0 0.428055 0.73948
1.30701 0.501715 -0 0.428055 0.73948
1.33148 0.432624 -0 0.442136 0.734845
1.49373 0.573389 -0 0.423182 0.693758
1.33148 0.432624 -0 0.442136 0.734845
1.52169 0.494427 -0 0.437902 0.68893
1.49373 0.573389 -0 0.423182 0.693758
1.49373 0.573389 -0 0.423182 0.693758
1.52169 0.494427 -0 0.437902 0.68893
1.68044 0.645062 -0 0.419484 0.654609
1.52169 0.494427 -0 0.437902 0.68893
1.7119 0.556231 -0 0.434671 0.649672
1.68044 0.645062 -0 0.419484 0.654609
1.68044 0.645062 -0 0.419484 0.654609
1.7119 0.556231 -0 0.434671 0.649672
2.16714 0.831887 0.04 0.412139 0.570694
1.7119 0.556231 -0 0.434671 0.649672
2.20771 0.717327 0.04 0.428202 0.565656
2.16714 0.831887 0.04 0.412139 0.570694
2.16714 0.831887 0.04 0.412139 0.570694
2.20771 0.717327 0.04 0.428202 0.565656
2.35386 0.90356 0.16 0.407312 0.529195
2.20771 0.717327 0.04 0.428202 0.565656
2.39792 0.779131 0.16 0.42396 0.524104
2.35386 0.90356 0.16 0.407312 0.529195
2.35386 0.90356 0.16 0.407312 0.529195
2.39792 0.779131 0.16 0.42396 0.524104
2.54057 0.975234 0.36 0.401183 0.478171
2.39792 0.779131 0.16 0.42396 0.524104
2.58813 0.840934 0.36 0.418565 0.473034
2.54057 0.975234 0.36 0.401183 0.478171
2.54057 0.975234 0.36 0.401183 0.478171
2.58813 0.840934 0.36 0.418565 0.473034
2.72729 1.04691 0.64 0.394207 0.41732
2.58813 0.840934 0.36 0.418565 0.473034
2.77834 0.902738 0.64 0.412391 0.412186
2.72729 1.04691 0.64 0.394207 0.41732
2.72729 1.04691 0.64 0.394207 0.41732
2.77834 0.902738 0.64 0.412391 0.412186
2.914 1.11858 1 0.386995 0.34726
2.77834 0.902738 0.64 0.412391 0.412186
2.96855 0.964541 1 0.405938 0.342203
2.914 1.11858 1 0.386995 0.34726
2.914 1.11858 1 0.386995 0.34726
2.96855 0.964541 1 0.405938 0.342203
3.10072 1.19025 1.44 0.380364 0.270231
2.96855 0.964541 1 0.405938 0.342203
3.15876 1.02634 1.44 0.399889 0.265324
3.10072 1.19025 1.44 0.380364 0.270231
0.730836 0.325389 -0 0.443779 0.922061
0.746864 0.286694 -0 0.454027 0.918401
0.913545 0.406737 -0 0.431174 0.856921
0.746864 0.286694 -0 0.454027 0.918401
0.93358 0.358368 -0 0.443008 0.85254
0.913545 0.406737 -0 0.431174 0.856921
0.913545 0.406737 -0 0.431174 0.856921
0.93358 0.358368 -0 0.443008 0.85254
1.09625 0.488084 -0 0.421469 0.797348
0.93358 0.358368 -0 0.443008 0.85254
1.1203 0.430042 -0 0.434504 0.792427
1.09625 0.488084 -0 0.421469 0.797348
1.09625 0.488084 -0 0.421469 0.797348
1.1203 0.430042 -0 0.434504 0.792427
1.27896 0.569431 -0 0.414129 0.74476
1.1203 0.430042 -0 0.434504 0.792427
1.30701 0.501715 -0 0.428055 0.73948
1.27896 0.569431 -0 0.414129 0.74476
1.27896 0.569431 -0 0.414129 0.74476
1.30701 0.501715 -0 0.428055 0.73948
1.46167 0.650779 -0 0.408601 0.699258
1.30701 0.501715 -0 0.428055 0.73948
1.49373 0.573389 -0 0.423182 0.693758
1.46167 0.650779 -0 0.408601 0.699258
1.46167 0.650779 -0 0.408601 0.699258
1.49373 0.573389 -0 0.423182 0.693758
1.64438 0.732126 -0 0.404423 0.66023
1.49373 0.573389 -0 0.423182 0.693758
1.68044 0.645062 -0 0.419484 0.654609
1.64438 0.732126 -0 0.404423 0.66023
1.64438 0.732126 -0 0.404423 0.66023
1.68044 0.645062 -0 0.419484 0.654609
2.12063 0.944166 0.04 0.396169 0.576415
1.68044 0.645062 -0 0.419484 0.654609
2.16714 0.831887 0.04 0.412139 0.570694
2.12063 0.944166 0.04 0.396169 0.576415
2.12063 0.944166 0.04 0.396169 0.576415
2.16714 0.831887 0.04 0.412139 0.570694
2.30334 1.02551 0.16 0.390744 0.534964
2.16714 0.831887 0.04 0.412139 0.570694
2.35386 0.90356 0.16 0.407312 0.529195
2.30334 1.02551 0.16 0.390744 0.534964
2.30334 1.02551 0.16 0.390744 0.534964
2.35386 0.90356 0.16 0.407312 0.529195
2.48605 1.10686 0.36 0.38387 0.48397
2.35386 0.90356 0.16 0.407312 0.529195
2.54057 0.975234 0.36 0.401183 0.478171
2.48605 1.10686 0.36 0.38387 0.48397
2.48605 1.10686 0.36 0.38387 0.48397
2.54057 0.975234 0.36 0.401183 0.478171
2.66876 1.18821 0.64 0.37608 0.423094
2.54057 0.975234 0.36 0.401183 0.478171
2.72729 1.04691 0.64 0.394207 0.41732
2.66876 1.18821 0.64 0.37608 0.423094
2.66876 1.18821 0.64 0.37608 0.423094
2.72729 1.04691 0.64 0.394207 0.41732
2.85147 1.26956 1 0.368099 0.352924
2.72729 1.04691 0.64 0.394207 0.41732
2.914 1.11858 1 0.386995 0.34726
2.85147 1.26956 1 0.368099 0.352924
2.85147 1.26956 1 0.368099 0.352924
2.914 1.11858 1 0.386995 0.34726
3.03418 1.3509 1.44 0.360885 0.2757
2.914 1.11858 1 0.386995 0.34726
3.10072 1.19025 1.44 0.380364 0.270231
3.03418 1.3509 1.44 0.360885 0.2757
0.712805 0.363192 -0 0.43372 0.926161
0.730836 0.325389 -0 0.443779 0.922061
0.891007 0.453991 -0 0.419538 0.861826
0.730836 0.325389 -0 0.443779 0.922061
0.913545 0.406737 -0 0.431174 0.856921
0.891007 0.453991 -0 0.419538 0.861826
0.891007 0.453991 -0 0.419538 0.861826
0.913545 0.406737 -0 0.431174 0.856921
1.06921 0.544789 -0 0.408626 0.802859
0.913545 0.406737 -0 0.431174 0.856921
1.09625 0.488084 -0 0.421469 0.797348
1.06921 0.544789 -0 0.408626 0.802859
1.06921 0.544789 -0 0.408626 0.802859
1.09625 0.488084 -0 0.421469 0.797348
1.24741 0.635587 -0 0.400382 0.750677
1.09625 0.488084 -0 0.421469 0.797348
1.27896 0.569431 -0 0.414129 0.74476
1.24741 0.635587 -0 0.400382 0.750677
1.24741 0.635587 -0 0.400382 0.750677
1.27896 0.569431 -0 0.414129 0.74476
1.42561 0.726385 -0 0.394183 0.705422
1.27896 0.569431 -0 0.414129 0.74476
1.46167 0.650779 -0 0.408601 0.699258
1.42561 0.726385 -0 0.394183 0.705422
1.42561 0.726385 -0 0.394183 0.705422
1.46167 0.650779 -0 0.408601 0.699258
1.60381 0.817183 -0 0.389507 0.666531
1.46167 0.650779 -0 0.408601 0.699258
1.64438 0.732126 -0 0.404423 0.66023
1.60381 0.817183 -0 0.389507 0.666531
1.60381 0.817183 -0 0.389507 0.666531
1.64438 0.732126 -0 0.404423 0.66023
2.06831 1.05386 0.04 0.380303 0.582822
1.64438 0.732126 -0 0.404423 0.66023
2.12063 0.944166 0.04 0.396169 0.576415
2.06831 1.05386 0.04 0.380303 0.582822
2.06831 1.05386 0.04 0.380303 0.582822
2.12063 0.944166 0.04 0.396169 0.576415
2.24651 1.14466 0.16 0.374266 0.541414
2.12063 0.944166 0.04 0.396169 0.576415
2.30334 1.02551 0.16 0.390744 0.534964
2.24651 1.14466 0.16 0.374266 0.541414
2.24651 1.14466 0.16 0.374266 0.541414
2.30334 1.02551 0.16 0.390744 0.534964
2.42471 1.23545 0.36 0.366633 0.490441
2.30334 1.02551 0.16 0.390744 0.534964
2.48605 1.10686 0.36 0.38387 0.48397
2.42471 1.23545 0.36 0.366633 0.490441
2.42471 1.23545 0.36 0.366633 0.490441
2.48605 1.10686 0.36 0.38387 0.48397
2.60292 1.32625 0.64 0.358017 0.429519
2.48605 1.10686 0.36 0.38387 0.48397
2.66876 1.18821 0.64 0.37608 0.423094
2.60292 1.32625 0.64 0.358017 0.429519
2.60292 1.32625 0.64 0.358017 0.429519
2.66876 1.18821 0.64 0.37608 0.423094
2.78112 1.41705 1 0.349258 0.359208
2.66876 1.18821 0.64 0.37608 0.423094
2.85147 1.26956 1 0.368099 0.352924
2.78112 1.41705 1 0.349258 0.359208
2.78112 1.41705 1 0.349258 0.359208
2.85147 1.26956 1 0.368099 0.352924
2.95932 1.50785 1.44 0.341462 0.28175
2.85147 1.26956 1 0.368099 0.352924
3.03418 1.3509 1.44 0.360885 0.2757
2.95932 1.50785 1.44 0.341462 0.28175
0.69282 0.4 -0 0.423876 0.930689
0.712805 0.363192 -0 0.43372 0.926161
0.866025 0.5 -0 0.408129 0.867239
0.712805 0.363192 -0 0.43372 0.926161
0.891007 0.453991 -0 0.419538 0.861826
0.866025 0.5 -0 0.408129 0.867239
0.866025 0.5 -0 0.408129 0.867239
0.891007 0.453991 -0 0.419538 0.861826
1.03923 0.6 -0 0.396003 0.808944
0.891007 0.453991 -0 0.419538 0.861826
1.06921 0.544789 -0 0.408626 0.802859
1.03923 0.6 -0 0.396003 0.808944
1.03923 0.6 -0 0.396003 0.808944
1.06921 0.544789 -0 0.408626 0.802859
1.21244 0.7 -0 0.386839 0.757218
1.06921 0.544789 -0 0.408626 0.802859
1.24741 0.635587 -0 0.400382 0.750677
1.21244 0.7 -0 0.386839 0.757218
1.21244 0.7 -0 0.386839 0.757218
1.24741 0.635587 -0 0.400382 0.750677
1.38564 0.8 -0 0.37995 0.712242
1.24741 0.635587 -0 0.400382 0.750677
1.42561 0.726385 -0 0.394183 0.705422
1.38564 0.8 -0 0.37995 0.712242
1.38564 0.8 -0 0.37995 0.712242
1.42561 0.726385 -0 0.394183 0.705422
1.55885 0.9 -0 0.374755 0.673507
1.42561 0.726385 -0 0.394183 0.705422
1.60381 0.817183 -0 0.389507 0.666531
1.55885 0.9 -0 0.374755 0.673507
1.55885 0.9 -0 0.374755 0.673507
1.60381 0.817183 -0 0.389507 0.666531
2.01032 1.16066 0.04 0.364557 0.589917
1.60381 0.817183 -0 0.389507 0.666531
2.06831 1.05386 0.04 0.380303 0.582822
2.01032 1.16066 0.04 0.364557 0.589917
2.01032 1.16066 0.04 0.364557 0.589917
2.06831 1.05386 0.04 0.380303 0.582822
2.18353 1.26066 0.16 0.357893 0.548552
2.06831 1.05386 0.04 0.380303 0.582822
2.24651 1.14466 0.16 0.374266 0.541414
2.18353 1.26066 0.16 0.357893 0.548552
2.18353 1.26066 0.16 0.357893 0.548552
2.24651 1.14466 0.16 0.374266 0.541414
2.35673 1.36066 0.36 0.349485 0.49759
2.24651 1.14466 0.16 0.374266 0.541414
2.42471 1.23545 0.36 0.366633 0.490441
2.35673 1.36066 0.36 0.349485 0.49759
2.35673 1.36066 0.36 0.349485 0.49759
2.42471 1.23545 0.36 0.366633 0.490441
2.52994 1.46066 0.64 0.340031 0.436607
2.42471 1.23545 0.36 0.366633 0.490441
2.60292 1.32625 0.64 0.358017 0.429519
2.52994 1.46066 0.64 0.340031 0.436607
2.52994 1.46066 0.64 0.340031 0.436607
2.60292 1.32625 0.64 0.358017 0.429519
2.70314 1.56066 1 0.330487 0.366128
2.60292 1.32625 0.64 0.358017 0.429519
2.78112 1.41705 1 0.349258 0.359208
2.70314 1.56066 1 0.330487 0.366128
2.70314 1.56066 1 0.330487 0.366128
2.78112 1.41705 1 0.349258 0.359208
2.87635 1.66066 1.44 0.322114 0.2884
2.78112 1.41705 1 0.349258 0.359208
2.95932 1.50785 1.44 0.341462 0.28175
2.87635 1.66066 1.44 0.322114 0.2884
0.670936 0.435711 -0 0.414271 0.935631
0.69282 0.4 -0 0.423876 0.930689
0.838671 0.544639 -0 0.396972 0.873145
0.69282 0.4 -0 0.423876 0.930689
0.866025 0.5 -0 0.408129 0.867239
0.838671 0.544639 -0 0.396972 0.873145
0.838671 0.544639 -0 0.396972 0.873145
0.866025 0.5 -0 0.408129 0.867239
1.0064 0.653567 -0 0.383629 0.815587
0.866025 0.5 -0 0.408129 0.867239
1.03923 0.6 -0 0.396003 0.808944
1.0064 0.653567 -0 0.383629 0.815587
1.0064 0.653567 -0 0.383629 0.815587
1.03923 0.6 -0 0.396003 0.808944
1.17414 0.762495 -0 0.373529 0.764367
1.03923 0.6 -0 0.396003 0.808944
1.21244 0.7 -0 0.386839 0.757218
1.17414 0.762495 -0 0.373529 0.764367
1.17414 0.762495 -0 0.373529 0.764367
1.21244 0.7 -0 0.386839 0.757218
1.34187 0.871422 -0 0.365928 0.719707
1.21244 0.7 -0 0.386839 0.757218
1.38564 0.8 -0 0.37995 0.712242
1.34187 0.871422 -0 0.365928 0.719707
1.34187 0.871422 -0 0.365928 0.719707
1.38564 0.8 -0 0.37995 0.712242
1.50961 0.98035 -0 0.360194 0.68115
1.38564 0.8 -0 0.37995 0.712242
1.55885 0.9 -0 0.374755 0.673507
1.50961 0.98035 -0 0.360194 0.68115
1.50961 0.98035 -0 0.360194 0.68115
1.55885 0.9 -0 0.374755 0.673507
1.94682 1.26428 0.04 0.34895 0.597701
1.55885 0.9 -0 0.374755 0.673507
2.01032 1.16066 0.04 0.364557 0.589917
1.94682 1.26428 0.04 0.34895 0.597701
1.94682 1.26428 0.04 0.34895 0.597701
2.01032 1.16066 0.04 0.364557 0.589917
2.11456 1.37321 0.16 0.341643 0.556381
2.01032 1.16066 0.04 0.364557 0.589917
2.18353 1.26066 0.16 0.357893 0.548552
2.11456 1.37321 0.16 0.341643 0.556381
2.11456 1.37321 0.16 0.341643 0.556381
2.18353 1.26066 0.16 0.357893 0.548552
2.28229 1.48214 0.36 0.332446 0.505428
2.18353 1.26066 0.16 0.357893 0.548552
2.35673 1.36066 0.36 0.349485 0.49759
2.28229 1.48214 0.36 0.332446 0.505428
2.28229 1.48214 0.36 0.332446 0.505428
2.35673 1.36066 0.36 0.349485 0.49759
2.45003 1.59107 0.64 0.322141 0.444371
2.35673 1.36066 0.36 0.349485 0.49759
2.52994 1.46066 0.64 0.340031 0.436607
2.45003 1.59107 0.64 0.322141 0.444371
2.45003 1.59107 0.64 0.322141 0.444371
2.52994 1.46066 0.64 0.340031 0.436607
2.61776 1.69999 1 0.311809 0.373702
2.52994 1.46066 0.64 0.340031 0.436607
2.70314 1.56066 1 0.330487 0.366128
2.61776 1.69999 1 0.311809 0.373702
2.61776 1.69999 1 0.311809 0.373702
2.70314 1.56066 1 0.330487 0.366128
2.78549 1.80892 1.44 0.302864 0.295671
2.70314 1.56066 1 0.330487 0.366128
2.87635 1.66066 1.44 0.322114 0.2884
2.78549 1.80892 1.44 0.302864 0.295671
2.28229 1.48214 0.36 0.332446 0.505428
2.45003 1.59107 0.64 0.322141 0.444371
2.3634 1.71711 0.64 0.304374 0.452823
2.3634 1.71711 0.64 0.304374 0.452823
2.45003 1.59107 0.64 0.322141 0.444371
2.5252 1.83467 1 0.293252 0.381948
2.45003 1.59107 0.64 0.322141 0.444371
2.61776 1.69999 1 0.311809 0.373702
2.5252 1.83467 1 0.293252 0.381948
2.5252 1.83467 1 0.293252 0.381948
2.61776 1.69999 1 0.311809 0.373702
2.687 1.95222 1.44 0.283744 0.303584
2.61776 1.69999 1 0.311809 0.373702
2.78549 1.80892 1.44 0.302864 0.295671
2.687 1.95222 1.44 0.283744 0.303584
