-1.46066 -2.52994 0.64 0.719027 0.383993
-1.59107 -2.45003 0.64 0.73731 0.397396
-1.56066 -2.70314 1 0.728046 0.303153
-1.59107 -2.45003 0.64 0.73731 0.397396
-1.69999 -2.61776 1 0.746845 0.317447
-1.56066 -2.70314 1 0.728046 0.303153
-1.56066 -2.70314 1 0.728046 0.303153
-1.69999 -2.61776 1 0.746845 0.317447
-1.66066 -2.87635 1.44 0.733249 0.220141
-1.69999 -2.61776 1 0.746845 0.317447
-1.80892 -2.78549 1.44 0.752352 0.23485
-1.66066 -2.87635 1.44 0.733249 0.220141
-0.363192 -0.712805 -0 0.587458 0.899345
-0.4 -0.69282 -0 0.596696 0.902633
-0.453991 -0.891007 -0 0.605142 0.846554
-0.4 -0.69282 -0 0.596696 0.902633
-0.5 -0.866025 -0 0.616106 0.850781
-0.453991 -0.891007 -0 0.605142 0.846554
-0.453991 -0.891007 -0 0.605142 0.846554
-0.5 -0.866025 -0 0.616106 0.850781
-0.544789 -1.06921 -0 0.620305 0.794809
-0.5 -0.866025 -0 0.616106 0.850781
-0.6 -1.03923 -0 0.632727 0.800009
-0.544789 -1.06921 -0 0.620305 0.794809
-0.544789 -1.06921 -0 0.620305 0.794809
-0.6 -1.03923 -0 0.632727 0.800009
-0.635587 -1.24741 -0 0.633 0.745646
-0.6 -1.03923 -0 0.632727 0.800009
-0.7 -1.21244 -0 0.646635 0.751803
-0.635587 -1.24741 -0 0.633 0.745646
-0.635587 -1.24741 -0 0.633 0.745646
-0.7 -1.21244 -0 0.646635 0.751803
-0.726385 -1.42561 -0 0.643451 0.700031
-0.7 -1.21244 -0 0.646635 0.751803
-0.8 -1.38564 -0 0.658087 0.707086
-0.726385 -1.42561 -0 0.643451 0.700031
-0.726385 -1.42561 -0 0.643451 0.700031
-0.8 -1.38564 -0 0.658087 0.707086
-0.817183 -1.60381 -0 0.651964 0.658411
-0.8 -1.38564 -0 0.658087 0.707086
-0.9 -1.55885 -0 0.667424 0.666283
-0.817183 -1.60381 -0 0.651964 0.658411
-0.817183 -1.60381 -0 0.651964 0.658411
-0.9 -1.55885 -0 0.667424 0.666283
-1.05386 -2.06831 0.04 0.669324 0.560685
-0.9 -1.55885 -0 0.667424 0.666283
-1.16066 -2.01032 0.04 0.68644 0.570394
-1.05386 -2.06831 0.04 0.669324 0.560685
-1.05386 -2.06831 0.04 0.669324 0.560685
-1.16066 -2.01032 0.04 0.68644 0.570394
-1.14466 -2.24651 0.16 0.678673 0.509197
-1.16066 -2.01032 0.04 0.68644 0.570394
-1.26066 -2.18353 0.16 0.696512 0.519816
-1.14466 -2.24651 0.16 0.678673 0.509197
-1.14466 -2.24651 0.16 0.678673 0.509197
-1.26066 -2.18353 0.16 0.696512 0.519816
-1.23545 -2.42471 0.36 0.689302 0.445628
-1.26066 -2.18353 0.16 0.696512 0.519816
-1.36066 -2.35673 0.36 0.707893 0.45729
-1.23545 -2.42471 0.36 0.689302 0.445628
-1.23545 -2.42471 0.36 0.689302 0.445628
-1.36066 -2.35673 0.36 0.707893 0.45729
-1.32625 -2.60292 0.64 0.699754 0.371279
-1.36066 -2.35673 0.36 0.707893 0.45729
-1.46066 -2.52994 0.64 0.719027 0.383993
-1.32625 -2.60292 0.64 0.699754 0.371279
-1.32625 -2.60292 0.64 0.699754 0.371279
-1.46066 -2.52994 0.64 0.719027 0.383993
-1.41705 -2.78112 1 0.708272 0.289582
-1.46066 -2.52994 0.64 0.719027 0.383993
-1.56066 -2.70314 1 0.728046 0.303153
-1.41705 -2.78112 1 0.708272 0.289582
-1.41705 -2.78112 1 0.708272 0.289582
-1.56066 -2.70314 1 0.728046 0.303153
-1.50785 -2.95932 1.44 0.713235 0.206172
-1.56066 -2.70314 1 0.728046 0.303153
-1.66066 -2.87635 1.44 0.733249 0.220141
-1.50785 -2.95932 1.44 0.713235 0.206172
-0.244042 -0.548127 -0 0.559973 0.949043
-0.272394 -0.534604 -0 0.567462 0.951226
-0.325389 -0.730836 -0 0.577864 0.896359
-0.272394 -0.534604 -0 0.567462 0.951226
-0.363192 -0.712805 -0 0.587458 0.899345
-0.325389 -0.730836 -0 0.577864 0.896359
-0.325389 -0.730836 -0 0.577864 0.896359
-0.363192 -0.712805 -0 0.587458 0.899345
-0.406737 -0.913545 -0 0.593719 0.842687
-0.363192 -0.712805 -0 0.587458 0.899345
-0.453991 -0.891007 -0 0.605142 0.846554
-0.406737 -0.913545 -0 0.593719 0.842687
-0.406737 -0.913545 -0 0.593719 0.842687
-0.453991 -0.891007 -0 0.605142 0.846554
-0.488084 -1.09625 -0 0.607331 0.790022
-0.453991 -0.891007 -0 0.605142 0.846554
-0.544789 -1.06921 -0 0.620305 0.794809
-0.488084 -1.09625 -0 0.607331 0.790022
-0.488084 -1.09625 -0 0.607331 0.790022
-0.544789 -1.06921 -0 0.620305 0.794809
-0.569431 -1.27896 -0 0.618733 0.739952
-0.544789 -1.06921 -0 0.620305 0.794809
-0.635587 -1.24741 -0 0.633 0.745646
-0.569431 -1.27896 -0 0.618733 0.739952
-0.569431 -1.27896 -0 0.618733 0.739952
-0.635587 -1.24741 -0 0.633 0.745646
-0.650779 -1.46167 -0 0.628119 0.693482
-0.635587 -1.24741 -0 0.633 0.745646
-0.726385 -1.42561 -0 0.643451 0.700031
-0.650779 -1.46167 -0 0.628119 0.693482
-0.650779 -1.46167 -0 0.628119 0.693482
-0.726385 -1.42561 -0 0.643451 0.700031
-0.732126 -1.64438 -0 0.635757 0.651085
-0.726385 -1.42561 -0 0.643451 0.700031
-0.817183 -1.60381 -0 0.651964 0.658411
-0.732126 -1.64438 -0 0.635757 0.651085
-0.732126 -1.64438 -0 0.635757 0.651085
-0.817183 -1.60381 -0 0.651964 0.658411
-0.944166 -2.12063 0.04 0.65137 0.551606
-0.817183 -1.60381 -0 0.651964 0.658411
-1.05386 -2.06831 0.04 0.669324 0.560685
-0.944166 -2.12063 0.04 0.65137 0.551606
-0.944166 -2.12063 0.04 0.65137 0.551606
-1.05386 -2.06831 0.04 0.669324 0.560685
-1.02551 -2.30334 0.16 0.659951 0.499248
-1.05386 -2.06831 0.04 0.669324 0.560685
-1.14466 -2.24651 0.16 0.678673 0.509197
-1.02551 -2.30334 0.16 0.659951 0.499248
-1.02551 -2.30334 0.16 0.659951 0.499248
-1.14466 -2.24651 0.16 0.678673 0.509197
-1.10686 -2.48605 0.36 0.669784 0.434683
-1.14466 -2.24651 0.16 0.678673 0.509197
-1.23545 -2.42471 0.36 0.689302 0.445628
-1.10686 -2.48605 0.36 0.669784 0.434683
-1.10686 -2.48605 0.36 0.669784 0.434683
-1.23545 -2.42471 0.36 0.689302 0.445628
-1.18821 -2.66876 0.64 0.679528 0.359331
-1.23545 -2.42471 0.36 0.689302 0.445628
-1.32625 -2.60292 0.64 0.699754 0.371279
-1.18821 -2.66876 0.64 0.679528 0.359331
-1.18821 -2.66876 0.64 0.679528 0.359331
-1.32625 -2.60292 0.64 0.699754 0.371279
-1.26956 -2.85147 1 0.687553 0.276819
-1.32625 -2.60292 0.64 0.699754 0.371279
-1.41705 -2.78112 1 0.708272 0.289582
-1.26956 -2.85147 1 0.687553 0.276819
-1.26956 -2.85147 1 0.687553 0.276819
-1.41705 -2.78112 1 0.708272 0.289582
-1.3509 -3.03418 1.44 0.692338 0.193033
-1.41705 -2.78112 1 0.708272 0.289582
-1.50785 -2.95932 1.44 0.713235 0.206172
-1.3509 -3.03418 1.44 0.692338 0.193033
-0.215021 -0.560148 -0 0.552253 0.947106
-0.244042 -0.548127 -0 0.559973 0.949043
-0.286694 -0.746864 -0 0.56794 0.893684
-0.244042 -0.548127 -0 0.559973 0.949043
-0.325389 -0.730836 -0 0.577864 0.896359
-0.286694 -0.746864 -0 0.56794 0.893684
-0.286694 -0.746864 -0 0.56794 0.893684
-0.325389 -0.730836 -0 0.577864 0.896359
-0.358368 -0.93358 -0 0.581868 0.839192
-0.325389 -0.730836 -0 0.577864 0.896359
-0.406737 -0.913545 -0 0.593719 0.842687
-0.358368 -0.93358 -0 0.581868 0.839192
-0.358368 -0.93358 -0 0.581868 0.839192
-0.406737 -0.913545 -0 0.593719 0.842687
-0.430042 -1.1203 -0 0.59384 0.785666
-0.406737 -0.913545 -0 0.593719 0.842687
-0.488084 -1.09625 -0 0.607331 0.790022
-0.430042 -1.1203 -0 0.59384 0.785666
-0.430042 -1.1203 -0 0.59384 0.785666
-0.488084 -1.09625 -0 0.607331 0.790022
-0.501715 -1.30701 -0 0.603873 0.734744
-0.488084 -1.09625 -0 0.607331 0.790022
-0.569431 -1.27896 -0 0.618733 0.739952
-0.501715 -1.30701 -0 0.603873 0.734744
-0.501715 -1.30701 -0 0.603873 0.734744
-0.569431 -1.27896 -0 0.618733 0.739952
-0.573389 -1.49373 -0 0.612131 0.687472
-0.569431 -1.27896 -0 0.618733 0.739952
-0.650779 -1.46167 -0 0.628119 0.693482
-0.573389 -1.49373 -0 0.612131 0.687472
-0.573389 -1.49373 -0 0.612131 0.687472
-0.650779 -1.46167 -0 0.628119 0.693482
-0.645062 -1.68044 -0 0.618845 0.644344
-0.650779 -1.46167 -0 0.628119 0.693482
-0.732126 -1.64438 -0 0.635757 0.651085
-0.645062 -1.68044 -0 0.618845 0.644344
-0.645062 -1.68044 -0 0.618845 0.644344
-0.732126 -1.64438 -0 0.635757 0.651085
-0.831887 -2.16714 0.04 0.632624 0.54321
-0.732126 -1.64438 -0 0.635757 0.651085
-0.944166 -2.12063 0.04 0.65137 0.551606
-0.831887 -2.16714 0.04 0.632624 0.54321
-0.831887 -2.16714 0.04 0.632624 0.54321
-0.944166 -2.12063 0.04 0.65137 0.551606
-0.90356 -2.35386 0.16 0.640394 0.490027
-0.944166 -2.12063 0.04 0.65137 0.551606
-1.02551 -2.30334 0.16 0.659951 0.499248
-0.90356 -2.35386 0.16 0.640394 0.490027
-0.90356 -2.35386 0.16 0.640394 0.490027
-1.02551 -2.30334 0.16 0.659951 0.499248
-0.975234 -2.54057 0.36 0.649389 0.42452
-1.02551 -2.30334 0.16 0.659951 0.499248
-1.10686 -2.48605 0.36 0.669784 0.434683
-0.975234 -2.54057 0.36 0.649389 0.42452
-0.975234 -2.54057 0.36 0.649389 0.42452
-1.10686 -2.48605 0.36 0.669784 0.434683
-1.04691 -2.72729 0.64 0.658396 0.348226
-1.10686 -2.48605 0.36 0.669784 0.434683
-1.18821 -2.66876 0.64 0.679528 0.359331
-1.04691 -2.72729 0.64 0.658396 0.348226
-1.04691 -2.72729 0.64 0.658396 0.348226
-1.18821 -2.66876 0.64 0.679528 0.359331
-1.11858 -2.914 1 0.665935 0.264952
-1.18821 -2.66876 0.64 0.679528 0.359331
-1.26956 -2.85147 1 0.687553 0.276819
-1.11858 -2.914 1 0.665935 0.264952
-1.11858 -2.914 1 0.665935 0.264952
-1.26956 -2.85147 1 0.687553 0.276819
-1.19025 -3.10072 1.44 0.670599 0.180813
-1.26956 -2.85147 1 0.687553 0.276819
-1.3509 -3.03418 1.44 0.692338 0.193033
-1.19025 -3.10072 1.44 0.670599 0.180813
-0.18541 -0.570634 -0 0.544324 0.945416
-0.215021 -0.560148 -0 0.552253 0.947106
-0.247214 -0.760845 -0 0.557716 0.891325
-0.215021 -0.560148 -0 0.552253 0.947106
-0.286694 -0.746864 -0 0.56794 0.893684
-0.247214 -0.760845 -0 0.557716 0.891325
-0.247214 -0.760845 -0 0.557716 0.891325
-0.286694 -0.746864 -0 0.56794 0.893684
-0.309017 -0.951057 -0 0.569626 0.83608
-0.286694 -0.746864 -0 0.56794 0.893684
-0.358368 -0.93358 -0 0.581868 0.839192
-0.309017 -0.951057 -0 0.569626 0.83608
-0.309017 -0.951057 -0 0.569626 0.83608
-0.358368 -0.93358 -0 0.581868 0.839192
-0.37082 -1.14127 -0 0.579872 0.781758
-0.358368 -0.93358 -0 0.581868 0.839192
-0.430042 -1.1203 -0 0.59384 0.785666
-0.37082 -1.14127 -0 0.579872 0.781758
-0.37082 -1.14127 -0 0.579872 0.781758
-0.430042 -1.1203 -0 0.59384 0.785666
-0.432624 -1.33148 -0 0.588463 0.730048
-0.430042 -1.1203 -0 0.59384 0.785666
-0.501715 -1.30701 -0 0.603873 0.734744
-0.432624 -1.33148 -0 0.588463 0.730048
-0.432624 -1.33148 -0 0.588463 0.730048
-0.501715 -1.30701 -0 0.603873 0.734744
-0.494427 -1.52169 -0 0.595534 0.682032
-0.501715 -1.30701 -0 0.603873 0.734744
-0.573389 -1.49373 -0 0.612131 0.687472
-0.494427 -1.52169 -0 0.595534 0.682032
-0.494427 -1.52169 -0 0.595534 0.682032
-0.573389 -1.49373 -0 0.612131 0.687472
-0.556231 -1.7119 -0 0.601279 0.638225
-0.573389 -1.49373 -0 0.612131 0.687472
-0.645062 -1.68044 -0 0.618845 0.644344
-0.556231 -1.7119 -0 0.601279 0.638225
-0.556231 -1.7119 -0 0.601279 0.638225
-0.645062 -1.68044 -0 0.618845 0.644344
-0.717327 -2.20771 0.04 0.613141 0.535548
-0.645062 -1.68044 -0 0.618845 0.644344
-0.831887 -2.16714 0.04 0.632624 0.54321
-0.717327 -2.20771 0.04 0.613141 0.535548
-0.717327 -2.20771 0.04 0.613141 0.535548
-0.831887 -2.16714 0.04 0.632624 0.54321
-0.779131 -2.39792 0.16 0.62006 0.481593
-0.831887 -2.16714 0.04 0.632624 0.54321
-0.90356 -2.35386 0.16 0.640394 0.490027
-0.779131 -2.39792 0.16 0.62006 0.481593
-0.779131 -2.39792 0.16 0.62006 0.481593
-0.90356 -2.35386 0.16 0.640394 0.490027
-0.840934 -2.58813 0.36 0.628177 0.415207
-0.90356 -2.35386 0.16 0.640394 0.490027
-0.975234 -2.54057 0.36 0.649389 0.42452
-0.840934 -2.58813 0.36 0.628177 0.415207
-0.840934 -2.58813 0.36 0.628177 0.415207
-0.975234 -2.54057 0.36 0.649389 0.42452
-0.902738 -2.77834 0.64 0.63642 0.338043
-0.975234 -2.54057 0.36 0.649389 0.42452
-1.04691 -2.72729 0.64 0.658396 0.348226
-0.902738 -2.77834 0.64 0.63642 0.338043
-0.902738 -2.77834 0.64 0.63642 0.338043
-1.04691 -2.72729 0.64 0.658396 0.348226
-0.964541 -2.96855 1 0.64348 0.254068
-1.04691 -2.72729 0.64 0.658396 0.348226
-1.11858 -2.914 1 0.665935 0.264952
-0.964541 -2.96855 1 0.64348 0.254068
-0.964541 -2.96855 1 0.64348 0.254068
-1.11858 -2.914 1 0.665935 0.264952
-1.02634 -3.15876 1.44 0.648076 0.169603
-1.11858 -2.914 1 0.665935 0.264952
-1.19025 -3.10072 1.44 0.670599 0.180813
-1.02634 -3.15876 1.44 0.648076 0.169603
-0.155291 -0.579556 -0 0.536211 0.943979
-0.18541 -0.570634 -0 0.544324 0.945416
-0.207055 -0.772741 -0 0.547225 0.889291
-0.18541 -0.570634 -0 0.544324 0.945416
-0.247214 -0.760845 -0 0.557716 0.891325
-0.207055 -0.772741 -0 0.547225 0.889291
-0.207055 -0.772741 -0 0.547225 0.889291
-0.247214 -0.760845 -0 0.557716 0.891325
-0.258819 -0.965926 -0 0.557032 0.833363
-0.247214 -0.760845 -0 0.557716 0.891325
-0.309017 -0.951057 -0 0.569626 0.83608
-0.258819 -0.965926 -0 0.557032 0.833363
-0.258819 -0.965926 -0 0.557032 0.833363
-0.309017 -0.951057 -0 0.569626 0.83608
-0.310583 -1.15911 -0 0.565476 0.778315
-0.309017 -0.951057 -0 0.569626 0.83608
-0.37082 -1.14127 -0 0.579872 0.781758
-0.310583 -1.15911 -0 0.565476 0.778315
-0.310583 -1.15911 -0 0.565476 0.778315
-0.37082 -1.14127 -0 0.579872 0.781758
-0.362347 -1.3523 -0 0.572558 0.725886
-0.37082 -1.14127 -0 0.579872 0.781758
-0.432624 -1.33148 -0 0.588463 0.730048
-0.362347 -1.3523 -0 0.572558 0.725886
-0.362347 -1.3523 -0 0.572558 0.725886
-0.432624 -1.33148 -0 0.588463 0.730048
-0.41411 -1.54548 -0 0.578385 0.67719
-0.432624 -1.33148 -0 0.588463 0.730048
-0.494427 -1.52169 -0 0.595534 0.682032
-0.41411 -1.54548 -0 0.578385 0.67719
-0.41411 -1.54548 -0 0.578385 0.67719
-0.494427 -1.52169 -0 0.595534 0.682032
-0.465874 -1.73867 -0 0.583117 0.632762
-0.494427 -1.52169 -0 0.595534 0.682032
-0.556231 -1.7119 -0 0.601279 0.638225
-0.465874 -1.73867 -0 0.583117 0.632762
-0.465874 -1.73867 -0 0.583117 0.632762
-0.556231 -1.7119 -0 0.601279 0.638225
-0.600802 -2.24222 0.04 0.592985 0.528668
-0.556231 -1.7119 -0 0.601279 0.638225
-0.717327 -2.20771 0.04 0.613141 0.535548
-0.600802 -2.24222 0.04 0.592985 0.528668
-0.600802 -2.24222 0.04 0.592985 0.528668
-0.717327 -2.20771 0.04 0.613141 0.535548
-0.652566 -2.43541 0.16 0.599015 0.474001
-0.717327 -2.20771 0.04 0.613141 0.535548
-0.779131 -2.39792 0.16 0.62006 0.481593
-0.652566 -2.43541 0.16 0.599015 0.474001
-0.652566 -2.43541 0.16 0.599015 0.474001
-0.779131 -2.39792 0.16 0.62006 0.481593
-0.70433 -2.62859 0.36 0.606218 0.406812
-0.779131 -2.39792 0.16 0.62006 0.481593
-0.840934 -2.58813 0.36 0.628177 0.415207
-0.70433 -2.62859 0.36 0.606218 0.406812
-0.70433 -2.62859 0.36 0.606218 0.406812
-0.840934 -2.58813 0.36 0.628177 0.415207
-0.756093 -2.82178 0.64 0.613677 0.328859
-0.840934 -2.58813 0.36 0.628177 0.415207
-0.902738 -2.77834 0.64 0.63642 0.338043
-0.756093 -2.82178 0.64 0.613677 0.328859
-0.756093 -2.82178 0.64 0.613677 0.328859
-0.902738 -2.77834 0.64 0.63642 0.338043
-0.807857 -3.01496 1 0.620263 0.244252
-0.902738 -2.77834 0.64 0.63642 0.338043
-0.964541 -2.96855 1 0.64348 0.254068
-0.807857 -3.01496 1 0.620263 0.244252
-0.807857 -3.01496 1 0.620263 0.244252
-0.964541 -2.96855 1 0.64348 0.254068
-0.859621 -3.20815 1.44 0.624838 0.15949
-0.964541 -2.96855 1 0.64348 0.254068
-1.02634 -3.15876 1.44 0.648076 0.169603
-0.859621 -3.20815 1.44 0.624838 0.15949
-0.124747 -0.586889 -0 0.52794 0.942797
-0.155291 -0.579556 -0 0.536211 0.943979
-0.166329 -0.782518 -0 0.536501 0.887586
-0.155291 -0.579556 -0 0.536211 0.943979
-0.207055 -0.772741 -0 0.547225 0.889291
-0.166329 -0.782518 -0 0.536501 0.887586
-0.166329 -0.782518 -0 0.536501 0.887586
-0.207055 -0.772741 -0 0.547225 0.889291
-0.207912 -0.978148 -0 0.544132 0.831052
-0.207055 -0.772741 -0 0.547225 0.889291
-0.258819 -0.965926 -0 0.557032 0.833363
-0.207912 -0.978148 -0 0.544132 0.831052
-0.207912 -0.978148 -0 0.544132 0.831052
-0.258819 -0.965926 -0 0.557032 0.833363
-0.249494 -1.17378 -0 0.550704 0.775355
-0.258819 -0.965926 -0 0.557032 0.833363
-0.310583 -1.15911 -0 0.565476 0.778315
-0.249494 -1.17378 -0 0.550704 0.775355
-0.249494 -1.17378 -0 0.550704 0.775355
-0.310583 -1.15911 -0 0.565476 0.778315
-0.291076 -1.36941 -0 0.556215 0.722278
-0.310583 -1.15911 -0 0.565476 0.778315
-0.362347 -1.3523 -0 0.572558 0.725886
-0.291076 -1.36941 -0 0.556215 0.722278
-0.291076 -1.36941 -0 0.556215 0.722278
-0.362347 -1.3523 -0 0.572558 0.725886
-0.332659 -1.56504 -0 0.560748 0.672973
-0.362347 -1.3523 -0 0.572558 0.725886
-0.41411 -1.54548 -0 0.578385 0.67719
-0.332659 -1.56504 -0 0.560748 0.672973
-0.332659 -1.56504 -0 0.560748 0.672973
-0.41411 -1.54548 -0 0.578385 0.67719
-0.374241 -1.76067 -0 0.564426 0.627987
-0.41411 -1.54548 -0 0.578385 0.67719
-0.465874 -1.73867 -0 0.583117 0.632762
-0.374241 -1.76067 -0 0.564426 0.627987
-0.374241 -1.76067 -0 0.564426 0.627987
-0.465874 -1.73867 -0 0.583117 0.632762
-0.48263 -2.27059 0.04 0.572229 0.522618
-0.465874 -1.73867 -0 0.583117 0.632762
-0.600802 -2.24222 0.04 0.592985 0.528668
-0.48263 -2.27059 0.04 0.572229 0.522618
-0.48263 -2.27059 0.04 0.572229 0.522618
-0.600802 -2.24222 0.04 0.592985 0.528668
-0.524212 -2.46622 0.16 0.577338 0.467309
-0.600802 -2.24222 0.04 0.592985 0.528668
-0.652566 -2.43541 0.16 0.599015 0.474001
-0.524212 -2.46622 0.16 0.577338 0.467309
-0.524212 -2.46622 0.16 0.577338 0.467309
-0.652566 -2.43541 0.16 0.599015 0.474001
-0.565794 -2.66185 0.36 0.583595 0.399402
-0.652566 -2.43541 0.16 0.599015 0.474001
-0.70433 -2.62859 0.36 0.606218 0.406812
-0.565794 -2.66185 0.36 0.583595 0.399402
-0.565794 -2.66185 0.36 0.583595 0.399402
-0.70433 -2.62859 0.36 0.606218 0.406812
-0.607377 -2.85748 0.64 0.590255 0.32075
-0.70433 -2.62859 0.36 0.606218 0.406812
-0.756093 -2.82178 0.64 0.613677 0.328859
-0.607377 -2.85748 0.64 0.590255 0.32075
-0.607377 -2.85748 0.64 0.590255 0.32075
-0.756093 -2.82178 0.64 0.613677 0.328859
-0.648959 -3.05311 1 0.596375 0.235585
-0.756093 -2.82178 0.64 0.613677 0.328859
-0.807857 -3.01496 1 0.620263 0.244252
-0.648959 -3.05311 1 0.596375 0.235585
-0.648959 -3.05311 1 0.596375 0.235585
-0.807857 -3.01496 1 0.620263 0.244252
-0.690541 -3.24874 1.44 0.600972 0.150555
-0.807857 -3.01496 1 0.620263 0.244252
-0.859621 -3.20815 1.44 0.624838 0.15949
-0.690541 -3.24874 1.44 0.600972 0.150555
-0.0938607 -0.592613 -0 0.519538 0.941875
-0.124747 -0.586889 -0 0.52794 0.942797
-0.125148 -0.790151 -0 0.525584 0.886217
-0.124747 -0.586889 -0 0.52794 0.942797
-0.166329 -0.782518 -0 0.536501 0.887586
-0.125148 -0.790151 -0 0.525584 0.886217
-0.125148 -0.790151 -0 0.525584 0.886217
-0.166329 -0.782518 -0 0.536501 0.887586
-0.156434 -0.987688 -0 0.530973 0.829155
-0.166329 -0.782518 -0 0.536501 0.887586
-0.207912 -0.978148 -0 0.544132 0.831052
-0.156434 -0.987688 -0 0.530973 0.829155
-0.156434 -0.987688 -0 0.530973 0.829155
-0.207912 -0.978148 -0 0.544132 0.831052
-0.187721 -1.18523 -0 0.535613 0.772889
-0.207912 -0.978148 -0 0.544132 0.831052
-0.249494 -1.17378 -0 0.550704 0.775355
-0.187721 -1.18523 -0 0.535613 0.772889
-0.187721 -1.18523 -0 0.535613 0.772889
-0.249494 -1.17378 -0 0.550704 0.775355
-0.219008 -1.38276 -0 0.539501 0.719245
-0.249494 -1.17378 -0 0.550704 0.775355
-0.291076 -1.36941 -0 0.556215 0.722278
-0.219008 -1.38276 -0 0.539501 0.719245
-0.219008 -1.38276 -0 0.539501 0.719245
-0.291076 -1.36941 -0 0.556215 0.722278
-0.250295 -1.5803 -0 0.542695 0.669403
-0.291076 -1.36941 -0 0.556215 0.722278
-0.332659 -1.56504 -0 0.560748 0.672973
-0.250295 -1.5803 -0 0.542695 0.669403
-0.250295 -1.5803 -0 0.542695 0.669403
-0.332659 -1.56504 -0 0.560748 0.672973
-0.281582 -1.77784 -0 0.545282 0.623928
-0.332659 -1.56504 -0 0.560748 0.672973
-0.374241 -1.76067 -0 0.564426 0.627987
-0.281582 -1.77784 -0 0.545282 0.623928
-0.281582 -1.77784 -0 0.545282 0.623928
-0.374241 -1.76067 -0 0.564426 0.627987
-0.363135 -2.29274 0.04 0.550959 0.517442
-0.374241 -1.76067 -0 0.564426 0.627987
-0.48263 -2.27059 0.04 0.572229 0.522618
-0.363135 -2.29274 0.04 0.550959 0.517442
-0.363135 -2.29274 0.04 0.550959 0.517442
-0.48263 -2.27059 0.04 0.572229 0.522618
-0.394421 -2.49028 0.16 0.555117 0.46157
-0.48263 -2.27059 0.04 0.572229 0.522618
-0.524212 -2.46622 0.16 0.577338 0.467309
-0.394421 -2.49028 0.16 0.555117 0.46157
-0.394421 -2.49028 0.16 0.555117 0.46157
-0.524212 -2.46622 0.16 0.577338 0.467309
-0.425708 -2.68782 0.36 0.560406 0.393042
-0.524212 -2.46622 0.16 0.577338 0.467309
-0.565794 -2.66185 0.36 0.583595 0.399402
-0.425708 -2.68782 0.36 0.560406 0.393042
-0.425708 -2.68782 0.36 0.560406 0.393042
-0.565794 -2.66185 0.36 0.583595 0.399402
-0.456995 -2.88535 0.64 0.566256 0.313788
-0.565794 -2.66185 0.36 0.583595 0.399402
-0.607377 -2.85748 0.64 0.590255 0.32075
-0.456995 -2.88535 0.64 0.566256 0.313788
-0.456995 -2.88535 0.64 0.566256 0.313788
-0.607377 -2.85748 0.64 0.590255 0.32075
-0.488282 -3.08289 1 0.57192 0.228141
-0.607377 -2.85748 0.64 0.590255 0.32075
-0.648959 -3.05311 1 0.596375 0.235585
-0.488282 -3.08289 1 0.57192 0.228141
-0.488282 -3.08289 1 0.57192 0.228141
-0.648959 -3.05311 1 0.596375 0.235585
-0.519569 -3.28043 1.44 0.576573 0.142874
-0.648959 -3.05311 1 0.596375 0.235585
-0.690541 -3.24874 1.44 0.600972 0.150555
-0.519569 -3.28043 1.44 0.576573 0.142874
-0.0627171 -0.596713 -0 0.511034 0.941213
-0.0938607 -0.592613 -0 0.519538 0.941875
-0.0836228 -0.795618 -0 0.514513 0.885188
-0.0938607 -0.592613 -0 0.519538 0.941875
-0.125148 -0.790151 -0 0.525584 0.886217
-0.0836228 -0.795618 -0 0.514513 0.885188
-0.0836228 -0.795618 -0 0.514513 0.885188
-0.125148 -0.790151 -0 0.525584 0.886217
-0.104528 -0.994522 -0 0.517609 0.827683
-0.125148 -0.790151 -0 0.525584 0.886217
-0.156434 -0.987688 -0 0.530973 0.829155
-0.104528 -0.994522 -0 0.517609 0.827683
-0.104528 -0.994522 -0 0.517609 0.827683
-0.156434 -0.987688 -0 0.530973 0.829155
-0.125434 -1.19343 -0 0.520268 0.770931
-0.156434 -0.987688 -0 0.530973 0.829155
-0.187721 -1.18523 -0 0.535613 0.772889
-0.125434 -1.19343 -0 0.520268 0.770931
-0.125434 -1.19343 -0 0.520268 0.770931
-0.187721 -1.18523 -0 0.535613 0.772889
-0.14634 -1.39233 -0 0.522488 0.716802
-0.187721 -1.18523 -0 0.535613 0.772889
-0.219008 -1.38276 -0 0.539501 0.719245
-0.14634 -1.39233 -0 0.522488 0.716802
-0.14634 -1.39233 -0 0.522488 0.716802
-0.219008 -1.38276 -0 0.539501 0.719245
-0.167246 -1.59124 -0 0.524306 0.666501
-0.219008 -1.38276 -0 0.539501 0.719245
-0.250295 -1.5803 -0 0.542695 0.669403
-0.167246 -1.59124 -0 0.524306 0.666501
-0.167246 -1.59124 -0 0.524306 0.666501
-0.250295 -1.5803 -0 0.542695 0.669403
-0.188151 -1.79014 -0 0.525773 0.62061
-0.250295 -1.5803 -0 0.542695 0.669403
-0.281582 -1.77784 -0 0.545282 0.623928
-0.188151 -1.79014 -0 0.525773 0.62061
-0.188151 -1.79014 -0 0.525773 0.62061
-0.281582 -1.77784 -0 0.545282 0.623928
-0.242644 -2.3086 0.04 0.529268 0.51318
-0.281582 -1.77784 -0 0.545282 0.623928
-0.363135 -2.29274 0.04 0.550959 0.517442
-0.242644 -2.3086 0.04 0.529268 0.51318
-0.242644 -2.3086 0.04 0.529268 0.51318
-0.363135 -2.29274 0.04 0.550959 0.517442
-0.26355 -2.50751 0.16 0.532454 0.456836
-0.363135 -2.29274 0.04 0.550959 0.517442
-0.394421 -2.49028 0.16 0.555117 0.46157
-0.26355 -2.50751 0.16 0.532454 0.456836
-0.26355 -2.50751 0.16 0.532454 0.456836
-0.394421 -2.49028 0.16 0.555117 0.46157
-0.284455 -2.70641 0.36 0.53676 0.387793
-0.394421 -2.49028 0.16 0.555117 0.46157
-0.425708 -2.68782 0.36 0.560406 0.393042
-0.284455 -2.70641 0.36 0.53676 0.387793
-0.284455 -2.70641 0.36 0.53676 0.387793
-0.425708 -2.68782 0.36 0.560406 0.393042
-0.305361 -2.90532 0.64 0.541796 0.30804
-0.425708 -2.68782 0.36 0.560406 0.393042
-0.456995 -2.88535 0.64 0.566256 0.313788
-0.305361 -2.90532 0.64 0.541796 0.30804
-0.305361 -2.90532 0.64 0.541796 0.30804
-0.456995 -2.88535 0.64 0.566256 0.313788
-0.326267 -3.10422 1 0.547011 0.221986
-0.456995 -2.88535 0.64 0.566256 0.313788
-0.488282 -3.08289 1 0.57192 0.228141
-0.326267 -3.10422 1 0.547011 0.221986
-0.326267 -3.10422 1 0.547011 0.221986
-0.488282 -3.08289 1 0.57192 0.228141
-0.347172 -3.30313 1.44 0.55175 0.136511
-0.488282 -3.08289 1 0.57192 0.228141
-0.519569 -3.28043 1.44 0.576573 0.142874
-0.347172 -3.30313 1.44 0.55175 0.136511
-0.0314016 -0.599178 -0 0.502456 0.940815
-0.0627171 -0.596713 -0 0.511034 0.941213
-0.0418688 -0.798904 -0 0.50333 0.884505
-0.0627171 -0.596713 -0 0.511034 0.941213
-0.0836228 -0.795618 -0 0.514513 0.885188
-0.0418688 -0.798904 -0 0.50333 0.884505
-0.0418688 -0.798904 -0 0.50333 0.884505
-0.0836228 -0.795618 -0 0.514513 0.885188
-0.052336 -0.99863 -0 0.504093 0.826642
-0.0836228 -0.795618 -0 0.514513 0.885188
-0.104528 -0.994522 -0 0.517609 0.827683
-0.052336 -0.99863 -0 0.504093 0.826642
-0.052336 -0.99863 -0 0.504093 0.826642
-0.104528 -0.994522 -0 0.517609 0.827683
-0.0628031 -1.19836 -0 0.504734 0.769493
-0.104528 -0.994522 -0 0.517609 0.827683
-0.125434 -1.19343 -0 0.520268 0.770931
-0.0628031 -1.19836 -0 0.504734 0.769493
-0.0628031 -1.19836 -0 0.504734 0.769493
-0.125434 -1.19343 -0 0.520268 0.770931
-0.0732703 -1.39808 -0 0.505257 0.714962
-0.125434 -1.19343 -0 0.520268 0.770931
-0.14634 -1.39233 -0 0.522488 0.716802
-0.0732703 -1.39808 -0 0.505257 0.714962
-0.0732703 -1.39808 -0 0.505257 0.714962
-0.14634 -1.39233 -0 0.522488 0.716802
-0.0837375 -1.59781 -0 0.505672 0.664283
-0.14634 -1.39233 -0 0.522488 0.716802
-0.167246 -1.59124 -0 0.524306 0.666501
-0.0837375 -1.59781 -0 0.505672 0.664283
-0.0837375 -1.59781 -0 0.505672 0.664283
-0.167246 -1.59124 -0 0.524306 0.666501
-0.0942047 -1.79753 -0 0.505997 0.61805
-0.167246 -1.59124 -0 0.524306 0.666501
-0.188151 -1.79014 -0 0.525773 0.62061
-0.0942047 -1.79753 -0 0.505997 0.61805
-0.0942047 -1.79753 -0 0.505997 0.61805
-0.188151 -1.79014 -0 0.525773 0.62061
-0.121489 -2.31814 0.04 0.507268 0.509866
-0.188151 -1.79014 -0 0.525773 0.62061
-0.242644 -2.3086 0.04 0.529268 0.51318
-0.121489 -2.31814 0.04 0.507268 0.509866
-0.121489 -2.31814 0.04 0.507268 0.509866
-0.242644 -2.3086 0.04 0.529268 0.51318
-0.131956 -2.51786 0.16 0.509467 0.453156
-0.242644 -2.3086 0.04 0.529268 0.51318
-0.26355 -2.50751 0.16 0.532454 0.456836
-0.131956 -2.51786 0.16 0.509467 0.453156
-0.131956 -2.51786 0.16 0.509467 0.453156
-0.26355 -2.50751 0.16 0.532454 0.456836
-0.142423 -2.71759 0.36 0.512785 0.383713
-0.26355 -2.50751 0.16 0.532454 0.456836
-0.284455 -2.70641 0.36 0.53676 0.387793
-0.142423 -2.71759 0.36 0.512785 0.383713
-0.142423 -2.71759 0.36 0.512785 0.383713
-0.284455 -2.70641 0.36 0.53676 0.387793
-0.15289 -2.91732 0.64 0.517003 0.303564
-0.284455 -2.70641 0.36 0.53676 0.387793
-0.305361 -2.90532 0.64 0.541796 0.30804
-0.15289 -2.91732 0.64 0.517003 0.303564
-0.15289 -2.91732 0.64 0.517003 0.303564
-0.305361 -2.90532 0.64 0.541796 0.30804
-0.163357 -3.11704 1 0.521776 0.217178
-0.305361 -2.90532 0.64 0.541796 0.30804
-0.326267 -3.10422 1 0.547011 0.221986
-0.163357 -3.11704 1 0.521776 0.217178
-0.163357 -3.11704 1 0.521776 0.217178
-0.326267 -3.10422 1 0.547011 0.221986
-0.173824 -3.31677 1.44 0.526618 0.13152
-0.326267 -3.10422 1 0.547011 0.221986
-0.347172 -3.30313 1.44 0.55175 0.136511
-0.173824 -3.31677 1.44 0.526618 0.13152
-3.67394e-17 -0.6 -0 0.493837 0.940682
-0.0314016 -0.599178 -0 0.502456 0.940815
-4.89859e-17 -0.8 -0 0.49208 0.884171
-0.0314016 -0.599178 -0 0.502456 0.940815
-0.0418688 -0.798904 -0 0.50333 0.884505
-4.89859e-17 -0.8 -0 0.49208 0.884171
-4.89859e-17 -0.8 -0 0.49208 0.884171
-0.0418688 -0.798904 -0 0.50333 0.884505
-6.12323e-17 -1 -0 0.490484 0.826038
-0.0418688 -0.798904 -0 0.50333 0.884505
-0.052336 -0.99863 -0 0.504093 0.826642
-6.12323e-17 -1 -0 0.490484 0.826038
-6.12323e-17 -1 -0 0.490484 0.826038
-0.052336 -0.99863 -0 0.504093 0.826642
-7.34788e-17 -1.2 -0 0.489085 0.768583
-0.052336 -0.99863 -0 0.504093 0.826642
-0.0628031 -1.19836 -0 0.504734 0.769493
-7.34788e-17 -1.2 -0 0.489085 0.768583
-7.34788e-17 -1.2 -0 0.489085 0.768583
-0.0628031 -1.19836 -0 0.504734 0.769493
-8.57253e-17 -1.4 -0 0.487889 0.713739
-0.0628031 -1.19836 -0 0.504734 0.769493
-0.0732703 -1.39808 -0 0.505257 0.714962
-8.57253e-17 -1.4 -0 0.487889 0.713739
-8.57253e-17 -1.4 -0 0.487889 0.713739
-0.0732703 -1.39808 -0 0.505257 0.714962
-9.79717e-17 -1.6 -0 0.486888 0.662764
-0.0732703 -1.39808 -0 0.505257 0.714962
-0.0837375 -1.59781 -0 0.505672 0.664283
-9.79717e-17 -1.6 -0 0.486888 0.662764
-9.79717e-17 -1.6 -0 0.486888 0.662764
-0.0837375 -1.59781 -0 0.505672 0.664283
-1.10218e-16 -1.8 -0 0.486061 0.616267
-0.0837375 -1.59781 -0 0.505672 0.664283
-0.0942047 -1.79753 -0 0.505997 0.61805
-1.10218e-16 -1.8 -0 0.486061 0.616267
-1.10218e-16 -1.8 -0 0.486061 0.616267
-0.0942047 -1.79753 -0 0.505997 0.61805
-1.4214e-16 -2.32132 0.04 0.485096 0.507533
-0.0942047 -1.79753 -0 0.505997 0.61805
-0.121489 -2.31814 0.04 0.507268 0.509866
-1.4214e-16 -2.32132 0.04 0.485096 0.507533
-1.4214e-16 -2.32132 0.04 0.485096 0.507533
-0.121489 -2.31814 0.04 0.507268 0.509866
-1.54386e-16 -2.52132 0.16 0.486299 0.450573
-0.121489 -2.31814 0.04 0.507268 0.509866
-0.131956 -2.51786 0.16 0.509467 0.453156
-1.54386e-16 -2.52132 0.16 0.486299 0.450573
-1.54386e-16 -2.52132 0.16 0.486299 0.450573
-0.131956 -2.51786 0.16 0.509467 0.453156
-1.66633e-16 -2.72132 0.36 0.48862 0.380846
-0.131956 -2.51786 0.16 0.509467 0.453156
-0.142423 -2.71759 0.36 0.512785 0.383713
-1.66633e-16 -2.72132 0.36 0.48862 0.380846
-1.66633e-16 -2.72132 0.36 0.48862 0.380846
-0.142423 -2.71759 0.36 0.512785 0.383713
-1.78879e-16 -2.92132 0.64 0.492016 0.300402
-0.142423 -2.71759 0.36 0.512785 0.383713
-0.15289 -2.91732 0.64 0.517003 0.303564
-1.78879e-16 -2.92132 0.64 0.492016 0.300402
-1.78879e-16 -2.92132 0.64 0.492016 0.300402
-0.15289 -2.91732 0.64 0.517003 0.303564
-1.91126e-16 -3.12132 1 0.496345 0.213759
-0.15289 -2.91732 0.64 0.517003 0.303564
-0.163357 -3.11704 1 0.521776 0.217178
-1.91126e-16 -3.12132 1 0.496345 0.213759
-1.91126e-16 -3.12132 1 0.496345 0.213759
-0.163357 -3.11704 1 0.521776 0.217178
-2.03372e-16 -3.32132 1.44 0.501302 0.127942
-0.163357 -3.11704 1 0.521776 0.217178
-0.173824 -3.31677 1.44 0.526618 0.13152
-2.03372e-16 -3.32132 1.44 0.501302 0.127942
0.0314016 -0.599178 -0 0.485205 0.940816
-3.67394e-17 -0.6 -0 0.493837 0.940682
0.0418688 -0.798904 -0 0.480806 0.884188
-3.67394e-17 -0.6 -0 0.493837 0.940682
-4.89859e-17 -0.8 -0 0.49208 0.884171
0.0418688 -0.798904 -0 0.480806 0.884188
0.0418688 -0.798904 -0 0.480806 0.884188
-4.89859e-17 -0.8 -0 0.49208 0.884171
0.052336 -0.99863 -0 0.476841 0.825878
-4.89859e-17 -0.8 -0 0.49208 0.884171
-6.12323e-17 -1 -0 0.490484 0.826038
0.052336 -0.99863 -0 0.476841 0.825878
0.052336 -0.99863 -0 0.476841 0.825878
-6.12323e-17 -1 -0 0.490484 0.826038
0.0628031 -1.19836 -0 0.473392 0.768209
-6.12323e-17 -1 -0 0.490484 0.826038
-7.34788e-17 -1.2 -0 0.489085 0.768583
0.0628031 -1.19836 -0 0.473392 0.768209
0.0628031 -1.19836 -0 0.473392 0.768209
-7.34788e-17 -1.2 -0 0.489085 0.768583
0.0732703 -1.39808 -0 0.470474 0.713143
-7.34788e-17 -1.2 -0 0.489085 0.768583
-8.57253e-17 -1.4 -0 0.487889 0.713739
0.0732703 -1.39808 -0 0.470474 0.713143
0.0732703 -1.39808 -0 0.470474 0.713143
-8.57253e-17 -1.4 -0 0.487889 0.713739
0.0837375 -1.59781 -0 0.468055 0.661957
-8.57253e-17 -1.4 -0 0.487889 0.713739
-9.79717e-17 -1.6 -0 0.486888 0.662764
0.0837375 -1.59781 -0 0.468055 0.661957
0.0837375 -1.59781 -0 0.468055 0.661957
-9.79717e-17 -1.6 -0 0.486888 0.662764
0.0942047 -1.79753 -0 0.466079 0.615275
-9.79717e-17 -1.6 -0 0.486888 0.662764
-1.10218e-16 -1.8 -0 0.486061 0.616267
0.0942047 -1.79753 -0 0.466079 0.615275
0.0942047 -1.79753 -0 0.466079 0.615275
-1.10218e-16 -1.8 -0 0.486061 0.616267
0.121489 -2.31814 0.04 0.462895 0.506201
-1.10218e-16 -1.8 -0 0.486061 0.616267
-1.4214e-16 -2.32132 0.04 0.485096 0.507533
0.121489 -2.31814 0.04 0.462895 0.506201
0.121489 -2.31814 0.04 0.462895 0.506201
-1.4214e-16 -2.32132 0.04 0.485096 0.507533
0.131956 -2.51786 0.16 0.4631 0.44911
-1.4214e-16 -2.32132 0.04 0.485096 0.507533
-1.54386e-16 -2.52132 0.16 0.486299 0.450573
0.131956 -2.51786 0.16 0.4631 0.44911
0.131956 -2.51786 0.16 0.4631 0.44911
-1.54386e-16 -2.52132 0.16 0.486299 0.450573
0.142423 -2.71759 0.36 0.464415 0.379218
-1.54386e-16 -2.52132 0.16 0.486299 0.450573
-1.66633e-16 -2.72132 0.36 0.48862 0.380846
0.142423 -2.71759 0.36 0.464415 0.379218
0.142423 -2.71759 0.36 0.464415 0.379218
-1.66633e-16 -2.72132 0.36 0.48862 0.380846
0.15289 -2.91732 0.64 0.466977 0.298582
-1.66633e-16 -2.72132 0.36 0.48862 0.380846
-1.78879e-16 -2.92132 0.64 0.492016 0.300402
0.15289 -2.91732 0.64 0.466977 0.298582
0.15289 -2.91732 0.64 0.466977 0.298582
-1.78879e-16 -2.92132 0.64 0.492016 0.300402
0.163357 -3.11704 1 0.470857 0.211757
-1.78879e-16 -2.92132 0.64 0.492016 0.300402
-1.91126e-16 -3.12132 1 0.496345 0.213759
0.163357 -3.11704 1 0.470857 0.211757
0.163357 -3.11704 1 0.470857 0.211757
-1.91126e-16 -3.12132 1 0.496345 0.213759
0.173824 -3.31677 1.44 0.475927 0.125805
-1.91126e-16 -3.12132 1 0.496345 0.213759
-2.03372e-16 -3.32132 1.44 0.501302 0.127942
0.173824 -3.31677 1.44 0.475927 0.125805
0.0627171 -0.596713 -0 0.476594 0.941217
0.0314016 -0.599178 -0 0.485205 0.940816
0.0836228 -0.795618 -0 0.469555 0.88456
0.0314016 -0.599178 -0 0.485205 0.940816
0.0418688 -0.798904 -0 0.480806 0.884188
0.0836228 -0.795618 -0 0.469555 0.88456
0.0836228 -0.795618 -0 0.469555 0.88456
0.0418688 -0.798904 -0 0.480806 0.884188
0.104528 -0.994522 -0 0.463223 0.826165
0.0418688 -0.798904 -0 0.480806 0.884188
0.052336 -0.99863 -0 0.476841 0.825878
0.104528 -0.994522 -0 0.463223 0.826165
0.104528 -0.994522 -0 0.463223 0.826165
0.052336 -0.99863 -0 0.476841 0.825878
0.125434 -1.19343 -0 0.45773 0.768377
0.052336 -0.99863 -0 0.476841 0.825878
0.0628031 -1.19836 -0 0.473392 0.768209
0.125434 -1.19343 -0 0.45773 0.768377
0.125434 -1.19343 -0 0.45773 0.768377
0.0628031 -1.19836 -0 0.473392 0.768209
0.14634 -1.39233 -0 0.453099 0.713181
0.0628031 -1.19836 -0 0.473392 0.768209
0.0732703 -1.39808 -0 0.470474 0.713143
0.14634 -1.39233 -0 0.453099 0.713181
0.14634 -1.39233 -0 0.453099 0.713181
0.0732703 -1.39808 -0 0.470474 0.713143
0.167246 -1.59124 -0 0.449275 0.661874
0.0732703 -1.39808 -0 0.470474 0.713143
0.0837375 -1.59781 -0 0.468055 0.661957
0.167246 -1.59124 -0 0.449275 0.661874
0.167246 -1.59124 -0 0.449275 0.661874
0.0837375 -1.59781 -0 0.468055 0.661957
0.188151 -1.79014 -0 0.446165 0.615091
0.0837375 -1.59781 -0 0.468055 0.661957
0.0942047 -1.79753 -0 0.466079 0.615275
0.188151 -1.79014 -0 0.446165 0.615091
0.188151 -1.79014 -0 0.446165 0.615091
0.0942047 -1.79753 -0 0.466079 0.615275
0.242644 -2.3086 0.04 0.440805 0.505885
0.0942047 -1.79753 -0 0.466079 0.615275
0.121489 -2.31814 0.04 0.462895 0.506201
0.242644 -2.3086 0.04 0.440805 0.505885
0.242644 -2.3086 0.04 0.440805 0.505885
0.121489 -2.31814 0.04 0.462895 0.506201
0.26355 -2.50751 0.16 0.440016 0.448775
0.121489 -2.31814 0.04 0.462895 0.506201
0.131956 -2.51786 0.16 0.4631 0.44911
0.26355 -2.50751 0.16 0.440016 0.448775
0.26355 -2.50751 0.16 0.440016 0.448775
0.131956 -2.51786 0.16 0.4631 0.44911
0.284455 -2.70641 0.36 0.440315 0.378835
0.131956 -2.51786 0.16 0.4631 0.44911
0.142423 -2.71759 0.36 0.464415 0.379218
0.284455 -2.70641 0.36 0.440315 0.378835
0.284455 -2.70641 0.36 0.440315 0.378835
0.142423 -2.71759 0.36 0.464415 0.379218
0.305361 -2.90532 0.64 0.442031 0.298116
0.142423 -2.71759 0.36 0.464415 0.379218
0.15289 -2.91732 0.64 0.466977 0.298582
0.305361 -2.90532 0.64 0.442031 0.298116
0.305361 -2.90532 0.64 0.442031 0.298116
0.15289 -2.91732 0.64 0.466977 0.298582
0.326267 -3.10422 1 0.445449 0.211186
0.15289 -2.91732 0.64 0.466977 0.298582
0.163357 -3.11704 1 0.470857 0.211757
0.326267 -3.10422 1 0.445449 0.211186
0.326267 -3.10422 1 0.445449 0.211186
0.163357 -3.11704 1 0.470857 0.211757
0.347172 -3.30313 1.44 0.450621 0.125119
0.163357 -3.11704 1 0.470857 0.211757
0.173824 -3.31677 1.44 0.475927 0.125805
0.347172 -3.30313 1.44 0.450621 0.125119
0.0938607 -0.592613 -0 0.468034 0.941887
0.0627171 -0.596713 -0 0.476594 0.941217
0.125148 -0.790151 -0 0.458373 0.885286
0.0627171 -0.596713 -0 0.476594 0.941217
0.0836228 -0.795618 -0 0.469555 0.88456
0.125148 -0.790151 -0 0.458373 0.885286
0.125148 -0.790151 -0 0.458373 0.885286
0.0836228 -0.795618 -0 0.469555 0.88456
0.156434 -0.987688 -0 0.449692 0.8269
0.0836228 -0.795618 -0 0.469555 0.88456
0.104528 -0.994522 -0 0.463223 0.826165
0.156434 -0.987688 -0 0.449692 0.8269
0.156434 -0.987688 -0 0.449692 0.8269
0.104528 -0.994522 -0 0.463223 0.826165
0.187721 -1.18523 -0 0.442175 0.769092
0.104528 -0.994522 -0 0.463223 0.826165
0.125434 -1.19343 -0 0.45773 0.768377
0.187721 -1.18523 -0 0.442175 0.769092
0.187721 -1.18523 -0 0.442175 0.769092
0.125434 -1.19343 -0 0.45773 0.768377
0.219008 -1.38276 -0 0.435851 0.713862
0.125434 -1.19343 -0 0.45773 0.768377
0.14634 -1.39233 -0 0.453099 0.713181
0.219008 -1.38276 -0 0.435851 0.713862
0.219008 -1.38276 -0 0.435851 0.713862
0.14634 -1.39233 -0 0.453099 0.713181
0.250295 -1.5803 -0 0.430645 0.662523
0.14634 -1.39233 -0 0.453099 0.713181
0.167246 -1.59124 -0 0.449275 0.661874
0.250295 -1.5803 -0 0.430645 0.662523
0.250295 -1.5803 -0 0.430645 0.662523
0.167246 -1.59124 -0 0.449275 0.661874
0.281582 -1.77784 -0 0.426427 0.615724
0.167246 -1.59124 -0 0.449275 0.661874
0.188151 -1.79014 -0 0.446165 0.615091
0.281582 -1.77784 -0 0.426427 0.615724
0.281582 -1.77784 -0 0.426427 0.615724
0.188151 -1.79014 -0 0.446165 0.615091
0.363135 -2.29274 0.04 0.418946 0.506589
0.188151 -1.79014 -0 0.446165 0.615091
0.242644 -2.3086 0.04 0.440805 0.505885
0.363135 -2.29274 0.04 0.418946 0.506589
0.363135 -2.29274 0.04 0.418946 0.506589
0.242644 -2.3086 0.04 0.440805 0.505885
0.394421 -2.49028 0.16 0.417174 0.44956
0.242644 -2.3086 0.04 0.440805 0.505885
0.26355 -2.50751 0.16 0.440016 0.448775
0.394421 -2.49028 0.16 0.417174 0.44956
0.394421 -2.49028 0.16 0.417174 0.44956
0.26355 -2.50751 0.16 0.440016 0.448775
0.425708 -2.68782 0.36 0.416455 0.37969
0.26355 -2.50751 0.16 0.440016 0.448775
0.284455 -2.70641 0.36 0.440315 0.378835
0.425708 -2.68782 0.36 0.416455 0.37969
0.425708 -2.68782 0.36 0.416455 0.37969
0.284455 -2.70641 0.36 0.440315 0.378835
0.456995 -2.88535 0.64 0.417316 0.298997
0.284455 -2.70641 0.36 0.440315 0.378835
0.305361 -2.90532 0.64 0.442031 0.298116
0.456995 -2.88535 0.64 0.417316 0.298997
0.456995 -2.88535 0.64 0.417316 0.298997
0.305361 -2.90532 0.64 0.442031 0.298116
0.488282 -3.08289 1 0.420256 0.212043
0.305361 -2.90532 0.64 0.442031 0.298116
0.326267 -3.10422 1 0.445449 0.211186
0.488282 -3.08289 1 0.420256 0.212043
0.488282 -3.08289 1 0.420256 0.212043
0.326267 -3.10422 1 0.445449 0.211186
0.519569 -3.28043 1.44 0.425509 0.125883
0.326267 -3.10422 1 0.445449 0.211186
0.347172 -3.30313 1.44 0.450621 0.125119
0.519569 -3.28043 1.44 0.425509 0.125883
0.124747 -0.586889 -0 0.459557 0.942825
0.0938607 -0.592613 -0 0.468034 0.941887
0.166329 -0.782518 -0 0.447303 0.886368
0.0938607 -0.592613 -0 0.468034 0.941887
0.125148 -0.790151 -0 0.458373 0.885286
0.166329 -0.782518 -0 0.447303 0.886368
0.166329 -0.782518 -0 0.447303 0.886368
0.125148 -0.790151 -0 0.458373 0.885286
0.207912 -0.978148 -0 0.436307 0.828086
0.125148 -0.790151 -0 0.458373 0.885286
0.156434 -0.987688 -0 0.449692 0.8269
0.207912 -0.978148 -0 0.436307 0.828086
0.207912 -0.978148 -0 0.436307 0.828086
0.156434 -0.987688 -0 0.449692 0.8269
0.249494 -1.17378 -0 0.426799 0.770355
0.156434 -0.987688 -0 0.449692 0.8269
0.187721 -1.18523 -0 0.442175 0.769092
0.249494 -1.17378 -0 0.426799 0.770355
0.249494 -1.17378 -0 0.426799 0.770355
0.187721 -1.18523 -0 0.442175 0.769092
0.291076 -1.36941 -0 0.418817 0.715187
0.187721 -1.18523 -0 0.442175 0.769092
0.219008 -1.38276 -0 0.435851 0.713862
0.291076 -1.36941 -0 0.418817 0.715187
0.291076 -1.36941 -0 0.418817 0.715187
0.219008 -1.38276 -0 0.435851 0.713862
0.332659 -1.56504 -0 0.412263 0.66391
0.219008 -1.38276 -0 0.435851 0.713862
0.250295 -1.5803 -0 0.430645 0.662523
0.332659 -1.56504 -0 0.412263 0.66391
0.332659 -1.56504 -0 0.412263 0.66391
0.250295 -1.5803 -0 0.430645 0.662523
0.374241 -1.76067 -0 0.406966 0.617181
0.250295 -1.5803 -0 0.430645 0.662523
0.281582 -1.77784 -0 0.426427 0.615724
0.374241 -1.76067 -0 0.406966 0.617181
0.374241 -1.76067 -0 0.406966 0.617181
0.281582 -1.77784 -0 0.426427 0.615724
0.48263 -2.27059 0.04 0.397426 0.508306
0.281582 -1.77784 -0 0.426427 0.615724
0.363135 -2.29274 0.04 0.418946 0.506589
0.48263 -2.27059 0.04 0.397426 0.508306
0.48263 -2.27059 0.04 0.397426 0.508306
0.363135 -2.29274 0.04 0.418946 0.506589
0.524212 -2.46622 0.16 0.394689 0.451453
0.363135 -2.29274 0.04 0.418946 0.506589
0.394421 -2.49028 0.16 0.417174 0.44956
0.524212 -2.46622 0.16 0.394689 0.451453
0.524212 -2.46622 0.16 0.394689 0.451453
0.394421 -2.49028 0.16 0.417174 0.44956
0.565794 -2.66185 0.36 0.392962 0.381764
0.394421 -2.49028 0.16 0.417174 0.44956
0.425708 -2.68782 0.36 0.416455 0.37969
0.565794 -2.66185 0.36 0.392962 0.381764
0.565794 -2.66185 0.36 0.392962 0.381764
0.425708 -2.68782 0.36 0.416455 0.37969
0.607377 -2.85748 0.64 0.392963 0.301209
0.425708 -2.68782 0.36 0.416455 0.37969
0.456995 -2.88535 0.64 0.417316 0.298997
0.607377 -2.85748 0.64 0.392963 0.301209
0.607377 -2.85748 0.64 0.392963 0.301209
0.456995 -2.88535 0.64 0.417316 0.298997
0.648959 -3.05311 1 0.39541 0.214311
0.456995 -2.88535 0.64 0.417316 0.298997
0.488282 -3.08289 1 0.420256 0.212043
0.648959 -3.05311 1 0.39541 0.214311
0.648959 -3.05311 1 0.39541 0.214311
0.488282 -3.08289 1 0.420256 0.212043
0.690541 -3.24874 1.44 0.400711 0.128078
0.488282 -3.08289 1 0.420256 0.212043
0.519569 -3.28043 1.44 0.425509 0.125883
0.690541 -3.24874 1.44 0.400711 0.128078
0.155291 -0.579556 -0 0.451192 0.944031
0.124747 -0.586889 -0 0.459557 0.942825
0.207055 -0.772741 -0 0.436392 0.887806
0.124747 -0.586889 -0 0.459557 0.942825
0.166329 -0.782518 -0 0.447303 0.886368
0.207055 -0.772741 -0 0.436392 0.887806
0.207055 -0.772741 -0 0.436392 0.887806
0.166329 -0.782518 -0 0.447303 0.886368
0.258819 -0.965926 -0 0.423126 0.829721
0.166329 -0.782518 -0 0.447303 0.886368
0.207912 -0.978148 -0 0.436307 0.828086
0.258819 -0.965926 -0 0.423126 0.829721
0.258819 -0.965926 -0 0.423126 0.829721
0.207912 -0.978148 -0 0.436307 0.828086
0.310583 -1.15911 -0 0.411673 0.772165
0.207912 -0.978148 -0 0.436307 0.828086
0.249494 -1.17378 -0 0.426799 0.770355
0.310583 -1.15911 -0 0.411673 0.772165
0.310583 -1.15911 -0 0.411673 0.772165
0.249494 -1.17378 -0 0.426799 0.770355
0.362347 -1.3523 -0 0.402077 0.717158
0.249494 -1.17378 -0 0.426799 0.770355
0.291076 -1.36941 -0 0.418817 0.715187
0.362347 -1.3523 -0 0.402077 0.717158
0.362347 -1.3523 -0 0.402077 0.717158
0.291076 -1.36941 -0 0.418817 0.715187
0.41411 -1.54548 -0 0.394216 0.666034
0.291076 -1.36941 -0 0.418817 0.715187
0.332659 -1.56504 -0 0.412263 0.66391
0.41411 -1.54548 -0 0.394216 0.666034
0.41411 -1.54548 -0 0.394216 0.666034
0.332659 -1.56504 -0 0.412263 0.66391
0.465874 -1.73867 -0 0.387878 0.619459
0.332659 -1.56504 -0 0.412263 0.66391
0.374241 -1.76067 -0 0.406966 0.617181
0.465874 -1.73867 -0 0.387878 0.619459
0.465874 -1.73867 -0 0.387878 0.619459
0.374241 -1.76067 -0 0.406966 0.617181
0.600802 -2.24222 0.04 0.376347 0.511026
0.374241 -1.76067 -0 0.406966 0.617181
0.48263 -2.27059 0.04 0.397426 0.508306
0.600802 -2.24222 0.04 0.376347 0.511026
0.600802 -2.24222 0.04 0.376347 0.511026
0.48263 -2.27059 0.04 0.397426 0.508306
0.652566 -2.43541 0.16 0.372669 0.454435
0.48263 -2.27059 0.04 0.397426 0.508306
0.524212 -2.46622 0.16 0.394689 0.451453
0.652566 -2.43541 0.16 0.372669 0.454435
0.652566 -2.43541 0.16 0.372669 0.454435
0.524212 -2.46622 0.16 0.394689 0.451453
0.70433 -2.62859 0.36 0.369951 0.385032
0.524212 -2.46622 0.16 0.394689 0.451453
0.565794 -2.66185 0.36 0.392962 0.381764
0.70433 -2.62859 0.36 0.369951 0.385032
0.70433 -2.62859 0.36 0.369951 0.385032
0.565794 -2.66185 0.36 0.392962 0.381764
0.756093 -2.82178 0.64 0.369094 0.304721
0.565794 -2.66185 0.36 0.392962 0.381764
0.607377 -2.85748 0.64 0.392963 0.301209
0.756093 -2.82178 0.64 0.369094 0.304721
0.756093 -2.82178 0.64 0.369094 0.304721
0.607377 -2.85748 0.64 0.392963 0.301209
0.807857 -3.01496 1 0.371031 0.217962
0.607377 -2.85748 0.64 0.392963 0.301209
0.648959 -3.05311 1 0.39541 0.214311
0.807857 -3.01496 1 0.371031 0.217962
0.807857 -3.01496 1 0.371031 0.217962
0.648959 -3.05311 1 0.39541 0.214311
0.859621 -3.20815 1.44 0.37634 0.131672
0.648959 -3.05311 1 0.39541 0.214311
0.690541 -3.24874 1.44 0.400711 0.128078
0.859621 -3.20815 1.44 0.37634 0.131672
0.18541 -0.570634 -0 0.442971 0.945504
0.155291 -0.579556 -0 0.451192 0.944031
0.247214 -0.760845 -0 0.425681 0.889598
0.155291 -0.579556 -0 0.451192 0.944031
0.207055 -0.772741 -0 0.436392 0.887806
0.247214 -0.760845 -0 0.425681 0.889598
0.247214 -0.760845 -0 0.425681 0.889598
0.207055 -0.772741 -0 0.436392 0.887806
0.309017 -0.951057 -0 0.410205 0.831803
0.207055 -0.772741 -0 0.436392 0.887806
0.258819 -0.965926 -0 0.423126 0.829721
0.309017 -0.951057 -0 0.410205 0.831803
0.309017 -0.951057 -0 0.410205 0.831803
0.258819 -0.965926 -0 0.423126 0.829721
0.37082 -1.14127 -0 0.396865 0.77452
0.258819 -0.965926 -0 0.423126 0.829721
0.310583 -1.15911 -0 0.411673 0.772165
0.37082 -1.14127 -0 0.396865 0.77452
0.37082 -1.14127 -0 0.396865 0.77452
0.310583 -1.15911 -0 0.411673 0.772165
0.432624 -1.33148 -0 0.385709 0.719769
0.310583 -1.15911 -0 0.411673 0.772165
0.362347 -1.3523 -0 0.402077 0.717158
0.432624 -1.33148 -0 0.385709 0.719769
0.432624 -1.33148 -0 0.385709 0.719769
0.362347 -1.3523 -0 0.402077 0.717158
0.494427 -1.52169 -0 0.376588 0.66889
0.362347 -1.3523 -0 0.402077 0.717158
0.41411 -1.54548 -0 0.394216 0.666034
0.494427 -1.52169 -0 0.376588 0.66889
0.494427 -1.52169 -0 0.376588 0.66889
0.41411 -1.54548 -0 0.394216 0.666034
0.556231 -1.7119 -0 0.369248 0.622549
0.41411 -1.54548 -0 0.394216 0.666034
0.465874 -1.73867 -0 0.387878 0.619459
0.556231 -1.7119 -0 0.369248 0.622549
0.556231 -1.7119 -0 0.369248 0.622549
0.465874 -1.73867 -0 0.387878 0.619459
0.717327 -2.20771 0.04 0.355801 0.514727
0.465874 -1.73867 -0 0.387878 0.619459
0.600802 -2.24222 0.04 0.376347 0.511026
0.717327 -2.20771 0.04 0.355801 0.514727
0.717327 -2.20771 0.04 0.355801 0.514727
0.600802 -2.24222 0.04 0.376347 0.511026
0.779131 -2.39792 0.16 0.351211 0.45848
0.600802 -2.24222 0.04 0.376347 0.511026
0.652566 -2.43541 0.16 0.372669 0.454435
0.779131 -2.39792 0.16 0.351211 0.45848
0.779131 -2.39792 0.16 0.351211 0.45848
0.652566 -2.43541 0.16 0.372669 0.454435
0.840934 -2.58813 0.36 0.347526 0.389461
0.652566 -2.43541 0.16 0.372669 0.454435
0.70433 -2.62859 0.36 0.369951 0.385032
0.840934 -2.58813 0.36 0.347526 0.389461
0.840934 -2.58813 0.36 0.347526 0.389461
0.70433 -2.62859 0.36 0.369951 0.385032
0.902738 -2.77834 0.64 0.34582 0.309498
0.70433 -2.62859 0.36 0.369951 0.385032
0.756093 -2.82178 0.64 0.369094 0.304721
0.902738 -2.77834 0.64 0.34582 0.309498
0.902738 -2.77834 0.64 0.34582 0.309498
0.756093 -2.82178 0.64 0.369094 0.304721
0.964541 -2.96855 1 0.347231 0.222953
0.756093 -2.82178 0.64 0.369094 0.304721
0.807857 -3.01496 1 0.371031 0.217962
0.964541 -2.96855 1 0.347231 0.222953
0.964541 -2.96855 1 0.347231 0.222953
0.807857 -3.01496 1 0.371031 0.217962
1.02634 -3.15876 1.44 0.352497 0.136621
0.807857 -3.01496 1 0.371031 0.217962
0.859621 -3.20815 1.44 0.37634 0.131672
1.02634 -3.15876 1.44 0.352497 0.136621
0.215021 -0.560148 -0 0.434923 0.947243
0.18541 -0.570634 -0 0.442971 0.945504
0.286694 -0.746864 -0 0.415212 0.891742
0.18541 -0.570634 -0 0.442971 0.945504
0.247214 -0.760845 -0 0.425681 0.889598
0.286694 -0.746864 -0 0.415212 0.891742
0.286694 -0.746864 -0 0.415212 0.891742
0.247214 -0.760845 -0 0.425681 0.889598
0.358368 -0.93358 -0 0.397597 0.834329
0.247214 -0.760845 -0 0.425681 0.889598
0.309017 -0.951057 -0 0.410205 0.831803
0.358368 -0.93358 -0 0.397597 0.834329
0.358368 -0.93358 -0 0.397597 0.834329
0.309017 -0.951057 -0 0.410205 0.831803
0.430042 -1.1203 -0 0.382439 0.777414
0.309017 -0.951057 -0 0.410205 0.831803
0.37082 -1.14127 -0 0.396865 0.77452
0.430042 -1.1203 -0 0.382439 0.777414
0.430042 -1.1203 -0 0.382439 0.777414
0.37082 -1.14127 -0 0.396865 0.77452
0.501715 -1.30701 -0 0.369784 0.723014
0.37082 -1.14127 -0 0.396865 0.77452
0.432624 -1.33148 -0 0.385709 0.719769
0.501715 -1.30701 -0 0.369784 0.723014
0.501715 -1.30701 -0 0.369784 0.723014
0.432624 -1.33148 -0 0.385709 0.719769
0.573389 -1.49373 -0 0.359456 0.672466
0.432624 -1.33148 -0 0.385709 0.719769
0.494427 -1.52169 -0 0.376588 0.66889
0.573389 -1.49373 -0 0.359456 0.672466
0.573389 -1.49373 -0 0.359456 0.672466
0.494427 -1.52169 -0 0.376588 0.66889
0.645062 -1.68044 -0 0.351158 0.626438
0.494427 -1.52169 -0 0.376588 0.66889
0.556231 -1.7119 -0 0.369248 0.622549
0.645062 -1.68044 -0 0.351158 0.626438
0.645062 -1.68044 -0 0.351158 0.626438
0.556231 -1.7119 -0 0.369248 0.622549
0.831887 -2.16714 0.04 0.335874 0.519383
0.556231 -1.7119 -0 0.369248 0.622549
0.717327 -2.20771 0.04 0.355801 0.514727
0.831887 -2.16714 0.04 0.335874 0.519383
0.831887 -2.16714 0.04 0.335874 0.519383
0.717327 -2.20771 0.04 0.355801 0.514727
0.90356 -2.35386 0.16 0.330406 0.463558
0.717327 -2.20771 0.04 0.355801 0.514727
0.779131 -2.39792 0.16 0.351211 0.45848
0.90356 -2.35386 0.16 0.330406 0.463558
0.90356 -2.35386 0.16 0.330406 0.463558
0.779131 -2.39792 0.16 0.351211 0.45848
0.975234 -2.54057 0.36 0.325783 0.395014
0.779131 -2.39792 0.16 0.351211 0.45848
0.840934 -2.58813 0.36 0.347526 0.389461
0.975234 -2.54057 0.36 0.325783 0.395014
0.975234 -2.54057 0.36 0.325783 0.395014
0.840934 -2.58813 0.36 0.347526 0.389461
1.04691 -2.72729 0.64 0.323241 0.315493
0.840934 -2.58813 0.36 0.347526 0.389461
0.902738 -2.77834 0.64 0.34582 0.309498
1.04691 -2.72729 0.64 0.323241 0.315493
1.04691 -2.72729 0.64 0.323241 0.315493
0.902738 -2.77834 0.64 0.34582 0.309498
1.11858 -2.914 1 0.32411 0.229234
0.902738 -2.77834 0.64 0.34582 0.309498
0.964541 -2.96855 1 0.347231 0.222953
1.11858 -2.914 1 0.32411 0.229234
1.11858 -2.914 1 0.32411 0.229234
0.964541 -2.96855 1 0.347231 0.222953
1.19025 -3.10072 1.44 0.329274 0.142867
0.964541 -2.96855 1 0.347231 0.222953
1.02634 -3.15876 1.44 0.352497 0.136621
1.19025 -3.10072 1.44 0.329274 0.142867
0.244042 -0.548127 -0 0.427074 0.949246
0.215021 -0.560148 -0 0.434923 0.947243
0.325389 -0.730836 -0 0.405024 0.894236
0.215021 -0.560148 -0 0.434923 0.947243
0.286694 -0.746864 -0 0.415212 0.891742
0.325389 -0.730836 -0 0.405024 0.894236
0.325389 -0.730836 -0 0.405024 0.894236
0.286694 -0.746864 -0 0.415212 0.891742
0.406737 -0.913545 -0 0.385353 0.837295
0.286694 -0.746864 -0 0.415212 0.891742
0.358368 -0.93358 -0 0.397597 0.834329
0.406737 -0.913545 -0 0.385353 0.837295
0.406737 -0.913545 -0 0.385353 0.837295
0.358368 -0.93358 -0 0.397597 0.834329
0.488084 -1.09625 -0 0.368453 0.780839
0.358368 -0.93358 -0 0.397597 0.834329
0.430042 -1.1203 -0 0.382439 0.777414
0.488084 -1.09625 -0 0.368453 0.780839
0.488084 -1.09625 -0 0.368453 0.780839
0.430042 -1.1203 -0 0.382439 0.777414
0.569431 -1.27896 -0 0.354369 0.72688
0.430042 -1.1203 -0 0.382439 0.777414
0.501715 -1.30701 -0 0.369784 0.723014
0.569431 -1.27896 -0 0.354369 0.72688
0.569431 -1.27896 -0 0.354369 0.72688
0.501715 -1.30701 -0 0.369784 0.723014
0.650779 -1.46167 -0 0.342891 0.676748
0.501715 -1.30701 -0 0.369784 0.723014
0.573389 -1.49373 -0 0.359456 0.672466
0.650779 -1.46167 -0 0.342891 0.676748
0.650779 -1.46167 -0 0.342891 0.676748
0.573389 -1.49373 -0 0.359456 0.672466
0.732126 -1.64438 -0 0.33368 0.631104
0.573389 -1.49373 -0 0.359456 0.672466
0.645062 -1.68044 -0 0.351158 0.626438
0.732126 -1.64438 -0 0.33368 0.631104
0.732126 -1.64438 -0 0.33368 0.631104
0.645062 -1.68044 -0 0.351158 0.626438
0.944166 -2.12063 0.04 0.316643 0.524966
0.645062 -1.68044 -0 0.351158 0.626438
0.831887 -2.16714 0.04 0.335874 0.519383
0.944166 -2.12063 0.04 0.316643 0.524966
0.944166 -2.12063 0.04 0.316643 0.524966
0.831887 -2.16714 0.04 0.335874 0.519383
1.02551 -2.30334 0.16 0.310334 0.469633
0.831887 -2.16714 0.04 0.335874 0.519383
0.90356 -2.35386 0.16 0.330406 0.463558
1.02551 -2.30334 0.16 0.310334 0.469633
1.02551 -2.30334 0.16 0.310334 0.469633
0.90356 -2.35386 0.16 0.330406 0.463558
1.10686 -2.48605 0.36 0.304807 0.401648
0.90356 -2.35386 0.16 0.330406 0.463558
0.975234 -2.54057 0.36 0.325783 0.395014
1.10686 -2.48605 0.36 0.304807 0.401648
1.10686 -2.48605 0.36 0.304807 0.401648
0.975234 -2.54057 0.36 0.325783 0.395014
1.18821 -2.66876 0.64 0.301445 0.322654
0.975234 -2.54057 0.36 0.325783 0.395014
1.04691 -2.72729 0.64 0.323241 0.315493
1.18821 -2.66876 0.64 0.301445 0.322654
1.18821 -2.66876 0.64 0.301445 0.322654
1.04691 -2.72729 0.64 0.323241 0.315493
1.26956 -2.85147 1 0.301751 0.236742
1.04691 -2.72729 0.64 0.323241 0.315493
1.11858 -2.914 1 0.32411 0.229234
1.26956 -2.85147 1 0.301751 0.236742
1.26956 -2.85147 1 0.301751 0.236742
1.11858 -2.914 1 0.32411 0.229234
1.3509 -3.03418 1.44 0.306746 0.150345
1.11858 -2.914 1 0.32411 0.229234
1.19025 -3.10072 1.44 0.329274 0.142867
1.3509 -3.03418 1.44 0.306746 0.150345
0.272394 -0.534604 -0 0.419452 0.951512
0.244042 -0.548127 -0 0.427074 0.949246
0.363192 -0.712805 -0 0.395154 0.897077
0.244042 -0.548127 -0 0.427074 0.949246
0.325389 -0.730836 -0 0.405024 0.894236
0.363192 -0.712805 -0 0.395154 0.897077
0.363192 -0.712805 -0 0.395154 0.897077
0.325389 -0.730836 -0 0.405024 0.894236
0.453991 -0.891007 -0 0.373517 0.840695
0.325389 -0.730836 -0 0.405024 0.894236
0.406737 -0.913545 -0 0.385353 0.837295
0.453991 -0.891007 -0 0.373517 0.840695
0.453991 -0.891007 -0 0.373517 0.840695
0.406737 -0.913545 -0 0.385353 0.837295
0.544789 -1.06921 -0 0.354962 0.784787
0.406737 -0.913545 -0 0.385353 0.837295
0.488084 -1.09625 -0 0.368453 0.780839
0.544789 -1.06921 -0 0.354962 0.784787
0.544789 -1.06921 -0 0.354962 0.784787
0.488084 -1.09625 -0 0.368453 0.780839
0.635587 -1.24741 -0 0.339522 0.731354
0.488084 -1.09625 -0 0.368453 0.780839
0.569431 -1.27896 -0 0.354369 0.72688
0.635587 -1.24741 -0 0.339522 0.731354
0.635587 -1.24741 -0 0.339522 0.731354
0.569431 -1.27896 -0 0.354369 0.72688
0.726385 -1.42561 -0 0.326955 0.681715
0.569431 -1.27896 -0 0.354369 0.72688
0.650779 -1.46167 -0 0.342891 0.676748
0.726385 -1.42561 -0 0.326955 0.681715
0.726385 -1.42561 -0 0.326955 0.681715
0.650779 -1.46167 -0 0.342891 0.676748
0.817183 -1.60381 -0 0.31688 0.636523
0.650779 -1.46167 -0 0.342891 0.676748
0.732126 -1.64438 -0 0.33368 0.631104
0.817183 -1.60381 -0 0.31688 0.636523
0.817183 -1.60381 -0 0.31688 0.636523
0.732126 -1.64438 -0 0.33368 0.631104
1.05386 -2.06831 0.04 0.298179 0.531438
0.732126 -1.64438 -0 0.33368 0.631104
0.944166 -2.12063 0.04 0.316643 0.524966
1.05386 -2.06831 0.04 0.298179 0.531438
1.05386 -2.06831 0.04 0.298179 0.531438
0.944166 -2.12063 0.04 0.316643 0.524966
1.14466 -2.24651 0.16 0.291067 0.476663
0.944166 -2.12063 0.04 0.316643 0.524966
1.02551 -2.30334 0.16 0.310334 0.469633
1.14466 -2.24651 0.16 0.291067 0.476663
1.14466 -2.24651 0.16 0.291067 0.476663
1.02551 -2.30334 0.16 0.310334 0.469633
1.23545 -2.42471 0.36 0.284671 0.409313
1.02551 -2.30334 0.16 0.310334 0.469633
1.10686 -2.48605 0.36 0.304807 0.401648
1.23545 -2.42471 0.36 0.284671 0.409313
1.23545 -2.42471 0.36 0.284671 0.409313
1.10686 -2.48605 0.36 0.304807 0.401648
1.32625 -2.60292 0.64 0.280505 0.330924
1.10686 -2.48605 0.36 0.304807 0.401648
1.18821 -2.66876 0.64 0.301445 0.322654
1.32625 -2.60292 0.64 0.280505 0.330924
1.32625 -2.60292 0.64 0.280505 0.330924
1.18821 -2.66876 0.64 0.301445 0.322654
1.41705 -2.78112 1 0.280223 0.245409
1.18821 -2.66876 0.64 0.301445 0.322654
1.26956 -2.85147 1 0.301751 0.236742
1.41705 -2.78112 1 0.280223 0.245409
1.41705 -2.78112 1 0.280223 0.245409
1.26956 -2.85147 1 0.301751 0.236742
1.50785 -2.95932 1.44 0.284972 0.158981
1.26956 -2.85147 1 0.301751 0.236742
1.3509 -3.03418 1.44 0.306746 0.150345
1.50785 -2.95932 1.44 0.284972 0.158981
0.272394 -0.534604 -0 0.419452 0.951512
0.363192 -0.712805 -0 0.395154 0.897077
0.4 -0.69282 -0 0.385635 0.900261
0.4 -0.69282 -0 0.385635 0.900261
0.363192 -0.712805 -0 0.395154 0.897077
0.5 -0.866025 -0 0.362132 0.844522
0.363192 -0.712805 -0 0.395154 0.897077
0.453991 -0.891007 -0 0.373517 0.840695
0.5 -0.866025 -0 0.362132 0.844522
0.5 -0.866025 -0 0.362132 0.844522
0.453991 -0.891007 -0 0.373517 0.840695
0.6 -1.03923 -0 0.342012 0.789246
0.453991 -0.891007 -0 0.373517 0.840695
0.544789 -1.06921 -0 0.354962 0.784787
0.6 -1.03923 -0 0.342012 0.789246
0.6 -1.03923 -0 0.342012 0.789246
0.544789 -1.06921 -0 0.354962 0.784787
0.7 -1.21244 -0 0.325295 0.73642
0.544789 -1.06921 -0 0.354962 0.784787
0.635587 -1.24741 -0 0.339522 0.731354
0.7 -1.21244 -0 0.325295 0.73642
0.7 -1.21244 -0 0.325295 0.73642
0.635587 -1.24741 -0 0.339522 0.731354
0.8 -1.38564 -0 0.311705 0.687347
0.635587 -1.24741 -0 0.339522 0.731354
0.726385 -1.42561 -0 0.326955 0.681715
0.8 -1.38564 -0 0.311705 0.687347
0.8 -1.38564 -0 0.311705 0.687347
0.726385 -1.42561 -0 0.326955 0.681715
0.9 -1.55885 -0 0.300815 0.642668
0.726385 -1.42561 -0 0.326955 0.681715
0.817183 -1.60381 -0 0.31688 0.636523
0.9 -1.55885 -0 0.300815 0.642668
0.9 -1.55885 -0 0.300815 0.642668
0.817183 -1.60381 -0 0.31688 0.636523
1.16066 -2.01032 0.04 0.28054 0.538762
0.817183 -1.60381 -0 0.31688 0.636523
1.05386 -2.06831 0.04 0.298179 0.531438
1.16066 -2.01032 0.04 0.28054 0.538762
1.16066 -2.01032 0.04 0.28054 0.538762
1.05386 -2.06831 0.04 0.298179 0.531438
1.26066 -2.18353 0.16 0.272666 0.484604
1.05386 -2.06831 0.04 0.298179 0.531438
1.14466 -2.24651 0.16 0.291067 0.476663
1.26066 -2.18353 0.16 0.272666 0.484604
1.26066 -2.18353 0.16 0.272666 0.484604
1.14466 -2.24651 0.16 0.291067 0.476663
1.36066 -2.35673 0.36 0.265436 0.417956
1.14466 -2.24651 0.16 0.291067 0.476663
1.23545 -2.42471 0.36 0.284671 0.409313
1.36066 -2.35673 0.36 0.265436 0.417956
1.36066 -2.35673 0.36 0.265436 0.417956
1.23545 -2.42471 0.36 0.284671 0.409313
1.46066 -2.52994 0.64 0.260479 0.340237
1.23545 -2.42471 0.36 0.284671 0.409313
1.32625 -2.60292 0.64 0.280505 0.330924
1.46066 -2.52994 0.64 0.260479 0.340237
1.46066 -2.52994 0.64 0.260479 0.340237
1.32625 -2.60292 0.64 0.280505 0.330924
1.56066 -2.70314 1 0.259578 0.25516
1.32625 -2.60292 0.64 0.280505 0.330924
1.41705 -2.78112 1 0.280223 0.245409
1.56066 -2.70314 1 0.259578 0.25516
1.56066 -2.70314 1 0.259578 0.25516
1.41705 -2.78112 1 0.280223 0.245409
1.66066 -2.87635 1.44 0.263999 0.168699
1.41705 -2.78112 1 0.280223 0.245409
1.50785 -2.95932 1.44 0.284972 0.158981
1.66066 -2.87635 1.44 0.263999 0.168699
0.435711 -0.670936 -0 0.376497 0.903784
0.4 -0.69282 -0 0.385635 0.900261
0.544639 -0.838671 -0 0.351234 0.84877
0.4 -0.69282 -0 0.385635 0.900261
0.5 -0.866025 -0 0.362132 0.844522
0.544639 -0.838671 -0 0.351234 0.84877
0.544639 -0.838671 -0 0.351234 0.84877
0.5 -0.866025 -0 0.362132 0.844522
0.653567 -1.0064 -0 0.329646 0.794205
0.5 -0.866025 -0 0.362132 0.844522
0.6 -1.03923 -0 0.342012 0.789246
0.653567 -1.0064 -0 0.329646 0.794205
0.653567 -1.0064 -0 0.329646 0.794205
0.6 -1.03923 -0 0.342012 0.789246
0.762495 -1.17414 -0 0.311734 0.742059
0.6 -1.03923 -0 0.342012 0.789246
0.7 -1.21244 -0 0.325295 0.73642
0.762495 -1.17414 -0 0.311734 0.742059
1.26066 -2.18353 0.16 0.272666 0.484604
1.36066 -2.35673 0.36 0.265436 0.417956
1.48214 -2.28229 0.36 0.247145 0.427523
1.48214 -2.28229 0.36 0.247145 0.427523
1.36066 -2.35673 0.36 0.265436 0.417956
1.59107 -2.45003 0.64 0.241405 0.350526
1.36066 -2.35673 0.36 0.265436 0.417956
1.46066 -2.52994 0.64 0.260479 0.340237
1.59107 -2.45003 0.64 0.241405 0.350526
1.59107 -2.45003 0.64 0.241405 0.350526
1.46066 -2.52994 0.64 0.260479 0.340237
1.69999 -2.61776 1 0.23985 0.265919
1.46066 -2.52994 0.64 0.260479 0.340237
1.56066 -2.70314 1 0.259578 0.25516
1.69999 -2.61776 1 0.23985 0.265919
1.69999 -2.61776 1 0.23985 0.265919
1.56066 -2.70314 1 0.259578 0.25516
1.80892 -2.78549 1.44 0.243856 0.179419
1.56066 -2.70314 1 0.259578 0.25516
1.66066 -2.87635 1.44 0.263999 0.168699
1.80892 -2.78549 1.44 0.243856 0.179419
