0.193185 0.542242 -0 0.562458 0.996012
0.19563 0.542242 -0 0.563131 0.995909
0.38637 0.542242 -0 0.614098 0.984297
0.19563 0.542242 -0 0.563131 0.995909
0.391259 0.542242 -0 0.615354 0.983914
0.38637 0.542242 -0 0.614098 0.984297
0.38637 0.542242 -0 0.614098 0.984297
0.391259 0.542242 -0 0.615354 0.983914
0.579556 0.542242 -0 0.661364 0.966494
0.391259 0.542242 -0 0.615354 0.983914
0.586889 0.542242 -0 0.663054 0.965725
0.579556 0.542242 -0 0.661364 0.966494
0.579556 0.542242 -0 0.661364 0.966494
0.586889 0.542242 -0 0.663054 0.965725
0.772741 0.542242 -0 0.703131 0.944604
0.586889 0.542242 -0 0.663054 0.965725
0.782518 0.542242 -0 0.70509 0.943424
0.772741 0.542242 -0 0.703131 0.944604
0.772741 0.542242 -0 0.703131 0.944604
0.782518 0.542242 -0 0.70509 0.943424
0.965926 0.542242 -0 0.739108 0.920573
0.782518 0.542242 -0 0.70509 0.943424
0.978148 0.542242 -0 0.741194 0.91902
0.965926 0.542242 -0 0.739108 0.920573
0.190211 0.542242 -0 0.561638 0.996135
0.193185 0.542242 -0 0.562458 0.996012
0.380423 0.542242 -0 0.612565 0.984759
0.193185 0.542242 -0 0.562458 0.996012
0.38637 0.542242 -0 0.614098 0.984297
0.380423 0.542242 -0 0.612565 0.984759
0.380423 0.542242 -0 0.612565 0.984759
0.38637 0.542242 -0 0.614098 0.984297
0.570634 0.542242 -0 0.659297 0.967422
0.38637 0.542242 -0 0.614098 0.984297
0.579556 0.542242 -0 0.661364 0.966494
0.570634 0.542242 -0 0.659297 0.967422
0.570634 0.542242 -0 0.659297 0.967422
0.579556 0.542242 -0 0.661364 0.966494
0.760845 0.542242 -0 0.700727 0.946032
0.579556 0.542242 -0 0.661364 0.966494
0.772741 0.542242 -0 0.703131 0.944604
0.760845 0.542242 -0 0.700727 0.946032
0.760845 0.542242 -0 0.700727 0.946032
0.772741 0.542242 -0 0.703131 0.944604
0.951057 0.542242 -0 0.73654 0.92246
0.772741 0.542242 -0 0.703131 0.944604
0.965926 0.542242 -0 0.739108 0.920573
0.951057 0.542242 -0 0.73654 0.92246
0.186716 0.542242 -0 0.560674 0.996278
0.190211 0.542242 -0 0.561638 0.996135
0.373432 0.542242 -0 0.610758 0.985293
0.190211 0.542242 -0 0.561638 0.996135
0.380423 0.542242 -0 0.612565 0.984759
0.373432 0.542242 -0 0.610758 0.985293
0.373432 0.542242 -0 0.610758 0.985293
0.380423 0.542242 -0 0.612565 0.984759
0.560148 0.542242 -0 0.656853 0.968501
0.380423 0.542242 -0 0.612565 0.984759
0.570634 0.542242 -0 0.659297 0.967422
0.560148 0.542242 -0 0.656853 0.968501
0.560148 0.542242 -0 0.656853 0.968501
0.570634 0.542242 -0 0.659297 0.967422
0.746864 0.542242 -0 0.697873 0.947699
0.570634 0.542242 -0 0.659297 0.967422
0.760845 0.542242 -0 0.700727 0.946032
0.746864 0.542242 -0 0.697873 0.947699
0.746864 0.542242 -0 0.697873 0.947699
0.760845 0.542242 -0 0.700727 0.946032
0.93358 0.542242 -0 0.73348 0.924673
0.760845 0.542242 -0 0.700727 0.946032
0.951057 0.542242 -0 0.73654 0.92246
0.93358 0.542242 -0 0.73348 0.924673
0.182709 0.542242 -0 0.559568 0.996439
0.186716 0.542242 -0 0.560674 0.996278
0.365418 0.542242 -0 0.60868 0.985896
0.186716 0.542242 -0 0.560674 0.996278
0.373432 0.542242 -0 0.610758 0.985293
0.365418 0.542242 -0 0.60868 0.985896
0.365418 0.542242 -0 0.60868 0.985896
0.373432 0.542242 -0 0.610758 0.985293
0.548127 0.542242 -0 0.65403 0.969723
0.373432 0.542242 -0 0.610758 0.985293
0.560148 0.542242 -0 0.656853 0.968501
0.548127 0.542242 -0 0.65403 0.969723
0.548127 0.542242 -0 0.65403 0.969723
0.560148 0.542242 -0 0.656853 0.968501
0.730836 0.542242 -0 0.694564 0.949596
0.560148 0.542242 -0 0.656853 0.968501
0.746864 0.542242 -0 0.697873 0.947699
0.730836 0.542242 -0 0.694564 0.949596
0.730836 0.542242 -0 0.694564 0.949596
0.746864 0.542242 -0 0.697873 0.947699
0.913545 0.542242 -0 0.729916 0.927203
0.746864 0.542242 -0 0.697873 0.947699
0.93358 0.542242 -0 0.73348 0.924673
0.913545 0.542242 -0 0.729916 0.927203
0.178201 0.542242 -0 0.558322 0.996616
0.182709 0.542242 -0 0.559568 0.996439
0.356403 0.542242 -0 0.606333 0.986561
0.182709 0.542242 -0 0.559568 0.996439
0.365418 0.542242 -0 0.60868 0.985896
0.356403 0.542242 -0 0.606333 0.986561
0.356403 0.542242 -0 0.606333 0.986561
0.365418 0.542242 -0 0.60868 0.985896
0.534604 0.542242 -0 0.65083 0.971077
0.365418 0.542242 -0 0.60868 0.985896
0.548127 0.542242 -0 0.65403 0.969723
0.534604 0.542242 -0 0.65083 0.971077
0.534604 0.542242 -0 0.65083 0.971077
0.548127 0.542242 -0 0.65403 0.969723
0.712805 0.542242 -0 0.690793 0.951709
0.548127 0.542242 -0 0.65403 0.969723
0.730836 0.542242 -0 0.694564 0.949596
0.712805 0.542242 -0 0.690793 0.951709
0.712805 0.542242 -0 0.690793 0.951709
0.730836 0.542242 -0 0.694564 0.949596
0.891007 0.542242 -0 0.725833 0.930036
0.730836 0.542242 -0 0.694564 0.949596
0.913545 0.542242 -0 0.729916 0.927203
0.891007 0.542242 -0 0.725833 0.930036
0.173205 0.542242 -0 0.55694 0.996807
0.178201 0.542242 -0 0.558322 0.996616
0.34641 0.542242 -0 0.603721 0.987281
0.178201 0.542242 -0 0.558322 0.996616
0.356403 0.542242 -0 0.606333 0.986561
0.34641 0.542242 -0 0.603721 0.987281
0.34641 0.542242 -0 0.603721 0.987281
0.356403 0.542242 -0 0.606333 0.986561
0.519615 0.542242 -0 0.647252 0.972552
0.356403 0.542242 -0 0.606333 0.986561
0.534604 0.542242 -0 0.65083 0.971077
0.519615 0.542242 -0 0.647252 0.972552
0.519615 0.542242 -0 0.647252 0.972552
0.534604 0.542242 -0 0.65083 0.971077
0.69282 0.542242 -0 0.686554 0.954024
0.534604 0.542242 -0 0.65083 0.971077
0.712805 0.542242 -0 0.690793 0.951709
0.69282 0.542242 -0 0.686554 0.954024
0.69282 0.542242 -0 0.686554 0.954024
0.712805 0.542242 -0 0.690793 0.951709
0.866025 0.542242 -0 0.721218 0.93316
0.712805 0.542242 -0 0.690793 0.951709
0.891007 0.542242 -0 0.725833 0.930036
0.866025 0.542242 -0 0.721218 0.93316
0.167734 0.542242 -0 0.555425 0.99701
0.173205 0.542242 -0 0.55694 0.996807
0.335468 0.542242 -0 0.600848 0.98805
0.173205 0.542242 -0 0.55694 0.996807
0.34641 0.542242 -0 0.603721 0.987281
0.335468 0.542242 -0 0.600848 0.98805
0.335468 0.542242 -0 0.600848 0.98805
0.34641 0.542242 -0 0.603721 0.987281
0.503202 0.542242 -0 0.643298 0.974134
0.34641 0.542242 -0 0.603721 0.987281
0.519615 0.542242 -0 0.647252 0.972552
0.503202 0.542242 -0 0.643298 0.974134
0.503202 0.542242 -0 0.643298 0.974134
0.519615 0.542242 -0 0.647252 0.972552
0.670936 0.542242 -0 0.681841 0.956523
0.519615 0.542242 -0 0.647252 0.972552
0.69282 0.542242 -0 0.686554 0.954024
0.670936 0.542242 -0 0.681841 0.956523
0.670936 0.542242 -0 0.681841 0.956523
0.69282 0.542242 -0 0.686554 0.954024
0.838671 0.544639 -0 0.715935 0.935853
0.69282 0.542242 -0 0.686554 0.954024
0.866025 0.542242 -0 0.721218 0.93316
0.838671 0.544639 -0 0.715935 0.935853
0.838671 0.544639 -0 0.715935 0.935853
0.866025 0.542242 -0 0.721218 0.93316
1.0064 0.653567 -0 0.739541 0.884876
0.866025 0.542242 -0 0.721218 0.93316
1.03923 0.6 -0 0.748027 0.895609
1.0064 0.653567 -0 0.739541 0.884876
1.0064 0.653567 -0 0.739541 0.884876
1.03923 0.6 -0 0.748027 0.895609
1.17414 0.762495 -0 0.757909 0.837952
1.03923 0.6 -0 0.748027 0.895609
1.21244 0.7 -0 0.767385 0.849621
1.17414 0.762495 -0 0.757909 0.837952
1.17414 0.762495 -0 0.757909 0.837952
1.21244 0.7 -0 0.767385 0.849621
1.34187 0.871422 -0 0.772073 0.795695
1.21244 0.7 -0 0.767385 0.849621
1.38564 0.8 -0 0.782413 0.808049
1.34187 0.871422 -0 0.772073 0.795695
1.34187 0.871422 -0 0.772073 0.795695
1.38564 0.8 -0 0.782413 0.808049
1.50961 0.98035 -0 0.782972 0.758131
1.38564 0.8 -0 0.782413 0.808049
1.55885 0.9 -0 0.794057 0.770962
1.50961 0.98035 -0 0.782972 0.758131
1.50961 0.98035 -0 0.782972 0.758131
1.55885 0.9 -0 0.794057 0.770962
1.94682 1.26428 0.04 0.804189 0.673637
1.55885 0.9 -0 0.794057 0.770962
2.01032 1.16066 0.04 0.816876 0.687105
1.94682 1.26428 0.04 0.804189 0.673637
1.94682 1.26428 0.04 0.804189 0.673637
2.01032 1.16066 0.04 0.816876 0.687105
2.11456 1.37321 0.16 0.816697 0.631058
2.01032 1.16066 0.04 0.816876 0.687105
2.18353 1.26066 0.16 0.830163 0.644708
2.11456 1.37321 0.16 0.816697 0.631058
2.11456 1.37321 0.16 0.816697 0.631058
2.18353 1.26066 0.16 0.830163 0.644708
2.28229 1.48214 0.36 0.831722 0.577729
2.18353 1.26066 0.16 0.830163 0.644708
2.35673 1.36066 0.36 0.84607 0.591476
2.28229 1.48214 0.36 0.831722 0.577729
2.28229 1.48214 0.36 0.831722 0.577729
2.35673 1.36066 0.36 0.84607 0.591476
2.45003 1.59107 0.64 0.847528 0.512599
0.161803 0.542242 -0 0.553781 0.997224
0.167734 0.542242 -0 0.555425 0.99701
0.323607 0.542242 -0 0.59772 0.98886
0.167734 0.542242 -0 0.555425 0.99701
0.335468 0.542242 -0 0.600848 0.98805
0.323607 0.542242 -0 0.59772 0.98886
0.323607 0.542242 -0 0.59772 0.98886
0.335468 0.542242 -0 0.600848 0.98805
0.48541 0.542242 -0 0.638968 0.975809
0.335468 0.542242 -0 0.600848 0.98805
0.503202 0.542242 -0 0.643298 0.974134
0.48541 0.542242 -0 0.638968 0.975809
0.48541 0.542242 -0 0.638968 0.975809
0.503202 0.542242 -0 0.643298 0.974134
0.647214 0.542242 -0 0.676648 0.959187
0.503202 0.542242 -0 0.643298 0.974134
0.670936 0.542242 -0 0.681841 0.956523
0.647214 0.542242 -0 0.676648 0.959187
0.647214 0.542242 -0 0.676648 0.959187
0.670936 0.542242 -0 0.681841 0.956523
0.809017 0.587785 -0 0.70804 0.926683
0.670936 0.542242 -0 0.681841 0.956523
0.838671 0.544639 -0 0.715935 0.935853
0.809017 0.587785 -0 0.70804 0.926683
0.809017 0.587785 -0 0.70804 0.926683
0.838671 0.544639 -0 0.715935 0.935853
0.97082 0.705342 -0 0.73048 0.874541
0.838671 0.544639 -0 0.715935 0.935853
1.0064 0.653567 -0 0.739541 0.884876
0.97082 0.705342 -0 0.73048 0.874541
0.97082 0.705342 -0 0.73048 0.874541
1.0064 0.653567 -0 0.739541 0.884876
1.13262 0.822899 -0 0.747825 0.826729
1.0064 0.653567 -0 0.739541 0.884876
1.17414 0.762495 -0 0.757909 0.837952
1.13262 0.822899 -0 0.747825 0.826729
1.13262 0.822899 -0 0.747825 0.826729
1.17414 0.762495 -0 0.757909 0.837952
1.29443 0.940456 -0 0.761109 0.783835
1.17414 0.762495 -0 0.757909 0.837952
1.34187 0.871422 -0 0.772073 0.795695
1.29443 0.940456 -0 0.761109 0.783835
1.29443 0.940456 -0 0.761109 0.783835
1.34187 0.871422 -0 0.772073 0.795695
1.45623 1.05801 -0 0.771256 0.745839
1.34187 0.871422 -0 0.772073 0.795695
1.50961 0.98035 -0 0.782972 0.758131
1.45623 1.05801 -0 0.771256 0.745839
1.45623 1.05801 -0 0.771256 0.745839
1.50961 0.98035 -0 0.782972 0.758131
1.87799 1.36444 0.04 0.790882 0.660815
1.50961 0.98035 -0 0.782972 0.758131
1.94682 1.26428 0.04 0.804189 0.673637
1.87799 1.36444 0.04 0.790882 0.660815
1.87799 1.36444 0.04 0.790882 0.660815
1.94682 1.26428 0.04 0.804189 0.673637
2.03979 1.48199 0.16 0.802609 0.618101
1.94682 1.26428 0.04 0.804189 0.673637
2.11456 1.37321 0.16 0.816697 0.631058
2.03979 1.48199 0.16 0.802609 0.618101
2.03979 1.48199 0.16 0.802609 0.618101
2.11456 1.37321 0.16 0.816697 0.631058
2.20159 1.59955 0.36 0.816749 0.564727
2.11456 1.37321 0.16 0.816697 0.631058
2.28229 1.48214 0.36 0.831722 0.577729
2.20159 1.59955 0.36 0.816749 0.564727
2.20159 1.59955 0.36 0.816749 0.564727
2.28229 1.48214 0.36 0.831722 0.577729
2.3634 1.71711 0.64 0.83165 0.499717
2.28229 1.48214 0.36 0.831722 0.577729
2.45003 1.59107 0.64 0.847528 0.512599
2.3634 1.71711 0.64 0.83165 0.499717
2.3634 1.71711 0.64 0.83165 0.499717
2.45003 1.59107 0.64 0.847528 0.512599
2.5252 1.83467 1 0.845057 0.423277
2.45003 1.59107 0.64 0.847528 0.512599
2.61776 1.69999 1 0.861758 0.435796
2.5252 1.83467 1 0.845057 0.423277
2.5252 1.83467 1 0.845057 0.423277
2.61776 1.69999 1 0.861758 0.435796
2.687 1.95222 1.44 0.854326 0.337754
2.61776 1.69999 1 0.861758 0.435796
2.78549 1.80892 1.44 0.871666 0.349583
2.687 1.95222 1.44 0.854326 0.337754
2.687 1.95222 1.44 0.854326 0.337754
2.78549 1.80892 1.44 0.871666 0.349583
2.84881 2.06978 1.96 0.85722 0.247873
0.155429 0.542242 -0 0.552012 0.997445
0.161803 0.542242 -0 0.553781 0.997224
0.310858 0.542242 -0 0.594341 0.989702
0.161803 0.542242 -0 0.553781 0.997224
0.323607 0.542242 -0 0.59772 0.98886
0.310858 0.542242 -0 0.594341 0.989702
0.310858 0.542242 -0 0.594341 0.989702
0.323607 0.542242 -0 0.59772 0.98886
0.466288 0.542242 -0 0.634266 0.977561
0.323607 0.542242 -0 0.59772 0.98886
0.48541 0.542242 -0 0.638968 0.975809
0.466288 0.542242 -0 0.634266 0.977561
0.466288 0.542242 -0 0.634266 0.977561
0.48541 0.542242 -0 0.638968 0.975809
0.621717 0.542242 -0 0.67097 0.961994
0.48541 0.542242 -0 0.638968 0.975809
0.647214 0.542242 -0 0.676648 0.959187
0.621717 0.542242 -0 0.67097 0.961994
0.621717 0.542242 -0 0.67097 0.961994
0.647214 0.542242 -0 0.676648 0.959187
0.777146 0.62932 -0 0.699639 0.917874
0.647214 0.542242 -0 0.676648 0.959187
0.809017 0.587785 -0 0.70804 0.926683
0.777146 0.62932 -0 0.699639 0.917874
0.777146 0.62932 -0 0.699639 0.917874
0.809017 0.587785 -0 0.70804 0.926683
0.932575 0.755184 -0 0.720868 0.864614
0.809017 0.587785 -0 0.70804 0.926683
0.97082 0.705342 -0 0.73048 0.874541
0.932575 0.755184 -0 0.720868 0.864614
0.932575 0.755184 -0 0.720868 0.864614
0.97082 0.705342 -0 0.73048 0.874541
1.088 0.881049 -0 0.737166 0.815964
0.97082 0.705342 -0 0.73048 0.874541
1.13262 0.822899 -0 0.747825 0.826729
1.088 0.881049 -0 0.737166 0.815964
1.088 0.881049 -0 0.737166 0.815964
1.13262 0.822899 -0 0.747825 0.826729
1.24343 1.00691 -0 0.749556 0.772481
1.13262 0.822899 -0 0.747825 0.826729
1.29443 0.940456 -0 0.761109 0.783835
1.24343 1.00691 -0 0.749556 0.772481
1.24343 1.00691 -0 0.749556 0.772481
1.29443 0.940456 -0 0.761109 0.783835
1.39886 1.13278 -0 0.758952 0.734101
1.29443 0.940456 -0 0.761109 0.783835
1.45623 1.05801 -0 0.771256 0.745839
1.39886 1.13278 -0 0.758952 0.734101
1.39886 1.13278 -0 0.758952 0.734101
1.45623 1.05801 -0 0.771256 0.745839
1.804 1.46085 0.04 0.777004 0.648653
1.45623 1.05801 -0 0.771256 0.745839
1.87799 1.36444 0.04 0.790882 0.660815
1.804 1.46085 0.04 0.777004 0.648653
1.804 1.46085 0.04 0.777004 0.648653
1.87799 1.36444 0.04 0.790882 0.660815
1.95943 1.58672 0.16 0.787948 0.605852
1.87799 1.36444 0.04 0.790882 0.660815
2.03979 1.48199 0.16 0.802609 0.618101
1.95943 1.58672 0.16 0.787948 0.605852
1.95943 1.58672 0.16 0.787948 0.605852
2.03979 1.48199 0.16 0.802609 0.618101
2.11486 1.71258 0.36 0.8012 0.552482
2.03979 1.48199 0.16 0.802609 0.618101
2.20159 1.59955 0.36 0.816749 0.564727
2.11486 1.71258 0.36 0.8012 0.552482
2.11486 1.71258 0.36 0.8012 0.552482
2.20159 1.59955 0.36 0.816749 0.564727
2.27029 1.83845 0.64 0.815201 0.487637
2.20159 1.59955 0.36 0.816749 0.564727
2.3634 1.71711 0.64 0.83165 0.499717
2.27029 1.83845 0.64 0.815201 0.487637
2.27029 1.83845 0.64 0.815201 0.487637
2.3634 1.71711 0.64 0.83165 0.499717
2.42572 1.96431 1 0.82781 0.411586
2.3634 1.71711 0.64 0.83165 0.499717
2.5252 1.83467 1 0.845057 0.423277
2.42572 1.96431 1 0.82781 0.411586
2.42572 1.96431 1 0.82781 0.411586
2.5252 1.83467 1 0.845057 0.423277
2.58115 2.09017 1.44 0.836495 0.326734
2.5252 1.83467 1 0.845057 0.423277
2.687 1.95222 1.44 0.854326 0.337754
2.58115 2.09017 1.44 0.836495 0.326734
2.58115 2.09017 1.44 0.836495 0.326734
2.687 1.95222 1.44 0.854326 0.337754
2.73658 2.21604 1.96 0.839093 0.237859
2.687 1.95222 1.44 0.854326 0.337754
2.84881 2.06978 1.96 0.85722 0.247873
2.73658 2.21604 1.96 0.839093 0.237859
0.148629 0.542242 -0 0.550122 0.997671
0.155429 0.542242 -0 0.552012 0.997445
0.297258 0.542242 -0 0.590718 0.990568
0.155429 0.542242 -0 0.552012 0.997445
0.310858 0.542242 -0 0.594341 0.989702
0.297258 0.542242 -0 0.590718 0.990568
0.297258 0.542242 -0 0.590718 0.990568
0.310858 0.542242 -0 0.594341 0.989702
0.445887 0.542242 -0 0.629196 0.979373
0.310858 0.542242 -0 0.594341 0.989702
0.466288 0.542242 -0 0.634266 0.977561
0.445887 0.542242 -0 0.629196 0.979373
0.445887 0.542242 -0 0.629196 0.979373
0.466288 0.542242 -0 0.634266 0.977561
0.594516 0.542242 -0 0.664803 0.964918
0.466288 0.542242 -0 0.634266 0.977561
0.621717 0.542242 -0 0.67097 0.961994
0.594516 0.542242 -0 0.664803 0.964918
0.594516 0.542242 -0 0.664803 0.964918
0.621717 0.542242 -0 0.67097 0.961994
0.743145 0.669131 -0 0.690756 0.909438
0.621717 0.542242 -0 0.67097 0.961994
0.777146 0.62932 -0 0.699639 0.917874
0.743145 0.669131 -0 0.690756 0.909438
0.743145 0.669131 -0 0.690756 0.909438
0.777146 0.62932 -0 0.699639 0.917874
0.891774 0.802957 -0 0.710737 0.855112
0.777146 0.62932 -0 0.699639 0.917874
0.932575 0.755184 -0 0.720868 0.864614
0.891774 0.802957 -0 0.710737 0.855112
0.891774 0.802957 -0 0.710737 0.855112
0.932575 0.755184 -0 0.720868 0.864614
1.0404 0.936783 -0 0.725966 0.805674
0.932575 0.755184 -0 0.720868 0.864614
1.088 0.881049 -0 0.737166 0.815964
1.0404 0.936783 -0 0.725966 0.805674
1.0404 0.936783 -0 0.725966 0.805674
1.088 0.881049 -0 0.737166 0.815964
1.18903 1.07061 -0 0.737456 0.761653
1.088 0.881049 -0 0.737166 0.815964
1.24343 1.00691 -0 0.749556 0.772481
1.18903 1.07061 -0 0.737456 0.761653
1.18903 1.07061 -0 0.737456 0.761653
1.24343 1.00691 -0 0.749556 0.772481
1.33766 1.20444 -0 0.746103 0.722936
1.24343 1.00691 -0 0.749556 0.772481
1.39886 1.13278 -0 0.758952 0.734101
1.33766 1.20444 -0 0.746103 0.722936
1.33766 1.20444 -0 0.746103 0.722936
1.39886 1.13278 -0 0.758952 0.734101
1.72508 1.55327 0.04 0.762611 0.637168
1.39886 1.13278 -0 0.758952 0.734101
1.804 1.46085 0.04 0.777004 0.648653
1.72508 1.55327 0.04 0.762611 0.637168
1.72508 1.55327 0.04 0.762611 0.637168
1.804 1.46085 0.04 0.777004 0.648653
1.87371 1.68709 0.16 0.772772 0.594325
1.804 1.46085 0.04 0.777004 0.648653
1.95943 1.58672 0.16 0.787948 0.605852
1.87371 1.68709 0.16 0.772772 0.594325
1.87371 1.68709 0.16 0.772772 0.594325
1.95943 1.58672 0.16 0.787948 0.605852
2.02234 1.82092 0.36 0.785133 0.541008
1.95943 1.58672 0.16 0.787948 0.605852
2.11486 1.71258 0.36 0.8012 0.552482
2.02234 1.82092 0.36 0.785133 0.541008
2.02234 1.82092 0.36 0.785133 0.541008
2.11486 1.71258 0.36 0.8012 0.552482
2.17096 1.95474 0.64 0.798234 0.47637
2.11486 1.71258 0.36 0.8012 0.552482
2.27029 1.83845 0.64 0.815201 0.487637
2.17096 1.95474 0.64 0.798234 0.47637
2.17096 1.95474 0.64 0.798234 0.47637
2.27029 1.83845 0.64 0.815201 0.487637
2.31959 2.08857 1 0.810063 0.400731
2.27029 1.83845 0.64 0.815201 0.487637
2.42572 1.96431 1 0.82781 0.411586
2.31959 2.08857 1 0.810063 0.400731
2.31959 2.08857 1 0.810063 0.400731
2.42572 1.96431 1 0.82781 0.411586
2.46822 2.2224 1.44 0.818206 0.316534
2.42572 1.96431 1 0.82781 0.411586
2.58115 2.09017 1.44 0.836495 0.326734
2.46822 2.2224 1.44 0.818206 0.316534
2.46822 2.2224 1.44 0.818206 0.316534
2.58115 2.09017 1.44 0.836495 0.326734
2.61685 2.35622 1.96 0.820575 0.228594
2.58115 2.09017 1.44 0.836495 0.326734
2.73658 2.21604 1.96 0.839093 0.237859
2.61685 2.35622 1.96 0.820575 0.228594
0.141421 0.542242 -0 0.548116 0.9979
0.148629 0.542242 -0 0.550122 0.997671
0.282843 0.542242 -0 0.586859 0.991447
0.148629 0.542242 -0 0.550122 0.997671
0.297258 0.542242 -0 0.590718 0.990568
0.282843 0.542242 -0 0.586859 0.991447
0.282843 0.542242 -0 0.586859 0.991447
0.297258 0.542242 -0 0.590718 0.990568
0.424264 0.542242 -0 0.623762 0.981225
0.297258 0.542242 -0 0.590718 0.990568
0.445887 0.542242 -0 0.629196 0.979373
0.424264 0.542242 -0 0.623762 0.981225
0.424264 0.542242 -0 0.623762 0.981225
0.445887 0.542242 -0 0.629196 0.979373
0.565685 0.565685 -0 0.657229 0.960363
0.445887 0.542242 -0 0.629196 0.979373
0.594516 0.542242 -0 0.664803 0.964918
0.565685 0.565685 -0 0.657229 0.960363
0.565685 0.565685 -0 0.657229 0.960363
0.594516 0.542242 -0 0.664803 0.964918
0.707107 0.707107 -0 0.681419 0.901388
0.594516 0.542242 -0 0.664803 0.964918
0.743145 0.669131 -0 0.690756 0.909438
0.707107 0.707107 -0 0.681419 0.901388
0.707107 0.707107 -0 0.681419 0.901388
0.743145 0.669131 -0 0.690756 0.909438
0.848528 0.848528 -0 0.700119 0.84605
0.743145 0.669131 -0 0.690756 0.909438
0.891774 0.802957 -0 0.710737 0.855112
0.848528 0.848528 -0 0.700119 0.84605
0.848528 0.848528 -0 0.700119 0.84605
0.891774 0.802957 -0 0.710737 0.855112
0.98995 0.98995 -0 0.714266 0.795878
0.891774 0.802957 -0 0.710737 0.855112
1.0404 0.936783 -0 0.725966 0.805674
0.98995 0.98995 -0 0.714266 0.795878
0.98995 0.98995 -0 0.714266 0.795878
1.0404 0.936783 -0 0.725966 0.805674
1.13137 1.13137 -0 0.724855 0.75137
1.0404 0.936783 -0 0.725966 0.805674
1.18903 1.07061 -0 0.737456 0.761653
1.13137 1.13137 -0 0.724855 0.75137
1.13137 1.13137 -0 0.724855 0.75137
1.18903 1.07061 -0 0.737456 0.761653
1.27279 1.27279 -0 0.732763 0.712363
1.18903 1.07061 -0 0.737456 0.761653
1.33766 1.20444 -0 0.746103 0.722936
1.27279 1.27279 -0 0.732763 0.712363
1.27279 1.27279 -0 0.732763 0.712363
1.33766 1.20444 -0 0.746103 0.722936
1.64142 1.64142 0.04 0.747766 0.626376
1.33766 1.20444 -0 0.746103 0.722936
1.72508 1.55327 0.04 0.762611 0.637168
1.64142 1.64142 0.04 0.747766 0.626376
1.64142 1.64142 0.04 0.747766 0.626376
1.72508 1.55327 0.04 0.762611 0.637168
1.78284 1.78284 0.16 0.757146 0.583533
1.72508 1.55327 0.04 0.762611 0.637168
1.87371 1.68709 0.16 0.772772 0.594325
1.78284 1.78284 0.16 0.757146 0.583533
1.78284 1.78284 0.16 0.757146 0.583533
1.87371 1.68709 0.16 0.772772 0.594325
1.92426 1.92426 0.36 0.768613 0.530314
1.87371 1.68709 0.16 0.772772 0.594325
2.02234 1.82092 0.36 0.785133 0.541008
1.92426 1.92426 0.36 0.768613 0.530314
1.92426 1.92426 0.36 0.768613 0.530314
2.02234 1.82092 0.36 0.785133 0.541008
2.06569 2.06569 0.64 0.780814 0.465925
2.02234 1.82092 0.36 0.785133 0.541008
2.17096 1.95474 0.64 0.798234 0.47637
2.06569 2.06569 0.64 0.780814 0.465925
2.06569 2.06569 0.64 0.780814 0.465925
2.17096 1.95474 0.64 0.798234 0.47637
2.20711 2.20711 1 0.791871 0.390719
2.17096 1.95474 0.64 0.798234 0.47637
2.31959 2.08857 1 0.810063 0.400731
2.20711 2.20711 1 0.791871 0.390719
2.20711 2.20711 1 0.791871 0.390719
2.31959 2.08857 1 0.810063 0.400731
2.34853 2.34853 1.44 0.799502 0.30716
2.31959 2.08857 1 0.810063 0.400731
2.46822 2.2224 1.44 0.818206 0.316534
2.34853 2.34853 1.44 0.799502 0.30716
2.34853 2.34853 1.44 0.799502 0.30716
2.46822 2.2224 1.44 0.818206 0.316534
2.48995 2.48995 1.96 0.801694 0.220085
2.46822 2.2224 1.44 0.818206 0.316534
2.61685 2.35622 1.96 0.820575 0.228594
2.48995 2.48995 1.96 0.801694 0.220085
0.133826 0.542242 -0 0.546 0.99813
0.141421 0.542242 -0 0.548116 0.9979
0.267652 0.542242 -0 0.582772 0.992332
0.141421 0.542242 -0 0.548116 0.9979
0.282843 0.542242 -0 0.586859 0.991447
0.267652 0.542242 -0 0.582772 0.992332
0.267652 0.542242 -0 0.582772 0.992332
0.282843 0.542242 -0 0.586859 0.991447
0.401478 0.542242 -0 0.617972 0.9831
0.282843 0.542242 -0 0.586859 0.991447
0.424264 0.542242 -0 0.623762 0.981225
0.401478 0.542242 -0 0.617972 0.9831
0.401478 0.542242 -0 0.617972 0.9831
0.424264 0.542242 -0 0.623762 0.981225
0.535304 0.594516 -0 0.648999 0.953937
0.424264 0.542242 -0 0.623762 0.981225
0.565685 0.565685 -0 0.657229 0.960363
0.535304 0.594516 -0 0.648999 0.953937
0.535304 0.594516 -0 0.648999 0.953937
0.565685 0.565685 -0 0.657229 0.960363
0.669131 0.743145 -0 0.671657 0.893742
0.565685 0.565685 -0 0.657229 0.960363
0.707107 0.707107 -0 0.681419 0.901388
0.669131 0.743145 -0 0.671657 0.893742
0.669131 0.743145 -0 0.671657 0.893742
0.707107 0.707107 -0 0.681419 0.901388
0.802957 0.891774 -0 0.689052 0.837447
0.707107 0.707107 -0 0.681419 0.901388
0.848528 0.848528 -0 0.700119 0.84605
0.802957 0.891774 -0 0.689052 0.837447
0.802957 0.891774 -0 0.689052 0.837447
0.848528 0.848528 -0 0.700119 0.84605
0.936783 1.0404 -0 0.702108 0.786596
0.848528 0.848528 -0 0.700119 0.84605
0.98995 0.98995 -0 0.714266 0.795878
0.936783 1.0404 -0 0.702108 0.786596
0.936783 1.0404 -0 0.702108 0.786596
0.98995 0.98995 -0 0.714266 0.795878
1.07061 1.18903 -0 0.711805 0.741654
0.98995 0.98995 -0 0.714266 0.795878
1.13137 1.13137 -0 0.724855 0.75137
1.07061 1.18903 -0 0.711805 0.741654
1.07061 1.18903 -0 0.711805 0.741654
1.13137 1.13137 -0 0.724855 0.75137
1.20444 1.33766 -0 0.718988 0.702403
1.13137 1.13137 -0 0.724855 0.75137
1.27279 1.27279 -0 0.732763 0.712363
1.20444 1.33766 -0 0.718988 0.702403
1.20444 1.33766 -0 0.718988 0.702403
1.27279 1.27279 -0 0.732763 0.712363
1.55327 1.72508 0.04 0.732535 0.616294
1.27279 1.27279 -0 0.732763 0.712363
1.64142 1.64142 0.04 0.747766 0.626376
1.55327 1.72508 0.04 0.732535 0.616294
1.55327 1.72508 0.04 0.732535 0.616294
1.64142 1.64142 0.04 0.747766 0.626376
1.68709 1.87371 0.16 0.741142 0.57349
1.64142 1.64142 0.04 0.747766 0.626376
1.78284 1.78284 0.16 0.757146 0.583533
1.68709 1.87371 0.16 0.741142 0.57349
1.68709 1.87371 0.16 0.741142 0.57349
1.78284 1.78284 0.16 0.757146 0.583533
1.82092 2.02234 0.36 0.751715 0.520409
1.78284 1.78284 0.16 0.757146 0.583533
1.92426 1.92426 0.36 0.768613 0.530314
1.82092 2.02234 0.36 0.751715 0.520409
1.82092 2.02234 0.36 0.751715 0.520409
1.92426 1.92426 0.36 0.768613 0.530314
1.95474 2.17096 0.64 0.763012 0.456304
1.92426 1.92426 0.36 0.768613 0.530314
2.06569 2.06569 0.64 0.780814 0.465925
1.95474 2.17096 0.64 0.763012 0.456304
1.95474 2.17096 0.64 0.763012 0.456304
2.06569 2.06569 0.64 0.780814 0.465925
2.08857 2.31959 1 0.773299 0.381552
2.06569 2.06569 0.64 0.780814 0.465925
2.20711 2.20711 1 0.791871 0.390719
2.08857 2.31959 1 0.773299 0.381552
2.08857 2.31959 1 0.773299 0.381552
2.20711 2.20711 1 0.791871 0.390719
2.2224 2.46822 1.44 0.780434 0.298614
2.20711 2.20711 1 0.791871 0.390719
2.34853 2.34853 1.44 0.799502 0.30716
2.2224 2.46822 1.44 0.780434 0.298614
2.2224 2.46822 1.44 0.780434 0.298614
2.34853 2.34853 1.44 0.799502 0.30716
2.35622 2.61685 1.96 0.782487 0.212337
2.34853 2.34853 1.44 0.799502 0.30716
2.48995 2.48995 1.96 0.801694 0.220085
2.35622 2.61685 1.96 0.782487 0.212337
0.125864 0.542242 -0 0.543779 0.998357
0.133826 0.542242 -0 0.546 0.99813
0.251728 0.542242 -0 0.578465 0.993211
0.133826 0.542242 -0 0.546 0.99813
0.267652 0.542242 -0 0.582772 0.992332
0.251728 0.542242 -0 0.578465 0.993211
0.251728 0.542242 -0 0.578465 0.993211
0.267652 0.542242 -0 0.582772 0.992332
0.377592 0.542242 -0 0.611834 0.984976
0.267652 0.542242 -0 0.582772 0.992332
0.401478 0.542242 -0 0.617972 0.9831
0.377592 0.542242 -0 0.611834 0.984976
0.377592 0.542242 -0 0.611834 0.984976
0.401478 0.542242 -0 0.617972 0.9831
0.503456 0.621717 -0 0.640414 0.947868
0.401478 0.542242 -0 0.617972 0.9831
0.535304 0.594516 -0 0.648999 0.953937
0.503456 0.621717 -0 0.640414 0.947868
0.503456 0.621717 -0 0.640414 0.947868
0.535304 0.594516 -0 0.648999 0.953937
0.62932 0.777146 -0 0.661501 0.886516
0.535304 0.594516 -0 0.648999 0.953937
0.669131 0.743145 -0 0.671657 0.893742
0.62932 0.777146 -0 0.661501 0.886516
0.62932 0.777146 -0 0.661501 0.886516
0.669131 0.743145 -0 0.671657 0.893742
0.755184 0.932575 -0 0.677573 0.829323
0.669131 0.743145 -0 0.671657 0.893742
0.802957 0.891774 -0 0.689052 0.837447
0.755184 0.932575 -0 0.677573 0.829323
0.755184 0.932575 -0 0.677573 0.829323
0.802957 0.891774 -0 0.689052 0.837447
0.881049 1.088 -0 0.689541 0.777851
0.802957 0.891774 -0 0.689052 0.837447
0.936783 1.0404 -0 0.702108 0.786596
0.881049 1.088 -0 0.689541 0.777851
0.881049 1.088 -0 0.689541 0.777851
0.936783 1.0404 -0 0.702108 0.786596
1.00691 1.24343 -0 0.698358 0.732528
0.936783 1.0404 -0 0.702108 0.786596
1.07061 1.18903 -0 0.711805 0.741654
1.00691 1.24343 -0 0.698358 0.732528
1.00691 1.24343 -0 0.698358 0.732528
1.07061 1.18903 -0 0.711805 0.741654
1.13278 1.39886 -0 0.704838 0.69308
1.07061 1.18903 -0 0.711805 0.741654
1.20444 1.33766 -0 0.718988 0.702403
1.13278 1.39886 -0 0.704838 0.69308
1.13278 1.39886 -0 0.704838 0.69308
1.20444 1.33766 -0 0.718988 0.702403
1.46085 1.804 0.04 0.716987 0.606935
1.20444 1.33766 -0 0.718988 0.702403
1.55327 1.72508 0.04 0.732535 0.616294
1.46085 1.804 0.04 0.716987 0.606935
1.46085 1.804 0.04 0.716987 0.606935
1.55327 1.72508 0.04 0.732535 0.616294
1.58672 1.95943 0.16 0.724831 0.564204
1.55327 1.72508 0.04 0.732535 0.616294
1.68709 1.87371 0.16 0.741142 0.57349
1.58672 1.95943 0.16 0.724831 0.564204
1.58672 1.95943 0.16 0.724831 0.564204
1.68709 1.87371 0.16 0.741142 0.57349
1.71258 2.11486 0.36 0.734514 0.511296
1.68709 1.87371 0.16 0.741142 0.57349
1.82092 2.02234 0.36 0.751715 0.520409
1.71258 2.11486 0.36 0.734514 0.511296
1.71258 2.11486 0.36 0.734514 0.511296
1.82092 2.02234 0.36 0.751715 0.520409
1.83845 2.27029 0.64 0.744903 0.447507
1.82092 2.02234 0.36 0.751715 0.520409
1.95474 2.17096 0.64 0.763012 0.456304
1.83845 2.27029 0.64 0.744903 0.447507
1.83845 2.27029 0.64 0.744903 0.447507
1.95474 2.17096 0.64 0.763012 0.456304
1.96431 2.42572 1 0.754415 0.373224
1.95474 2.17096 0.64 0.763012 0.456304
2.08857 2.31959 1 0.773299 0.381552
1.96431 2.42572 1 0.754415 0.373224
1.96431 2.42572 1 0.754415 0.373224
2.08857 2.31959 1 0.773299 0.381552
2.09017 2.58115 1.44 0.76106 0.29089
2.08857 2.31959 1 0.773299 0.381552
2.2224 2.46822 1.44 0.780434 0.298614
2.09017 2.58115 1.44 0.76106 0.29089
2.09017 2.58115 1.44 0.76106 0.29089
2.2224 2.46822 1.44 0.780434 0.298614
2.21604 2.73658 1.96 0.762997 0.205346
2.2224 2.46822 1.44 0.780434 0.298614
2.35622 2.61685 1.96 0.782487 0.212337
2.21604 2.73658 1.96 0.762997 0.205346
0.117557 0.542242 -0 0.541458 0.99858
0.125864 0.542242 -0 0.543779 0.998357
0.235114 0.542242 -0 0.573948 0.994076
0.125864 0.542242 -0 0.543779 0.998357
0.251728 0.542242 -0 0.578465 0.993211
0.235114 0.542242 -0 0.573948 0.994076
0.235114 0.542242 -0 0.573948 0.994076
0.251728 0.542242 -0 0.578465 0.993211
0.352671 0.542242 -0 0.605359 0.986832
0.251728 0.542242 -0 0.578465 0.993211
0.377592 0.542242 -0 0.611834 0.984976
0.352671 0.542242 -0 0.605359 0.986832
0.352671 0.542242 -0 0.605359 0.986832
0.377592 0.542242 -0 0.611834 0.984976
0.470228 0.647214 -0 0.6315 0.942172
0.377592 0.542242 -0 0.611834 0.984976
0.503456 0.621717 -0 0.640414 0.947868
0.470228 0.647214 -0 0.6315 0.942172
0.470228 0.647214 -0 0.6315 0.942172
0.503456 0.621717 -0 0.640414 0.947868
0.587785 0.809017 -0 0.650985 0.879728
0.503456 0.621717 -0 0.640414 0.947868
0.62932 0.777146 -0 0.661501 0.886516
0.587785 0.809017 -0 0.650985 0.879728
0.587785 0.809017 -0 0.650985 0.879728
0.62932 0.777146 -0 0.661501 0.886516
0.705342 0.97082 -0 0.665726 0.821701
0.62932 0.777146 -0 0.661501 0.886516
0.755184 0.932575 -0 0.677573 0.829323
0.705342 0.97082 -0 0.665726 0.821701
0.705342 0.97082 -0 0.665726 0.821701
0.755184 0.932575 -0 0.677573 0.829323
0.822899 1.13262 -0 0.676614 0.769666
0.755184 0.932575 -0 0.677573 0.829323
0.881049 1.088 -0 0.689541 0.777851
0.822899 1.13262 -0 0.676614 0.769666
0.822899 1.13262 -0 0.676614 0.769666
0.881049 1.088 -0 0.689541 0.777851
0.940456 1.29443 -0 0.68457 0.724015
0.881049 1.088 -0 0.689541 0.777851
1.00691 1.24343 -0 0.698358 0.732528
0.940456 1.29443 -0 0.68457 0.724015
0.940456 1.29443 -0 0.68457 0.724015
1.00691 1.24343 -0 0.698358 0.732528
1.05801 1.45623 -0 0.690373 0.684413
1.00691 1.24343 -0 0.698358 0.732528
1.13278 1.39886 -0 0.704838 0.69308
1.05801 1.45623 -0 0.690373 0.684413
1.05801 1.45623 -0 0.690373 0.684413
1.13278 1.39886 -0 0.704838 0.69308
1.36444 1.87799 0.04 0.70119 0.598311
1.13278 1.39886 -0 0.704838 0.69308
1.46085 1.804 0.04 0.716987 0.606935
1.36444 1.87799 0.04 0.70119 0.598311
1.36444 1.87799 0.04 0.70119 0.598311
1.46085 1.804 0.04 0.716987 0.606935
1.48199 2.03979 0.16 0.708287 0.555682
1.46085 1.804 0.04 0.716987 0.606935
1.58672 1.95943 0.16 0.724831 0.564204
1.48199 2.03979 0.16 0.708287 0.555682
1.48199 2.03979 0.16 0.708287 0.555682
1.58672 1.95943 0.16 0.724831 0.564204
1.59955 2.20159 0.36 0.717086 0.502975
1.58672 1.95943 0.16 0.724831 0.564204
1.71258 2.11486 0.36 0.734514 0.511296
1.59955 2.20159 0.36 0.717086 0.502975
1.59955 2.20159 0.36 0.717086 0.502975
1.71258 2.11486 0.36 0.734514 0.511296
1.71711 2.3634 0.64 0.726565 0.439525
1.71258 2.11486 0.36 0.734514 0.511296
1.83845 2.27029 0.64 0.744903 0.447507
1.71711 2.3634 0.64 0.726565 0.439525
1.71711 2.3634 0.64 0.726565 0.439525
1.83845 2.27029 0.64 0.744903 0.447507
1.83467 2.5252 1 0.735293 0.365723
1.83845 2.27029 0.64 0.744903 0.447507
1.96431 2.42572 1 0.754415 0.373224
1.83467 2.5252 1 0.735293 0.365723
1.83467 2.5252 1 0.735293 0.365723
1.96431 2.42572 1 0.754415 0.373224
1.95222 2.687 1.44 0.741441 0.283976
1.96431 2.42572 1 0.754415 0.373224
2.09017 2.58115 1.44 0.76106 0.29089
1.95222 2.687 1.44 0.741441 0.283976
1.95222 2.687 1.44 0.741441 0.283976
2.09017 2.58115 1.44 0.76106 0.29089
2.06978 2.84881 1.96 0.74327 0.199104
2.09017 2.58115 1.44 0.76106 0.29089
2.21604 2.73658 1.96 0.762997 0.205346
2.06978 2.84881 1.96 0.74327 0.199104
0.108928 0.542242 -0 0.539045 0.998795
0.117557 0.542242 -0 0.541458 0.99858
0.217856 0.542242 -0 0.569234 0.994916
0.117557 0.542242 -0 0.541458 0.99858
0.235114 0.542242 -0 0.573948 0.994076
0.217856 0.542242 -0 0.569234 0.994916
0.217856 0.542242 -0 0.569234 0.994916
0.235114 0.542242 -0 0.573948 0.994076
0.326783 0.542242 -0 0.598559 0.988646
0.235114 0.542242 -0 0.573948 0.994076
0.352671 0.542242 -0 0.605359 0.986832
0.326783 0.542242 -0 0.598559 0.988646
0.326783 0.542242 -0 0.598559 0.988646
0.352671 0.542242 -0 0.605359 0.986832
0.435711 0.670936 -0 0.622282 0.936863
0.352671 0.542242 -0 0.605359 0.986832
0.470228 0.647214 -0 0.6315 0.942172
0.435711 0.670936 -0 0.622282 0.936863
0.435711 0.670936 -0 0.622282 0.936863
0.470228 0.647214 -0 0.6315 0.942172
0.544639 0.838671 -0 0.640141 0.873398
0.470228 0.647214 -0 0.6315 0.942172
0.587785 0.809017 -0 0.650985 0.879728
0.544639 0.838671 -0 0.640141 0.873398
0.544639 0.838671 -0 0.640141 0.873398
0.587785 0.809017 -0 0.650985 0.879728
0.653567 1.0064 -0 0.65355 0.814602
0.587785 0.809017 -0 0.650985 0.879728
0.705342 0.97082 -0 0.665726 0.821701
0.653567 1.0064 -0 0.65355 0.814602
0.653567 1.0064 -0 0.65355 0.814602
0.705342 0.97082 -0 0.665726 0.821701
0.762495 1.17414 -0 0.663374 0.762065
0.705342 0.97082 -0 0.665726 0.821701
0.822899 1.13262 -0 0.676614 0.769666
0.762495 1.17414 -0 0.663374 0.762065
0.762495 1.17414 -0 0.663374 0.762065
0.822899 1.13262 -0 0.676614 0.769666
0.871422 1.34187 -0 0.670496 0.716137
0.822899 1.13262 -0 0.676614 0.769666
0.940456 1.29443 -0 0.68457 0.724015
0.871422 1.34187 -0 0.670496 0.716137
0.871422 1.34187 -0 0.670496 0.716137
0.940456 1.29443 -0 0.68457 0.724015
0.98035 1.50961 -0 0.675651 0.676423
0.940456 1.29443 -0 0.68457 0.724015
1.05801 1.45623 -0 0.690373 0.684413
0.98035 1.50961 -0 0.675651 0.676423
0.98035 1.50961 -0 0.675651 0.676423
1.05801 1.45623 -0 0.690373 0.684413
1.26428 1.94682 0.04 0.685208 0.59043
1.05801 1.45623 -0 0.690373 0.684413
1.36444 1.87799 0.04 0.70119 0.598311
1.26428 1.94682 0.04 0.685208 0.59043
1.26428 1.94682 0.04 0.685208 0.59043
1.36444 1.87799 0.04 0.70119 0.598311
1.37321 2.11456 0.16 0.691575 0.547925
1.36444 1.87799 0.04 0.70119 0.598311
1.48199 2.03979 0.16 0.708287 0.555682
1.37321 2.11456 0.16 0.691575 0.547925
1.37321 2.11456 0.16 0.691575 0.547925
1.48199 2.03979 0.16 0.708287 0.555682
1.48214 2.28229 0.36 0.699502 0.49544
1.48199 2.03979 0.16 0.708287 0.555682
1.59955 2.20159 0.36 0.717086 0.502975
1.48214 2.28229 0.36 0.699502 0.49544
1.48214 2.28229 0.36 0.699502 0.49544
1.59955 2.20159 0.36 0.717086 0.502975
1.59107 2.45003 0.64 0.708072 0.432345
1.59955 2.20159 0.36 0.717086 0.502975
1.71711 2.3634 0.64 0.726565 0.439525
1.59107 2.45003 0.64 0.708072 0.432345
1.59107 2.45003 0.64 0.708072 0.432345
1.71711 2.3634 0.64 0.726565 0.439525
1.69999 2.61776 1 0.716004 0.359029
1.71711 2.3634 0.64 0.726565 0.439525
1.83467 2.5252 1 0.735293 0.365723
1.69999 2.61776 1 0.716004 0.359029
1.69999 2.61776 1 0.716004 0.359029
1.83467 2.5252 1 0.735293 0.365723
1.80892 2.78549 1.44 0.721641 0.277852
1.83467 2.5252 1 0.735293 0.365723
1.95222 2.687 1.44 0.741441 0.283976
1.80892 2.78549 1.44 0.721641 0.277852
1.80892 2.78549 1.44 0.721641 0.277852
1.95222 2.687 1.44 0.741441 0.283976
1.91785 2.95323 1.96 0.723356 0.193593
1.95222 2.687 1.44 0.741441 0.283976
2.06978 2.84881 1.96 0.74327 0.199104
1.91785 2.95323 1.96 0.723356 0.193593
0.1 0.542242 -0 0.536546 0.999001
0.108928 0.542242 -0 0.539045 0.998795
0.2 0.542242 -0 0.564334 0.995721
0.108928 0.542242 -0 0.539045 0.998795
0.217856 0.542242 -0 0.569234 0.994916
0.2 0.542242 -0 0.564334 0.995721
0.2 0.542242 -0 0.564334 0.995721
0.217856 0.542242 -0 0.569234 0.994916
0.3 0.542242 -0 0.59145 0.990396
0.217856 0.542242 -0 0.569234 0.994916
0.326783 0.542242 -0 0.598559 0.988646
0.3 0.542242 -0 0.59145 0.990396
0.3 0.542242 -0 0.59145 0.990396
0.326783 0.542242 -0 0.598559 0.988646
0.4 0.69282 -0 0.612788 0.931955
0.326783 0.542242 -0 0.598559 0.988646
0.435711 0.670936 -0 0.622282 0.936863
0.4 0.69282 -0 0.612788 0.931955
0.4 0.69282 -0 0.612788 0.931955
0.435711 0.670936 -0 0.622282 0.936863
0.5 0.866025 -0 0.629005 0.867544
0.435711 0.670936 -0 0.622282 0.936863
0.544639 0.838671 -0 0.640141 0.873398
0.5 0.866025 -0 0.629005 0.867544
0.5 0.866025 -0 0.629005 0.867544
0.544639 0.838671 -0 0.640141 0.873398
0.6 1.03923 -0 0.641089 0.80805
0.544639 0.838671 -0 0.640141 0.873398
0.653567 1.0064 -0 0.65355 0.814602
0.6 1.03923 -0 0.641089 0.80805
0.6 1.03923 -0 0.641089 0.80805
0.653567 1.0064 -0 0.65355 0.814602
0.7 1.21244 -0 0.649871 0.755072
0.653567 1.0064 -0 0.65355 0.814602
0.762495 1.17414 -0 0.663374 0.762065
0.7 1.21244 -0 0.649871 0.755072
0.7 1.21244 -0 0.649871 0.755072
0.762495 1.17414 -0 0.663374 0.762065
0.8 1.38564 -0 0.656188 0.708916
0.762495 1.17414 -0 0.663374 0.762065
0.871422 1.34187 -0 0.670496 0.716137
0.8 1.38564 -0 0.656188 0.708916
0.8 1.38564 -0 0.656188 0.708916
0.871422 1.34187 -0 0.670496 0.716137
0.9 1.55885 -0 0.660727 0.669127
0.871422 1.34187 -0 0.670496 0.716137
0.98035 1.50961 -0 0.675651 0.676423
0.9 1.55885 -0 0.660727 0.669127
0.9 1.55885 -0 0.660727 0.669127
0.98035 1.50961 -0 0.675651 0.676423
1.16066 2.01032 0.04 0.669098 0.583295
0.98035 1.50961 -0 0.675651 0.676423
1.26428 1.94682 0.04 0.685208 0.59043
1.16066 2.01032 0.04 0.669098 0.583295
1.16066 2.01032 0.04 0.669098 0.583295
1.26428 1.94682 0.04 0.685208 0.59043
1.26066 2.18353 0.16 0.674756 0.540931
1.26428 1.94682 0.04 0.685208 0.59043
1.37321 2.11456 0.16 0.691575 0.547925
1.26066 2.18353 0.16 0.674756 0.540931
1.26066 2.18353 0.16 0.674756 0.540931
1.37321 2.11456 0.16 0.691575 0.547925
1.36066 2.35673 0.36 0.681824 0.48868
1.37321 2.11456 0.16 0.691575 0.547925
1.48214 2.28229 0.36 0.699502 0.49544
1.36066 2.35673 0.36 0.681824 0.48868
1.36066 2.35673 0.36 0.681824 0.48868
1.48214 2.28229 0.36 0.699502 0.49544
1.46066 2.52994 0.64 0.689488 0.425948
1.48214 2.28229 0.36 0.699502 0.49544
1.59107 2.45003 0.64 0.708072 0.432345
1.46066 2.52994 0.64 0.689488 0.425948
1.46066 2.52994 0.64 0.689488 0.425948
1.59107 2.45003 0.64 0.708072 0.432345
1.56066 2.70314 1 0.696615 0.353116
1.59107 2.45003 0.64 0.708072 0.432345
1.69999 2.61776 1 0.716004 0.359029
1.56066 2.70314 1 0.696615 0.353116
1.56066 2.70314 1 0.696615 0.353116
1.69999 2.61776 1 0.716004 0.359029
1.66066 2.87635 1.44 0.70172 0.272489
1.69999 2.61776 1 0.716004 0.359029
1.80892 2.78549 1.44 0.721641 0.277852
1.66066 2.87635 1.44 0.70172 0.272489
1.66066 2.87635 1.44 0.70172 0.272489
1.80892 2.78549 1.44 0.721641 0.277852
1.76066 3.04955 1.96 0.703302 0.188792
1.80892 2.78549 1.44 0.721641 0.277852
1.91785 2.95323 1.96 0.723356 0.193593
1.76066 3.04955 1.96 0.703302 0.188792
0.0907981 0.542242 -0 0.533967 0.999195
0.1 0.542242 -0 0.536546 0.999001
0.181596 0.542242 -0 0.55926 0.996483
0.1 0.542242 -0 0.536546 0.999001
0.2 0.542242 -0 0.564334 0.995721
0.181596 0.542242 -0 0.55926 0.996483
0.181596 0.542242 -0 0.55926 0.996483
0.2 0.542242 -0 0.564334 0.995721
0.272394 0.542242 -0 0.58405 0.99206
0.2 0.542242 -0 0.564334 0.995721
0.3 0.542242 -0 0.59145 0.990396
0.272394 0.542242 -0 0.58405 0.99206
0.272394 0.542242 -0 0.58405 0.99206
0.3 0.542242 -0 0.59145 0.990396
0.363192 0.712805 -0 0.603045 0.927463
0.3 0.542242 -0 0.59145 0.990396
0.4 0.69282 -0 0.612788 0.931955
0.363192 0.712805 -0 0.603045 0.927463
1.50785 2.95932 1.44 0.681732 0.267855
1.66066 2.87635 1.44 0.70172 0.272489
1.59865 3.13752 1.96 0.683155 0.18467
1.66066 2.87635 1.44 0.70172 0.272489
1.76066 3.04955 1.96 0.703302 0.188792
1.59865 3.13752 1.96 0.683155 0.18467
0.0813473 0.542242 -0 0.531316 0.999376
0.0907981 0.542242 -0 0.533967 0.999195
0.162695 0.542242 -0 0.554028 0.997192
0.0907981 0.542242 -0 0.533967 0.999195
0.181596 0.542242 -0 0.55926 0.996483
0.162695 0.542242 -0 0.554028 0.997192
0.162695 0.542242 -0 0.554028 0.997192
0.181596 0.542242 -0 0.55926 0.996483
0.244042 0.548127 -0 0.576272 0.99157
0.181596 0.542242 -0 0.55926 0.996483
0.272394 0.542242 -0 0.58405 0.99206
0.244042 0.548127 -0 0.576272 0.99157
0.244042 0.548127 -0 0.576272 0.99157
0.272394 0.542242 -0 0.58405 0.99206
0.325389 0.730836 -0 0.593081 0.923401
0.272394 0.542242 -0 0.58405 0.99206
0.363192 0.712805 -0 0.603045 0.927463
0.325389 0.730836 -0 0.593081 0.923401
1.3509 3.03418 1.44 0.661725 0.263913
1.50785 2.95932 1.44 0.681732 0.267855
1.43225 3.21689 1.96 0.662956 0.181197
1.50785 2.95932 1.44 0.681732 0.267855
1.59865 3.13752 1.96 0.683155 0.18467
1.43225 3.21689 1.96 0.662956 0.181197
0.0716736 0.542242 -0 0.5286 0.99954
0.0813473 0.542242 -0 0.531316 0.999376
0.143347 0.542242 -0 0.548652 0.99784
0.0813473 0.542242 -0 0.531316 0.999376
0.162695 0.542242 -0 0.554028 0.997192
0.143347 0.542242 -0 0.548652 0.99784
0.143347 0.542242 -0 0.548652 0.99784
0.162695 0.542242 -0 0.554028 0.997192
0.215021 0.560148 -0 0.568171 0.988784
0.162695 0.542242 -0 0.554028 0.997192
0.244042 0.548127 -0 0.576272 0.99157
0.215021 0.560148 -0 0.568171 0.988784
0.215021 0.560148 -0 0.568171 0.988784
0.244042 0.548127 -0 0.576272 0.99157
0.286694 0.746864 -0 0.582924 0.919785
0.244042 0.548127 -0 0.576272 0.99157
0.325389 0.730836 -0 0.593081 0.923401
0.286694 0.746864 -0 0.582924 0.919785
1.19025 3.10072 1.44 0.641736 0.260626
1.3509 3.03418 1.44 0.661725 0.263913
1.26193 3.28744 1.96 0.64274 0.178336
1.3509 3.03418 1.44 0.661725 0.263913
1.43225 3.21689 1.96 0.662956 0.181197
1.26193 3.28744 1.96 0.64274 0.178336
0.0618034 0.542242 -0 0.525826 0.999686
0.0716736 0.542242 -0 0.5286 0.99954
0.123607 0.542242 -0 0.543148 0.998419
0.0716736 0.542242 -0 0.5286 0.99954
0.143347 0.542242 -0 0.548652 0.99784
0.123607 0.542242 -0 0.543148 0.998419
0.123607 0.542242 -0 0.543148 0.998419
0.143347 0.542242 -0 0.548652 0.99784
0.18541 0.570634 -0 0.559921 0.986353
0.143347 0.542242 -0 0.548652 0.99784
0.215021 0.560148 -0 0.568171 0.988784
0.18541 0.570634 -0 0.559921 0.986353
0.18541 0.570634 -0 0.559921 0.986353
0.215021 0.560148 -0 0.568171 0.988784
0.247214 0.760845 -0 0.5726 0.916626
0.215021 0.560148 -0 0.568171 0.988784
0.286694 0.746864 -0 0.582924 0.919785
0.247214 0.760845 -0 0.5726 0.916626
1.02634 3.15876 1.44 0.621792 0.257956
1.19025 3.10072 1.44 0.641736 0.260626
1.08815 3.34897 1.96 0.622536 0.17605
1.19025 3.10072 1.44 0.641736 0.260626
1.26193 3.28744 1.96 0.64274 0.178336
1.08815 3.34897 1.96 0.622536 0.17605
0.0517638 0.542242 -0 0.523003 0.999813
0.0618034 0.542242 -0 0.525826 0.999686
0.103528 0.542242 -0 0.537534 0.998922
0.0618034 0.542242 -0 0.525826 0.999686
0.123607 0.542242 -0 0.543148 0.998419
0.103528 0.542242 -0 0.537534 0.998922
0.103528 0.542242 -0 0.537534 0.998922
0.123607 0.542242 -0 0.543148 0.998419
0.155291 0.579556 -0 0.551543 0.984283
0.123607 0.542242 -0 0.543148 0.998419
0.18541 0.570634 -0 0.559921 0.986353
0.155291 0.579556 -0 0.551543 0.984283
0.155291 0.579556 -0 0.551543 0.984283
0.18541 0.570634 -0 0.559921 0.986353
0.207055 0.772741 -0 0.562137 0.913937
0.18541 0.570634 -0 0.559921 0.986353
0.247214 0.760845 -0 0.5726 0.916626
0.207055 0.772741 -0 0.562137 0.913937
0.859621 3.20815 1.44 0.601911 0.255869
1.02634 3.15876 1.44 0.621792 0.257956
0.911385 3.40133 1.96 0.602362 0.174305
1.02634 3.15876 1.44 0.621792 0.257956
1.08815 3.34897 1.96 0.622536 0.17605
0.911385 3.40133 1.96 0.602362 0.174305
0.0415823 0.542242 -0 0.520139 0.99992
0.0517638 0.542242 -0 0.523003 0.999813
0.0831647 0.542242 -0 0.531826 0.999343
0.0517638 0.542242 -0 0.523003 0.999813
0.103528 0.542242 -0 0.537534 0.998922
0.0831647 0.542242 -0 0.531826 0.999343
0.0831647 0.542242 -0 0.531826 0.999343
0.103528 0.542242 -0 0.537534 0.998922
0.124747 0.586889 -0 0.543059 0.982581
0.103528 0.542242 -0 0.537534 0.998922
0.155291 0.579556 -0 0.551543 0.984283
0.124747 0.586889 -0 0.543059 0.982581
0.124747 0.586889 -0 0.543059 0.982581
0.155291 0.579556 -0 0.551543 0.984283
0.166329 0.782518 -0 0.55156 0.911727
0.155291 0.579556 -0 0.551543 0.984283
0.207055 0.772741 -0 0.562137 0.913937
0.166329 0.782518 -0 0.55156 0.911727
0.690541 3.24874 1.44 0.5821 0.254333
0.859621 3.20815 1.44 0.601911 0.255869
0.732124 3.44437 1.96 0.582232 0.173069
0.859621 3.20815 1.44 0.601911 0.255869
0.911385 3.40133 1.96 0.602362 0.174305
0.732124 3.44437 1.96 0.582232 0.173069
0.0312869 0.542242 -0 0.517241 1
0.0415823 0.542242 -0 0.520139 0.99992
0.0625738 0.542242 -0 0.526043 0.999676
0.0415823 0.542242 -0 0.520139 0.99992
0.0831647 0.542242 -0 0.531826 0.999343
0.0625738 0.542242 -0 0.526043 0.999676
0.0625738 0.542242 -0 0.526043 0.999676
0.0831647 0.542242 -0 0.531826 0.999343
0.0938607 0.592613 -0 0.534491 0.981254
0.0831647 0.542242 -0 0.531826 0.999343
0.124747 0.586889 -0 0.543059 0.982581
0.0938607 0.592613 -0 0.534491 0.981254
0.0938607 0.592613 -0 0.534491 0.981254
0.124747 0.586889 -0 0.543059 0.982581
0.125148 0.790151 -0 0.540894 0.910007
0.124747 0.586889 -0 0.543059 0.982581
0.166329 0.782518 -0 0.55156 0.911727
0.125148 0.790151 -0 0.540894 0.910007
0.519569 3.28043 1.44 0.562361 0.253324
0.690541 3.24874 1.44 0.5821 0.254333
0.550856 3.47797 1.96 0.562152 0.172314
0.690541 3.24874 1.44 0.5821 0.254333
0.732124 3.44437 1.96 0.582232 0.173069
0.550856 3.47797 1.96 0.562152 0.172314
0.0209057 0.542242 -0 0.514318 1.00007
0.0312869 0.542242 -0 0.517241 1
0.0418114 0.542242 -0 0.520203 0.999918
0.0312869 0.542242 -0 0.517241 1
0.0625738 0.542242 -0 0.526043 0.999676
0.0418114 0.542242 -0 0.520203 0.999918
0.0418114 0.542242 -0 0.520203 0.999918
0.0625738 0.542242 -0 0.526043 0.999676
0.0627171 0.596713 -0 0.525861 0.980305
0.0625738 0.542242 -0 0.526043 0.999676
0.0938607 0.592613 -0 0.534491 0.981254
0.0627171 0.596713 -0 0.525861 0.980305
0.0627171 0.596713 -0 0.525861 0.980305
0.0938607 0.592613 -0 0.534491 0.981254
0.0836228 0.795618 -0 0.530165 0.908783
0.0938607 0.592613 -0 0.534491 0.981254
0.125148 0.790151 -0 0.540894 0.910007
0.0836228 0.795618 -0 0.530165 0.908783
0.347172 3.30313 1.44 0.542688 0.252822
0.519569 3.28043 1.44 0.562361 0.253324
0.368078 3.50203 1.96 0.54212 0.172016
0.519569 3.28043 1.44 0.562361 0.253324
0.550856 3.47797 1.96 0.562152 0.172314
0.368078 3.50203 1.96 0.54212 0.172016
0.0104672 0.542242 -0 0.511379 1.0001
0.0209057 0.542242 -0 0.514318 1.00007
0.0209344 0.542242 -0 0.514326 1.00007
0.0209057 0.542242 -0 0.514318 1.00007
0.0418114 0.542242 -0 0.520203 0.999918
0.0209344 0.542242 -0 0.514326 1.00007
0.0209344 0.542242 -0 0.514326 1.00007
0.0418114 0.542242 -0 0.520203 0.999918
0.0314016 0.599178 -0 0.51719 0.979739
0.0418114 0.542242 -0 0.520203 0.999918
0.0627171 0.596713 -0 0.525861 0.980305
0.0314016 0.599178 -0 0.51719 0.979739
0.0314016 0.599178 -0 0.51719 0.979739
0.0627171 0.596713 -0 0.525861 0.980305
0.0418688 0.798904 -0 0.519395 0.90806
0.0627171 0.596713 -0 0.525861 0.980305
0.0836228 0.795618 -0 0.530165 0.908783
0.0418688 0.798904 -0 0.519395 0.90806
0.173824 3.31677 1.44 0.523071 0.25281
0.347172 3.30313 1.44 0.542688 0.252822
0.184292 3.51649 1.96 0.522133 0.172159
0.347172 3.30313 1.44 0.542688 0.252822
0.368078 3.50203 1.96 0.54212 0.172016
0.184292 3.51649 1.96 0.522133 0.172159
1.22465e-17 0.542242 -0 0.508432 1.00012
0.0104672 0.542242 -0 0.511379 1.0001
2.44929e-17 0.542242 -0 0.508432 1.00012
0.0104672 0.542242 -0 0.511379 1.0001
0.0209344 0.542242 -0 0.514326 1.00007
2.44929e-17 0.542242 -0 0.508432 1.00012
2.44929e-17 0.542242 -0 0.508432 1.00012
0.0209344 0.542242 -0 0.514326 1.00007
3.67394e-17 0.6 -0 0.508499 0.979555
0.0209344 0.542242 -0 0.514326 1.00007
0.0314016 0.599178 -0 0.51719 0.979739
3.67394e-17 0.6 -0 0.508499 0.979555
3.67394e-17 0.6 -0 0.508499 0.979555
0.0314016 0.599178 -0 0.51719 0.979739
4.89859e-17 0.8 -0 0.508609 0.907841
0.0314016 0.599178 -0 0.51719 0.979739
0.0418688 0.798904 -0 0.519395 0.90806
4.89859e-17 0.8 -0 0.508609 0.907841
2.03372e-16 3.32132 1.44 0.503497 0.253281
0.173824 3.31677 1.44 0.523071 0.25281
2.15619e-16 3.52132 1.96 0.502182 0.172729
0.173824 3.31677 1.44 0.523071 0.25281
0.184292 3.51649 1.96 0.522133 0.172159
2.15619e-16 3.52132 1.96 0.502182 0.172729
-0.0104672 0.542242 -0 0.505485 1.00011
1.22465e-17 0.542242 -0 0.508432 1.00012
-0.0209344 0.542242 -0 0.502539 1.00007
1.22465e-17 0.542242 -0 0.508432 1.00012
2.44929e-17 0.542242 -0 0.508432 1.00012
-0.0209344 0.542242 -0 0.502539 1.00007
-0.0209344 0.542242 -0 0.502539 1.00007
2.44929e-17 0.542242 -0 0.508432 1.00012
-0.0314016 0.599178 -0 0.499811 0.979757
2.44929e-17 0.542242 -0 0.508432 1.00012
3.67394e-17 0.6 -0 0.508499 0.979555
-0.0314016 0.599178 -0 0.499811 0.979757
-0.0314016 0.599178 -0 0.499811 0.979757
3.67394e-17 0.6 -0 0.508499 0.979555
-0.0418688 0.798904 -0 0.497829 0.908128
3.67394e-17 0.6 -0 0.508499 0.979555
4.89859e-17 0.8 -0 0.508609 0.907841
-0.0418688 0.798904 -0 0.497829 0.908128
-0.173824 3.31677 1.44 0.483954 0.254228
2.03372e-16 3.32132 1.44 0.503497 0.253281
-0.184292 3.51649 1.96 0.482257 0.173722
2.03372e-16 3.32132 1.44 0.503497 0.253281
2.15619e-16 3.52132 1.96 0.502182 0.172729
-0.184292 3.51649 1.96 0.482257 0.173722
-0.0209057 0.542242 -0 0.502547 1.00007
-0.0104672 0.542242 -0 0.505485 1.00011
-0.0418114 0.542242 -0 0.496667 0.99993
-0.0104672 0.542242 -0 0.505485 1.00011
-0.0209344 0.542242 -0 0.502539 1.00007
-0.0418114 0.542242 -0 0.496667 0.99993
-0.0418114 0.542242 -0 0.496667 0.99993
-0.0209344 0.542242 -0 0.502539 1.00007
-0.0627171 0.596713 -0 0.491147 0.980342
-0.0209344 0.542242 -0 0.502539 1.00007
-0.0314016 0.599178 -0 0.499811 0.979757
-0.0627171 0.596713 -0 0.491147 0.980342
-0.0627171 0.596713 -0 0.491147 0.980342
-0.0314016 0.599178 -0 0.499811 0.979757
-0.0836228 0.795618 -0 0.487078 0.908919
-0.0314016 0.599178 -0 0.499811 0.979757
-0.0418688 0.798904 -0 0.497829 0.908128
-0.0836228 0.795618 -0 0.487078 0.908919
-0.347172 3.30313 1.44 0.464425 0.255652
-0.173824 3.31677 1.44 0.483954 0.254228
-0.368078 3.50203 1.96 0.462348 0.175137
-0.173824 3.31677 1.44 0.483954 0.254228
-0.184292 3.51649 1.96 0.482257 0.173722
-0.368078 3.50203 1.96 0.462348 0.175137
-0.0312869 0.542242 -0 0.499627 1.00001
-0.0209057 0.542242 -0 0.502547 1.00007
-0.0625738 0.542242 -0 0.490837 0.999695
-0.0209057 0.542242 -0 0.502547 1.00007
-0.0418114 0.542242 -0 0.496667 0.99993
-0.0625738 0.542242 -0 0.490837 0.999695
-0.0625738 0.542242 -0 0.490837 0.999695
-0.0418114 0.542242 -0 0.496667 0.99993
-0.0938607 0.592613 -0 0.482527 0.981309
-0.0418114 0.542242 -0 0.496667 0.99993
-0.0627171 0.596713 -0 0.491147 0.980342
-0.0938607 0.592613 -0 0.482527 0.981309
-0.0938607 0.592613 -0 0.482527 0.981309
-0.0627171 0.596713 -0 0.491147 0.980342
-0.125148 0.790151 -0 0.476378 0.91021
-0.0627171 0.596713 -0 0.491147 0.980342
-0.0836228 0.795618 -0 0.487078 0.908919
-0.125148 0.790151 -0 0.476378 0.91021
-0.519569 3.28043 1.44 0.444898 0.257558
-0.347172 3.30313 1.44 0.464425 0.255652
-0.550856 3.47797 1.96 0.442446 0.17698
-0.347172 3.30313 1.44 0.464425 0.255652
-0.368078 3.50203 1.96 0.462348 0.175137
-0.550856 3.47797 1.96 0.442446 0.17698
-0.0415823 0.542242 -0 0.496732 0.999932
-0.0312869 0.542242 -0 0.499627 1.00001
-0.0831647 0.542242 -0 0.485065 0.999369
-0.0312869 0.542242 -0 0.499627 1.00001
-0.0625738 0.542242 -0 0.490837 0.999695
-0.0831647 0.542242 -0 0.485065 0.999369
-0.0831647 0.542242 -0 0.485065 0.999369
-0.0625738 0.542242 -0 0.490837 0.999695
-0.124747 0.586889 -0 0.473973 0.982654
-0.0625738 0.542242 -0 0.490837 0.999695
-0.0938607 0.592613 -0 0.482527 0.981309
-0.124747 0.586889 -0 0.473973 0.982654
-0.124747 0.586889 -0 0.473973 0.982654
-0.0938607 0.592613 -0 0.482527 0.981309
-0.166329 0.782518 -0 0.465754 0.911997
-0.0938607 0.592613 -0 0.482527 0.981309
-0.125148 0.790151 -0 0.476378 0.91021
-0.166329 0.782518 -0 0.465754 0.911997
-0.690541 3.24874 1.44 0.42536 0.259956
-0.519569 3.28043 1.44 0.444898 0.257558
-0.732124 3.44437 1.96 0.422544 0.179263
-0.519569 3.28043 1.44 0.444898 0.257558
-0.550856 3.47797 1.96 0.442446 0.17698
-0.732124 3.44437 1.96 0.422544 0.179263
-0.0517638 0.542242 -0 0.493871 0.999829
-0.0415823 0.542242 -0 0.496732 0.999932
-0.103528 0.542242 -0 0.479372 0.998957
-0.0415823 0.542242 -0 0.496732 0.999932
-0.0831647 0.542242 -0 0.485065 0.999369
-0.103528 0.542242 -0 0.479372 0.998957
-0.103528 0.542242 -0 0.479372 0.998957
-0.0831647 0.542242 -0 0.485065 0.999369
-0.155291 0.579556 -0 0.465505 0.984373
-0.0831647 0.542242 -0 0.485065 0.999369
-0.124747 0.586889 -0 0.473973 0.982654
-0.155291 0.579556 -0 0.465505 0.984373
-0.155291 0.579556 -0 0.465505 0.984373
-0.124747 0.586889 -0 0.473973 0.982654
-0.207055 0.772741 -0 0.455227 0.914273
-0.124747 0.586889 -0 0.473973 0.982654
-0.166329 0.782518 -0 0.465754 0.911997
-0.207055 0.772741 -0 0.455227 0.914273
-0.859621 3.20815 1.44 0.405803 0.262859
-0.690541 3.24874 1.44 0.42536 0.259956
-0.911385 3.40133 1.96 0.402636 0.182002
-0.690541 3.24874 1.44 0.42536 0.259956
-0.732124 3.44437 1.96 0.422544 0.179263
-0.911385 3.40133 1.96 0.402636 0.182002
-0.0618034 0.542242 -0 0.491053 0.999705
-0.0517638 0.542242 -0 0.493871 0.999829
-0.123607 0.542242 -0 0.473776 0.998463
-0.0517638 0.542242 -0 0.493871 0.999829
-0.103528 0.542242 -0 0.479372 0.998957
-0.123607 0.542242 -0 0.473776 0.998463
-0.123607 0.542242 -0 0.473776 0.998463
-0.103528 0.542242 -0 0.479372 0.998957
-0.18541 0.570634 -0 0.457146 0.986461
-0.103528 0.542242 -0 0.479372 0.998957
-0.155291 0.579556 -0 0.465505 0.984373
-0.18541 0.570634 -0 0.457146 0.986461
-0.18541 0.570634 -0 0.457146 0.986461
-0.155291 0.579556 -0 0.465505 0.984373
-0.247214 0.760845 -0 0.444822 0.917029
-0.155291 0.579556 -0 0.465505 0.984373
-0.207055 0.772741 -0 0.455227 0.914273
-0.247214 0.760845 -0 0.444822 0.917029
-1.02634 3.15876 1.44 0.386223 0.266289
-0.859621 3.20815 1.44 0.405803 0.262859
-1.08815 3.34897 1.96 0.382725 0.185219
-0.859621 3.20815 1.44 0.405803 0.262859
-0.911385 3.40133 1.96 0.402636 0.182002
-1.08815 3.34897 1.96 0.382725 0.185219
-0.0716736 0.542242 -0 0.488285 0.999562
-0.0618034 0.542242 -0 0.491053 0.999705
-0.143347 0.542242 -0 0.468292 0.997895
-0.0618034 0.542242 -0 0.491053 0.999705
-0.123607 0.542242 -0 0.473776 0.998463
-0.143347 0.542242 -0 0.468292 0.997895
-0.143347 0.542242 -0 0.468292 0.997895
-0.123607 0.542242 -0 0.473776 0.998463
-0.215021 0.560148 -0 0.448915 0.988909
-0.123607 0.542242 -0 0.473776 0.998463
-0.18541 0.570634 -0 0.457146 0.986461
-0.215021 0.560148 -0 0.448915 0.988909
-0.215021 0.560148 -0 0.448915 0.988909
-0.18541 0.570634 -0 0.457146 0.986461
-0.286694 0.746864 -0 0.434562 0.920252
-0.18541 0.570634 -0 0.457146 0.986461
-0.247214 0.760845 -0 0.444822 0.917029
-0.286694 0.746864 -0 0.434562 0.920252
-1.19025 3.10072 1.44 0.366621 0.270267
-1.02634 3.15876 1.44 0.386223 0.266289
-1.26193 3.28744 1.96 0.362816 0.188938
-1.02634 3.15876 1.44 0.386223 0.266289
-1.08815 3.34897 1.96 0.382725 0.185219
-1.26193 3.28744 1.96 0.362816 0.188938
-0.0813473 0.542242 -0 0.485574 0.999402
-0.0716736 0.542242 -0 0.488285 0.999562
-0.162695 0.542242 -0 0.462939 0.997258
-0.0716736 0.542242 -0 0.488285 0.999562
-0.143347 0.542242 -0 0.468292 0.997895
-0.162695 0.542242 -0 0.462939 0.997258
-0.162695 0.542242 -0 0.462939 0.997258
-0.143347 0.542242 -0 0.468292 0.997895
-0.244042 0.548127 -0 0.440834 0.99171
-0.143347 0.542242 -0 0.468292 0.997895
-0.215021 0.560148 -0 0.448915 0.988909
-0.244042 0.548127 -0 0.440834 0.99171
-0.244042 0.548127 -0 0.440834 0.99171
-0.215021 0.560148 -0 0.448915 0.988909
-0.325389 0.730836 -0 0.424473 0.923932
-0.215021 0.560148 -0 0.448915 0.988909
-0.286694 0.746864 -0 0.434562 0.920252
-0.325389 0.730836 -0 0.424473 0.923932
-1.3509 3.03418 1.44 0.347008 0.274823
-1.19025 3.10072 1.44 0.366621 0.270267
-1.43225 3.21689 1.96 0.342924 0.19319
-1.19025 3.10072 1.44 0.366621 0.270267
-1.26193 3.28744 1.96 0.362816 0.188938
-1.43225 3.21689 1.96 0.342924 0.19319
-0.0907981 0.542242 -0 0.482929 0.999225
-0.0813473 0.542242 -0 0.485574 0.999402
-0.181596 0.542242 -0 0.457732 0.996562
-0.0813473 0.542242 -0 0.485574 0.999402
-0.162695 0.542242 -0 0.462939 0.997258
-0.181596 0.542242 -0 0.457732 0.996562
-0.181596 0.542242 -0 0.457732 0.996562
-0.162695 0.542242 -0 0.462939 0.997258
-0.272394 0.542242 -0 0.433095 0.992225
-0.162695 0.542242 -0 0.462939 0.997258
-0.244042 0.548127 -0 0.440834 0.99171
-0.272394 0.542242 -0 0.433095 0.992225
-0.272394 0.542242 -0 0.433095 0.992225
-0.244042 0.548127 -0 0.440834 0.99171
-0.363192 0.712805 -0 0.414578 0.928055
-0.244042 0.548127 -0 0.440834 0.99171
-0.325389 0.730836 -0 0.424473 0.923932
-0.363192 0.712805 -0 0.414578 0.928055
-1.50785 2.95932 1.44 0.327401 0.279986
-1.3509 3.03418 1.44 0.347008 0.274823
-1.59865 3.13752 1.96 0.323068 0.198005
-1.3509 3.03418 1.44 0.347008 0.274823
-1.43225 3.21689 1.96 0.342924 0.19319
-1.59865 3.13752 1.96 0.323068 0.198005
-0.1 0.542242 -0 0.480357 0.999035
-0.0907981 0.542242 -0 0.482929 0.999225
-0.2 0.542242 -0 0.452685 0.995814
-0.0907981 0.542242 -0 0.482929 0.999225
-0.181596 0.542242 -0 0.457732 0.996562
-0.2 0.542242 -0 0.452685 0.995814
-0.2 0.542242 -0 0.452685 0.995814
-0.181596 0.542242 -0 0.457732 0.996562
-0.3 0.542242 -0 0.42575 0.990597
-0.181596 0.542242 -0 0.457732 0.996562
-0.272394 0.542242 -0 0.433095 0.992225
-0.3 0.542242 -0 0.42575 0.990597
-0.3 0.542242 -0 0.42575 0.990597
-0.272394 0.542242 -0 0.433095 0.992225
-0.4 0.69282 -0 0.404903 0.932606
-0.272394 0.542242 -0 0.433095 0.992225
-0.363192 0.712805 -0 0.414578 0.928055
-0.4 0.69282 -0 0.404903 0.932606
-0.4 0.69282 -0 0.404903 0.932606
-0.363192 0.712805 -0 0.414578 0.928055
-0.5 0.866025 -0 0.388973 0.868854
-0.363192 0.712805 -0 0.414578 0.928055
-0.453991 0.891007 -0 0.400236 0.863379
-0.5 0.866025 -0 0.388973 0.868854
-0.5 0.866025 -0 0.388973 0.868854
-0.453991 0.891007 -0 0.400236 0.863379
-0.6 1.03923 -0 0.376956 0.810137
-0.453991 0.891007 -0 0.400236 0.863379
-0.544789 1.06921 -0 0.38947 0.80397
-0.6 1.03923 -0 0.376956 0.810137
-0.6 1.03923 -0 0.376956 0.810137
-0.544789 1.06921 -0 0.38947 0.80397
-0.7 1.21244 -0 0.36808 0.757977
-1.66066 2.87635 1.44 0.307829 0.28579
-1.50785 2.95932 1.44 0.327401 0.279986
-1.76066 3.04955 1.96 0.303277 0.203414
-1.50785 2.95932 1.44 0.327401 0.279986
-1.59865 3.13752 1.96 0.323068 0.198005
-1.76066 3.04955 1.96 0.303277 0.203414
-0.108928 0.542242 -0 0.477865 0.998833
-0.1 0.542242 -0 0.480357 0.999035
-0.217856 0.542242 -0 0.447813 0.995024
-0.1 0.542242 -0 0.480357 0.999035
-0.2 0.542242 -0 0.452685 0.995814
-0.217856 0.542242 -0 0.447813 0.995024
-0.217856 0.542242 -0 0.447813 0.995024
-0.2 0.542242 -0 0.452685 0.995814
-0.326783 0.542242 -0 0.4187 0.988886
-0.2 0.542242 -0 0.452685 0.995814
-0.3 0.542242 -0 0.42575 0.990597
-0.326783 0.542242 -0 0.4187 0.988886
-0.326783 0.542242 -0 0.4187 0.988886
-0.3 0.542242 -0 0.42575 0.990597
-0.435711 0.670936 -0 0.395473 0.93757
-0.3 0.542242 -0 0.42575 0.990597
-0.4 0.69282 -0 0.404903 0.932606
-0.435711 0.670936 -0 0.395473 0.93757
-0.435711 0.670936 -0 0.395473 0.93757
-0.4 0.69282 -0 0.404903 0.932606
-0.544639 0.838671 -0 0.377964 0.874821
-0.4 0.69282 -0 0.404903 0.932606
-0.5 0.866025 -0 0.388973 0.868854
-0.544639 0.838671 -0 0.377964 0.874821
-0.544639 0.838671 -0 0.377964 0.874821
-0.5 0.866025 -0 0.388973 0.868854
-0.653567 1.0064 -0 0.364685 0.816864
-0.5 0.866025 -0 0.388973 0.868854
-0.6 1.03923 -0 0.376956 0.810137
-0.653567 1.0064 -0 0.364685 0.816864
-0.653567 1.0064 -0 0.364685 0.816864
-0.6 1.03923 -0 0.376956 0.810137
-0.762495 1.17414 -0 0.354823 0.765207
-0.6 1.03923 -0 0.376956 0.810137
-0.7 1.21244 -0 0.36808 0.757977
-0.762495 1.17414 -0 0.354823 0.765207
-0.762495 1.17414 -0 0.354823 0.765207
-0.7 1.21244 -0 0.36808 0.757977
-0.871422 1.34187 -0 0.34755 0.720135
-0.7 1.21244 -0 0.36808 0.757977
-0.8 1.38564 -0 0.361564 0.712616
-0.871422 1.34187 -0 0.34755 0.720135
-0.871422 1.34187 -0 0.34755 0.720135
-0.8 1.38564 -0 0.361564 0.712616
-0.98035 1.50961 -0 0.342174 0.681211
-0.8 1.38564 -0 0.361564 0.712616
-0.9 1.55885 -0 0.356768 0.673559
-0.98035 1.50961 -0 0.342174 0.681211
-0.98035 1.50961 -0 0.342174 0.681211
-0.9 1.55885 -0 0.356768 0.673559
-1.26428 1.94682 0.04 0.331823 0.597059
-0.9 1.55885 -0 0.356768 0.673559
-1.16066 2.01032 0.04 0.347541 0.589423
-1.26428 1.94682 0.04 0.331823 0.597059
-1.26428 1.94682 0.04 0.331823 0.597059
-1.16066 2.01032 0.04 0.347541 0.589423
-1.37321 2.11456 0.16 0.32486 0.5556
-1.16066 2.01032 0.04 0.347541 0.589423
-1.26066 2.18353 0.16 0.341257 0.54802
-1.37321 2.11456 0.16 0.32486 0.5556
-1.37321 2.11456 0.16 0.32486 0.5556
-1.26066 2.18353 0.16 0.341257 0.54802
-1.48214 2.28229 0.36 0.316039 0.504481
-1.26066 2.18353 0.16 0.341257 0.54802
-1.36066 2.35673 0.36 0.333267 0.497025
-1.48214 2.28229 0.36 0.316039 0.504481
-1.48214 2.28229 0.36 0.316039 0.504481
-1.36066 2.35673 0.36 0.333267 0.497025
-1.59107 2.45003 0.64 0.306173 0.443062
-1.36066 2.35673 0.36 0.333267 0.497025
-1.46066 2.52994 0.64 0.32429 0.435835
-1.59107 2.45003 0.64 0.306173 0.443062
-1.59107 2.45003 0.64 0.306173 0.443062
-1.46066 2.52994 0.64 0.32429 0.435835
-1.69999 2.61776 1 0.296414 0.371621
-1.46066 2.52994 0.64 0.32429 0.435835
-1.56066 2.70314 1 0.315345 0.364734
-1.69999 2.61776 1 0.296414 0.371621
-1.69999 2.61776 1 0.296414 0.371621
-1.56066 2.70314 1 0.315345 0.364734
-1.80892 2.78549 1.44 0.288328 0.292265
-1.56066 2.70314 1 0.315345 0.364734
-1.66066 2.87635 1.44 0.307829 0.28579
-1.80892 2.78549 1.44 0.288328 0.292265
-1.80892 2.78549 1.44 0.288328 0.292265
-1.66066 2.87635 1.44 0.307829 0.28579
-1.91785 2.95323 1.96 0.283584 0.209446
-1.66066 2.87635 1.44 0.307829 0.28579
-1.76066 3.04955 1.96 0.303277 0.203414
-1.91785 2.95323 1.96 0.283584 0.209446
-0.117557 0.542242 -0 0.47546 0.998621
-0.108928 0.542242 -0 0.477865 0.998833
-0.235114 0.542242 -0 0.443128 0.9942
-0.108928 0.542242 -0 0.477865 0.998833
-0.217856 0.542242 -0 0.447813 0.995024
-0.235114 0.542242 -0 0.443128 0.9942
-0.235114 0.542242 -0 0.443128 0.9942
-0.217856 0.542242 -0 0.447813 0.995024
-0.352671 0.542242 -0 0.41196 0.987115
-0.217856 0.542242 -0 0.447813 0.995024
-0.326783 0.542242 -0 0.4187 0.988886
-0.352671 0.542242 -0 0.41196 0.987115
-0.352671 0.542242 -0 0.41196 0.987115
-0.326783 0.542242 -0 0.4187 0.988886
-0.470228 0.647214 -0 0.386315 0.942931
-0.326783 0.542242 -0 0.4187 0.988886
-0.435711 0.670936 -0 0.395473 0.93757
-0.470228 0.647214 -0 0.386315 0.942931
-0.470228 0.647214 -0 0.386315 0.942931
-0.435711 0.670936 -0 0.395473 0.93757
-0.587785 0.809017 -0 0.367242 0.881258
-0.435711 0.670936 -0 0.395473 0.93757
-0.544639 0.838671 -0 0.377964 0.874821
-0.587785 0.809017 -0 0.367242 0.881258
-0.587785 0.809017 -0 0.367242 0.881258
-0.544639 0.838671 -0 0.377964 0.874821
-0.705342 0.97082 -0 0.352694 0.824129
-0.544639 0.838671 -0 0.377964 0.874821
-0.653567 1.0064 -0 0.364685 0.816864
-0.705342 0.97082 -0 0.352694 0.824129
-0.705342 0.97082 -0 0.352694 0.824129
-0.653567 1.0064 -0 0.364685 0.816864
-0.822899 1.13262 -0 0.341825 0.773033
-0.653567 1.0064 -0 0.364685 0.816864
-0.762495 1.17414 -0 0.354823 0.765207
-0.822899 1.13262 -0 0.341825 0.773033
-0.822899 1.13262 -0 0.341825 0.773033
-0.762495 1.17414 -0 0.354823 0.765207
-0.940456 1.29443 -0 0.333765 0.728294
-0.762495 1.17414 -0 0.354823 0.765207
-0.871422 1.34187 -0 0.34755 0.720135
-0.940456 1.29443 -0 0.333765 0.728294
-0.940456 1.29443 -0 0.333765 0.728294
-0.871422 1.34187 -0 0.34755 0.720135
-1.05801 1.45623 -0 0.327778 0.689538
-0.871422 1.34187 -0 0.34755 0.720135
-0.98035 1.50961 -0 0.342174 0.681211
-1.05801 1.45623 -0 0.327778 0.689538
-1.05801 1.45623 -0 0.327778 0.689538
-0.98035 1.50961 -0 0.342174 0.681211
-1.36444 1.87799 0.04 0.316235 0.605414
-0.98035 1.50961 -0 0.342174 0.681211
-1.26428 1.94682 0.04 0.331823 0.597059
-1.36444 1.87799 0.04 0.316235 0.605414
-1.36444 1.87799 0.04 0.316235 0.605414
-1.26428 1.94682 0.04 0.331823 0.597059
-1.48199 2.03979 0.16 0.308572 0.563909
-1.26428 1.94682 0.04 0.331823 0.597059
-1.37321 2.11456 0.16 0.32486 0.5556
-1.48199 2.03979 0.16 0.308572 0.563909
-1.48199 2.03979 0.16 0.308572 0.563909
-1.37321 2.11456 0.16 0.32486 0.5556
-1.59955 2.20159 0.36 0.298906 0.512673
-1.37321 2.11456 0.16 0.32486 0.5556
-1.48214 2.28229 0.36 0.316039 0.504481
-1.59955 2.20159 0.36 0.298906 0.512673
-1.59955 2.20159 0.36 0.298906 0.512673
-1.48214 2.28229 0.36 0.316039 0.504481
-1.71711 2.3634 0.64 0.288144 0.451024
-1.48214 2.28229 0.36 0.316039 0.504481
-1.59107 2.45003 0.64 0.306173 0.443062
-1.71711 2.3634 0.64 0.288144 0.451024
-1.71711 2.3634 0.64 0.288144 0.451024
-1.59107 2.45003 0.64 0.306173 0.443062
-1.83467 2.5252 1 0.277581 0.379233
-1.59107 2.45003 0.64 0.306173 0.443062
-1.69999 2.61776 1 0.296414 0.371621
-1.83467 2.5252 1 0.277581 0.379233
-1.83467 2.5252 1 0.277581 0.379233
-1.69999 2.61776 1 0.296414 0.371621
-1.95222 2.687 1.44 0.268946 0.29944
-1.69999 2.61776 1 0.296414 0.371621
-1.80892 2.78549 1.44 0.288328 0.292265
-1.95222 2.687 1.44 0.268946 0.29944
-1.95222 2.687 1.44 0.268946 0.29944
-1.80892 2.78549 1.44 0.288328 0.292265
-2.06978 2.84881 1.96 0.264031 0.216128
-1.80892 2.78549 1.44 0.288328 0.292265
-1.91785 2.95323 1.96 0.283584 0.209446
-2.06978 2.84881 1.96 0.264031 0.216128
-0.125864 0.542242 -0 0.473148 0.998402
-0.117557 0.542242 -0 0.47546 0.998621
-0.251728 0.542242 -0 0.438641 0.993353
-0.117557 0.542242 -0 0.47546 0.998621
-0.235114 0.542242 -0 0.443128 0.9942
-0.251728 0.542242 -0 0.438641 0.993353
-0.251728 0.542242 -0 0.438641 0.993353
-0.235114 0.542242 -0 0.443128 0.9942
-0.377592 0.542242 -0 0.405544 0.985305
-0.235114 0.542242 -0 0.443128 0.9942
-0.352671 0.542242 -0 0.41196 0.987115
-0.377592 0.542242 -0 0.405544 0.985305
-0.377592 0.542242 -0 0.405544 0.985305
-0.352671 0.542242 -0 0.41196 0.987115
-0.503456 0.621717 -0 0.377452 0.948674
-0.352671 0.542242 -0 0.41196 0.987115
-0.470228 0.647214 -0 0.386315 0.942931
-0.503456 0.621717 -0 0.377452 0.948674
-0.503456 0.621717 -0 0.377452 0.948674
-0.470228 0.647214 -0 0.386315 0.942931
-0.62932 0.777146 -0 0.356836 0.888146
-0.470228 0.647214 -0 0.386315 0.942931
-0.587785 0.809017 -0 0.367242 0.881258
-0.62932 0.777146 -0 0.356836 0.888146
-0.62932 0.777146 -0 0.356836 0.888146
-0.587785 0.809017 -0 0.367242 0.881258
-0.755184 0.932575 -0 0.341018 0.831907
-0.587785 0.809017 -0 0.367242 0.881258
-0.705342 0.97082 -0 0.352694 0.824129
-0.755184 0.932575 -0 0.341018 0.831907
-0.755184 0.932575 -0 0.341018 0.831907
-0.705342 0.97082 -0 0.352694 0.824129
-0.881049 1.088 -0 0.329126 0.781429
-0.705342 0.97082 -0 0.352694 0.824129
-0.822899 1.13262 -0 0.341825 0.773033
-0.881049 1.088 -0 0.329126 0.781429
-0.881049 1.088 -0 0.329126 0.781429
-0.822899 1.13262 -0 0.341825 0.773033
-1.00691 1.24343 -0 0.320253 0.737073
-0.822899 1.13262 -0 0.341825 0.773033
-0.940456 1.29443 -0 0.333765 0.728294
-1.00691 1.24343 -0 0.320253 0.737073
-1.00691 1.24343 -0 0.320253 0.737073
-0.940456 1.29443 -0 0.333765 0.728294
-1.13278 1.39886 -0 0.313628 0.698521
-0.940456 1.29443 -0 0.333765 0.728294
-1.05801 1.45623 -0 0.327778 0.689538
-1.13278 1.39886 -0 0.313628 0.698521
-1.13278 1.39886 -0 0.313628 0.698521
-1.05801 1.45623 -0 0.327778 0.689538
-1.46085 1.804 0.04 0.300823 0.614482
-1.05801 1.45623 -0 0.327778 0.689538
-1.36444 1.87799 0.04 0.316235 0.605414
-1.46085 1.804 0.04 0.300823 0.614482
-1.46085 1.804 0.04 0.300823 0.614482
-1.36444 1.87799 0.04 0.316235 0.605414
-1.58672 1.95943 0.16 0.292441 0.57295
-1.36444 1.87799 0.04 0.316235 0.605414
-1.48199 2.03979 0.16 0.308572 0.563909
-1.58672 1.95943 0.16 0.292441 0.57295
-1.58672 1.95943 0.16 0.292441 0.57295
-1.48199 2.03979 0.16 0.308572 0.563909
-1.71258 2.11486 0.36 0.281916 0.521609
-1.48199 2.03979 0.16 0.308572 0.563909
-1.59955 2.20159 0.36 0.298906 0.512673
-1.71258 2.11486 0.36 0.281916 0.521609
-1.71258 2.11486 0.36 0.281916 0.521609
-1.59955 2.20159 0.36 0.298906 0.512673
-1.83845 2.27029 0.64 0.270257 0.459737
-1.59955 2.20159 0.36 0.298906 0.512673
-1.71711 2.3634 0.64 0.288144 0.451024
-1.83845 2.27029 0.64 0.270257 0.459737
-1.83845 2.27029 0.64 0.270257 0.459737
-1.71711 2.3634 0.64 0.288144 0.451024
-1.96431 2.42572 1 0.258899 0.387593
-1.71711 2.3634 0.64 0.288144 0.451024
-1.83467 2.5252 1 0.277581 0.379233
-1.96431 2.42572 1 0.258899 0.387593
-1.96431 2.42572 1 0.258899 0.387593
-1.83467 2.5252 1 0.277581 0.379233
-2.09017 2.58115 1.44 0.249734 0.307342
-1.83467 2.5252 1 0.277581 0.379233
-1.95222 2.687 1.44 0.268946 0.29944
-2.09017 2.58115 1.44 0.249734 0.307342
-2.09017 2.58115 1.44 0.249734 0.307342
-1.95222 2.687 1.44 0.268946 0.29944
-2.21604 2.73658 1.96 0.24466 0.223482
-1.95222 2.687 1.44 0.268946 0.29944
-2.06978 2.84881 1.96 0.264031 0.216128
-2.21604 2.73658 1.96 0.24466 0.223482
-0.133826 0.542242 -0 0.470935 0.998179
-0.125864 0.542242 -0 0.473148 0.998402
-0.267652 0.542242 -0 0.434364 0.992491
-0.125864 0.542242 -0 0.473148 0.998402
-0.251728 0.542242 -0 0.438641 0.993353
-0.267652 0.542242 -0 0.434364 0.992491
-0.267652 0.542242 -0 0.434364 0.992491
-0.251728 0.542242 -0 0.438641 0.993353
-0.401478 0.542242 -0 0.399466 0.983477
-0.251728 0.542242 -0 0.438641 0.993353
-0.377592 0.542242 -0 0.405544 0.985305
-0.401478 0.542242 -0 0.399466 0.983477
-0.401478 0.542242 -0 0.399466 0.983477
-0.377592 0.542242 -0 0.405544 0.985305
-0.535304 0.594516 -0 0.368909 0.954783
-0.377592 0.542242 -0 0.405544 0.985305
-0.503456 0.621717 -0 0.377452 0.948674
-0.535304 0.594516 -0 0.368909 0.954783
-0.535304 0.594516 -0 0.368909 0.954783
-0.503456 0.621717 -0 0.377452 0.948674
-0.669131 0.743145 -0 0.346778 0.895464
-0.503456 0.621717 -0 0.377452 0.948674
-0.62932 0.777146 -0 0.356836 0.888146
-0.669131 0.743145 -0 0.346778 0.895464
-0.669131 0.743145 -0 0.346778 0.895464
-0.62932 0.777146 -0 0.356836 0.888146
-0.802957 0.891774 -0 0.329696 0.840175
-0.62932 0.777146 -0 0.356836 0.888146
-0.755184 0.932575 -0 0.341018 0.831907
-0.802957 0.891774 -0 0.329696 0.840175
-0.802957 0.891774 -0 0.329696 0.840175
-0.755184 0.932575 -0 0.341018 0.831907
-0.936783 1.0404 -0 0.316769 0.790371
-0.755184 0.932575 -0 0.341018 0.831907
-0.881049 1.088 -0 0.329126 0.781429
-0.936783 1.0404 -0 0.316769 0.790371
-0.936783 1.0404 -0 0.316769 0.790371
-0.881049 1.088 -0 0.329126 0.781429
-1.07061 1.18903 -0 0.307063 0.746447
-0.881049 1.088 -0 0.329126 0.781429
-1.00691 1.24343 -0 0.320253 0.737073
-1.07061 1.18903 -0 0.307063 0.746447
-1.07061 1.18903 -0 0.307063 0.746447
-1.00691 1.24343 -0 0.320253 0.737073
-1.20444 1.33766 -0 0.299773 0.70814
-1.00691 1.24343 -0 0.320253 0.737073
-1.13278 1.39886 -0 0.313628 0.698521
-1.20444 1.33766 -0 0.299773 0.70814
-1.20444 1.33766 -0 0.299773 0.70814
-1.13278 1.39886 -0 0.313628 0.698521
-1.55327 1.72508 0.04 0.28564 0.624256
-1.13278 1.39886 -0 0.313628 0.698521
-1.46085 1.804 0.04 0.300823 0.614482
-1.55327 1.72508 0.04 0.28564 0.624256
-1.55327 1.72508 0.04 0.28564 0.624256
-1.46085 1.804 0.04 0.300823 0.614482
-1.68709 1.87371 0.16 0.276523 0.582719
-1.46085 1.804 0.04 0.300823 0.614482
-1.58672 1.95943 0.16 0.292441 0.57295
-1.68709 1.87371 0.16 0.276523 0.582719
-1.68709 1.87371 0.16 0.276523 0.582719
-1.58672 1.95943 0.16 0.292441 0.57295
-1.82092 2.02234 0.36 0.265132 0.531293
-1.58672 1.95943 0.16 0.292441 0.57295
-1.71258 2.11486 0.36 0.281916 0.521609
-1.82092 2.02234 0.36 0.265132 0.531293
-1.82092 2.02234 0.36 0.265132 0.531293
-1.71258 2.11486 0.36 0.281916 0.521609
-1.95474 2.17096 0.64 0.252576 0.469213
-1.71258 2.11486 0.36 0.281916 0.521609
-1.83845 2.27029 0.64 0.270257 0.459737
-1.95474 2.17096 0.64 0.252576 0.469213
-1.95474 2.17096 0.64 0.252576 0.469213
-1.83845 2.27029 0.64 0.270257 0.459737
-2.08857 2.31959 1 0.240434 0.396719
-1.83845 2.27029 0.64 0.270257 0.459737
-1.96431 2.42572 1 0.258899 0.387593
-2.08857 2.31959 1 0.240434 0.396719
-2.08857 2.31959 1 0.240434 0.396719
-1.96431 2.42572 1 0.258899 0.387593
-2.2224 2.46822 1.44 0.230749 0.315988
-1.96431 2.42572 1 0.258899 0.387593
-2.09017 2.58115 1.44 0.249734 0.307342
-2.2224 2.46822 1.44 0.230749 0.315988
-2.2224 2.46822 1.44 0.230749 0.315988
-2.09017 2.58115 1.44 0.249734 0.307342
-2.35622 2.61685 1.96 0.225518 0.231523
-2.09017 2.58115 1.44 0.249734 0.307342
-2.21604 2.73658 1.96 0.24466 0.223482
-2.35622 2.61685 1.96 0.225518 0.231523
-0.141421 0.542242 -0 0.468826 0.997954
-0.133826 0.542242 -0 0.470935 0.998179
-0.282843 0.542242 -0 0.430306 0.991625
-0.133826 0.542242 -0 0.470935 0.998179
-0.267652 0.542242 -0 0.434364 0.992491
-0.282843 0.542242 -0 0.430306 0.991625
-0.282843 0.542242 -0 0.430306 0.991625
-0.267652 0.542242 -0 0.434364 0.992491
-0.424264 0.542242 -0 0.393734 0.981652
-0.267652 0.542242 -0 0.434364 0.992491
-0.401478 0.542242 -0 0.399466 0.983477
-0.424264 0.542242 -0 0.393734 0.981652
-0.424264 0.542242 -0 0.393734 0.981652
-0.401478 0.542242 -0 0.399466 0.983477
-0.565685 0.565685 -0 0.36071 0.961243
-0.401478 0.542242 -0 0.399466 0.983477
-0.535304 0.594516 -0 0.368909 0.954783
-0.565685 0.565685 -0 0.36071 0.961243
-0.565685 0.565685 -0 0.36071 0.961243
-0.535304 0.594516 -0 0.368909 0.954783
-0.707107 0.707107 -0 0.337099 0.903191
-0.535304 0.594516 -0 0.368909 0.954783
-0.669131 0.743145 -0 0.346778 0.895464
-0.707107 0.707107 -0 0.337099 0.903191
-0.707107 0.707107 -0 0.337099 0.903191
-0.669131 0.743145 -0 0.346778 0.895464
-0.848528 0.848528 -0 0.318766 0.848909
-0.669131 0.743145 -0 0.346778 0.895464
-0.802957 0.891774 -0 0.329696 0.840175
-0.848528 0.848528 -0 0.318766 0.848909
-0.848528 0.848528 -0 0.318766 0.848909
-0.802957 0.891774 -0 0.329696 0.840175
-0.98995 0.98995 -0 0.3048 0.799834
-0.802957 0.891774 -0 0.329696 0.840175
-0.936783 1.0404 -0 0.316769 0.790371
-0.98995 0.98995 -0 0.3048 0.799834
-0.98995 0.98995 -0 0.3048 0.799834
-0.936783 1.0404 -0 0.316769 0.790371
-1.13137 1.13137 -0 0.294244 0.756391
-0.936783 1.0404 -0 0.316769 0.790371
-1.07061 1.18903 -0 0.307063 0.746447
-1.13137 1.13137 -0 0.294244 0.756391
-1.13137 1.13137 -0 0.294244 0.756391
-1.07061 1.18903 -0 0.307063 0.746447
-1.27279 1.27279 -0 0.286267 0.718371
-1.07061 1.18903 -0 0.307063 0.746447
-1.20444 1.33766 -0 0.299773 0.70814
-1.27279 1.27279 -0 0.286267 0.718371
-1.27279 1.27279 -0 0.286267 0.718371
-1.20444 1.33766 -0 0.299773 0.70814
-1.64142 1.64142 0.04 0.270747 0.634721
-1.20444 1.33766 -0 0.299773 0.70814
-1.55327 1.72508 0.04 0.28564 0.624256
-1.64142 1.64142 0.04 0.270747 0.634721
-1.64142 1.64142 0.04 0.270747 0.634721
-1.55327 1.72508 0.04 0.28564 0.624256
-1.78284 1.78284 0.16 0.260882 0.593208
-1.55327 1.72508 0.04 0.28564 0.624256
-1.68709 1.87371 0.16 0.276523 0.582719
-1.78284 1.78284 0.16 0.260882 0.593208
-1.78284 1.78284 0.16 0.260882 0.593208
-1.68709 1.87371 0.16 0.276523 0.582719
-1.92426 1.92426 0.36 0.248619 0.541724
-1.68709 1.87371 0.16 0.276523 0.582719
-1.82092 2.02234 0.36 0.265132 0.531293
-1.92426 1.92426 0.36 0.248619 0.541724
-1.92426 1.92426 0.36 0.248619 0.541724
-1.82092 2.02234 0.36 0.265132 0.531293
-2.06569 2.06569 0.64 0.23517 0.479458
-1.82092 2.02234 0.36 0.265132 0.531293
-1.95474 2.17096 0.64 0.252576 0.469213
-2.06569 2.06569 0.64 0.23517 0.479458
-2.06569 2.06569 0.64 0.23517 0.479458
-1.95474 2.17096 0.64 0.252576 0.469213
-2.20711 2.20711 1 0.222251 0.406622
-1.95474 2.17096 0.64 0.252576 0.469213
-2.08857 2.31959 1 0.240434 0.396719
-2.20711 2.20711 1 0.222251 0.406622
-2.20711 2.20711 1 0.222251 0.406622
-2.08857 2.31959 1 0.240434 0.396719
-2.34853 2.34853 1.44 0.21205 0.325393
-2.08857 2.31959 1 0.240434 0.396719
-2.2224 2.46822 1.44 0.230749 0.315988
-2.34853 2.34853 1.44 0.21205 0.325393
-2.34853 2.34853 1.44 0.21205 0.325393
-2.2224 2.46822 1.44 0.230749 0.315988
-2.48995 2.48995 1.96 0.20665 0.240263
-2.2224 2.46822 1.44 0.230749 0.315988
-2.35622 2.61685 1.96 0.225518 0.231523
-2.48995 2.48995 1.96 0.20665 0.240263
-0.148629 0.542242 -0 0.466829 0.997729
-0.141421 0.542242 -0 0.468826 0.997954
-0.297258 0.542242 -0 0.426477 0.990765
-0.141421 0.542242 -0 0.468826 0.997954
-0.282843 0.542242 -0 0.430306 0.991625
-0.297258 0.542242 -0 0.426477 0.990765
-0.297258 0.542242 -0 0.426477 0.990765
-0.282843 0.542242 -0 0.430306 0.991625
-0.445887 0.542242 -0 0.388358 0.97985
-0.282843 0.542242 -0 0.430306 0.991625
-0.424264 0.542242 -0 0.393734 0.981652
-0.445887 0.542242 -0 0.388358 0.97985
-0.445887 0.542242 -0 0.388358 0.97985
-0.424264 0.542242 -0 0.393734 0.981652
-0.594516 0.542242 -0 0.353169 0.965841
-0.424264 0.542242 -0 0.393734 0.981652
-0.565685 0.565685 -0 0.36071 0.961243
-0.594516 0.542242 -0 0.353169 0.965841
-0.594516 0.542242 -0 0.353169 0.965841
-0.565685 0.565685 -0 0.36071 0.961243
-0.743145 0.669131 -0 0.327828 0.911309
-0.565685 0.565685 -0 0.36071 0.961243
-0.707107 0.707107 -0 0.337099 0.903191
-0.743145 0.669131 -0 0.327828 0.911309
-0.743145 0.669131 -0 0.327828 0.911309
-0.707107 0.707107 -0 0.337099 0.903191
-0.891774 0.802957 -0 0.308264 0.858087
-0.707107 0.707107 -0 0.337099 0.903191
-0.848528 0.848528 -0 0.318766 0.848909
-0.891774 0.802957 -0 0.308264 0.858087
-0.891774 0.802957 -0 0.308264 0.858087
-0.848528 0.848528 -0 0.318766 0.848909
-1.0404 0.936783 -0 0.293261 0.809792
-0.848528 0.848528 -0 0.318766 0.848909
-0.98995 0.98995 -0 0.3048 0.799834
-1.0404 0.936783 -0 0.293261 0.809792
-1.0404 0.936783 -0 0.293261 0.809792
-0.98995 0.98995 -0 0.3048 0.799834
-1.18903 1.07061 -0 0.281847 0.76688
-0.98995 0.98995 -0 0.3048 0.799834
-1.13137 1.13137 -0 0.294244 0.756391
-1.18903 1.07061 -0 0.281847 0.76688
-1.18903 1.07061 -0 0.281847 0.76688
-1.13137 1.13137 -0 0.294244 0.756391
-1.33766 1.20444 -0 0.273165 0.729191
-1.13137 1.13137 -0 0.294244 0.756391
-1.27279 1.27279 -0 0.286267 0.718371
-1.33766 1.20444 -0 0.273165 0.729191
-1.33766 1.20444 -0 0.273165 0.729191
-1.27279 1.27279 -0 0.286267 0.718371
-1.72508 1.55327 0.04 0.256205 0.645862
-1.27279 1.27279 -0 0.286267 0.718371
-1.64142 1.64142 0.04 0.270747 0.634721
-1.72508 1.55327 0.04 0.256205 0.645862
-1.72508 1.55327 0.04 0.256205 0.645862
-1.64142 1.64142 0.04 0.270747 0.634721
-1.87371 1.68709 0.16 0.245584 0.604405
-1.64142 1.64142 0.04 0.270747 0.634721
-1.78284 1.78284 0.16 0.260882 0.593208
-1.87371 1.68709 0.16 0.245584 0.604405
-1.87371 1.68709 0.16 0.245584 0.604405
-1.78284 1.78284 0.16 0.260882 0.593208
-2.02234 1.82092 0.36 0.232449 0.552897
-1.78284 1.78284 0.16 0.260882 0.593208
-1.92426 1.92426 0.36 0.248619 0.541724
-2.02234 1.82092 0.36 0.232449 0.552897
-2.02234 1.82092 0.36 0.232449 0.552897
-1.92426 1.92426 0.36 0.248619 0.541724
-2.17096 1.95474 0.64 0.21811 0.490471
-1.92426 1.92426 0.36 0.248619 0.541724
-2.06569 2.06569 0.64 0.23517 0.479458
-2.17096 1.95474 0.64 0.21811 0.490471
-2.17096 1.95474 0.64 0.21811 0.490471
-2.06569 2.06569 0.64 0.23517 0.479458
-2.31959 2.08857 1 0.204419 0.417306
-2.06569 2.06569 0.64 0.23517 0.479458
-2.20711 2.20711 1 0.222251 0.406622
-2.31959 2.08857 1 0.204419 0.417306
-2.31959 2.08857 1 0.204419 0.417306
-2.20711 2.20711 1 0.222251 0.406622
-2.46822 2.2224 1.44 0.193695 0.335561
-2.20711 2.20711 1 0.222251 0.406622
-2.34853 2.34853 1.44 0.21205 0.325393
-2.46822 2.2224 1.44 0.193695 0.335561
-2.46822 2.2224 1.44 0.193695 0.335561
-2.34853 2.34853 1.44 0.21205 0.325393
-2.61685 2.35622 1.96 0.188098 0.249705
-2.34853 2.34853 1.44 0.21205 0.325393
-2.48995 2.48995 1.96 0.20665 0.240263
-2.61685 2.35622 1.96 0.188098 0.249705
-0.155429 0.542242 -0 0.464947 0.997506
-0.148629 0.542242 -0 0.466829 0.997729
-0.310858 0.542242 -0 0.422883 0.989918
-0.148629 0.542242 -0 0.466829 0.997729
-0.297258 0.542242 -0 0.426477 0.990765
-0.310858 0.542242 -0 0.422883 0.989918
-0.310858 0.542242 -0 0.422883 0.989918
-0.297258 0.542242 -0 0.426477 0.990765
-0.466288 0.542242 -0 0.383343 0.97809
-0.297258 0.542242 -0 0.426477 0.990765
-0.445887 0.542242 -0 0.388358 0.97985
-0.466288 0.542242 -0 0.383343 0.97809
-0.466288 0.542242 -0 0.383343 0.97809
-0.445887 0.542242 -0 0.388358 0.97985
-0.621717 0.542242 -0 0.347081 0.963015
-0.445887 0.542242 -0 0.388358 0.97985
-0.594516 0.542242 -0 0.353169 0.965841
-0.621717 0.542242 -0 0.347081 0.963015
-0.621717 0.542242 -0 0.347081 0.963015
-0.594516 0.542242 -0 0.353169 0.965841
-0.777146 0.62932 -0 0.318992 0.9198
-0.594516 0.542242 -0 0.353169 0.965841
-0.743145 0.669131 -0 0.327828 0.911309
-0.777146 0.62932 -0 0.318992 0.9198
-0.777146 0.62932 -0 0.318992 0.9198
-0.743145 0.669131 -0 0.327828 0.911309
-0.932575 0.755184 -0 0.298223 0.867687
-0.743145 0.669131 -0 0.327828 0.911309
-0.891774 0.802957 -0 0.308264 0.858087
-0.932575 0.755184 -0 0.298223 0.867687
-0.932575 0.755184 -0 0.298223 0.867687
-0.891774 0.802957 -0 0.308264 0.858087
-1.088 0.881049 -0 0.282195 0.820222
-0.891774 0.802957 -0 0.308264 0.858087
-1.0404 0.936783 -0 0.293261 0.809792
-1.088 0.881049 -0 0.282195 0.820222
-1.088 0.881049 -0 0.282195 0.820222
-1.0404 0.936783 -0 0.293261 0.809792
-1.24343 1.00691 -0 0.269918 0.777888
-1.0404 0.936783 -0 0.293261 0.809792
-1.18903 1.07061 -0 0.281847 0.76688
-1.24343 1.00691 -0 0.269918 0.777888
-1.24343 1.00691 -0 0.269918 0.777888
-1.18903 1.07061 -0 0.281847 0.76688
-1.39886 1.13278 -0 0.260519 0.740575
-1.18903 1.07061 -0 0.281847 0.76688
-1.33766 1.20444 -0 0.273165 0.729191
-1.39886 1.13278 -0 0.260519 0.740575
-1.39886 1.13278 -0 0.260519 0.740575
-1.33766 1.20444 -0 0.273165 0.729191
-1.804 1.46085 0.04 0.242078 0.65766
-1.33766 1.20444 -0 0.273165 0.729191
-1.72508 1.55327 0.04 0.256205 0.645862
-1.804 1.46085 0.04 0.242078 0.65766
-1.804 1.46085 0.04 0.242078 0.65766
-1.72508 1.55327 0.04 0.256205 0.645862
-1.95943 1.58672 0.16 0.230697 0.616296
-1.72508 1.55327 0.04 0.256205 0.645862
-1.87371 1.68709 0.16 0.245584 0.604405
-1.95943 1.58672 0.16 0.230697 0.616296
-1.95943 1.58672 0.16 0.230697 0.616296
-1.87371 1.68709 0.16 0.245584 0.604405
-2.11486 1.71258 0.36 0.21669 0.564801
-1.87371 1.68709 0.16 0.245584 0.604405
-2.02234 1.82092 0.36 0.232449 0.552897
-2.11486 1.71258 0.36 0.21669 0.564801
-2.11486 1.71258 0.36 0.21669 0.564801
-2.02234 1.82092 0.36 0.232449 0.552897
-2.27029 1.83845 0.64 0.201465 0.502248
-2.02234 1.82092 0.36 0.232449 0.552897
-2.17096 1.95474 0.64 0.21811 0.490471
-2.27029 1.83845 0.64 0.201465 0.502248
-2.27029 1.83845 0.64 0.201465 0.502248
-2.17096 1.95474 0.64 0.21811 0.490471
-2.42572 1.96431 1 0.187 0.42877
-2.17096 1.95474 0.64 0.21811 0.490471
-2.31959 2.08857 1 0.204419 0.417306
-2.42572 1.96431 1 0.187 0.42877
-2.42572 1.96431 1 0.187 0.42877
-2.31959 2.08857 1 0.204419 0.417306
-2.58115 2.09017 1.44 0.175735 0.346492
-2.31959 2.08857 1 0.204419 0.417306
-2.46822 2.2224 1.44 0.193695 0.335561
-2.58115 2.09017 1.44 0.175735 0.346492
-2.58115 2.09017 1.44 0.175735 0.346492
-2.46822 2.2224 1.44 0.193695 0.335561
-2.73658 2.21604 1.96 0.169903 0.259847
-2.46822 2.2224 1.44 0.193695 0.335561
-2.61685 2.35622 1.96 0.188098 0.249705
-2.73658 2.21604 1.96 0.169903 0.259847
-0.161803 0.542242 -0 0.463186 0.997289
-0.155429 0.542242 -0 0.464947 0.997506
-0.323607 0.542242 -0 0.419532 0.989095
-0.155429 0.542242 -0 0.464947 0.997506
-0.310858 0.542242 -0 0.422883 0.989918
-0.323607 0.542242 -0 0.419532 0.989095
-0.323607 0.542242 -0 0.419532 0.989095
-0.310858 0.542242 -0 0.422883 0.989918
-0.48541 0.542242 -0 0.378693 0.976389
-0.310858 0.542242 -0 0.422883 0.989918
-0.466288 0.542242 -0 0.383343 0.97809
-0.48541 0.542242 -0 0.378693 0.976389
-0.48541 0.542242 -0 0.378693 0.976389
-0.466288 0.542242 -0 0.383343 0.97809
-0.647214 0.542242 -0 0.341477 0.960306
-0.466288 0.542242 -0 0.383343 0.97809
-0.621717 0.542242 -0 0.347081 0.963015
-0.647214 0.542242 -0 0.341477 0.960306
-0.647214 0.542242 -0 0.341477 0.960306
-0.621717 0.542242 -0 0.347081 0.963015
-0.809017 0.587785 -0 0.310618 0.928647
-0.621717 0.542242 -0 0.347081 0.963015
-0.777146 0.62932 -0 0.318992 0.9198
-0.809017 0.587785 -0 0.310618 0.928647
-0.809017 0.587785 -0 0.310618 0.928647
-0.777146 0.62932 -0 0.318992 0.9198
-0.97082 0.705342 -0 0.288678 0.877689
-0.777146 0.62932 -0 0.318992 0.9198
-0.932575 0.755184 -0 0.298223 0.867687
-0.97082 0.705342 -0 0.288678 0.877689
-0.97082 0.705342 -0 0.288678 0.877689
-0.932575 0.755184 -0 0.298223 0.867687
-1.13262 0.822899 -0 0.271639 0.831101
-0.932575 0.755184 -0 0.298223 0.867687
-1.088 0.881049 -0 0.282195 0.820222
-1.13262 0.822899 -0 0.271639 0.831101
-1.13262 0.822899 -0 0.271639 0.831101
-1.088 0.881049 -0 0.282195 0.820222
-1.29443 0.940456 -0 0.258504 0.789393
-1.088 0.881049 -0 0.282195 0.820222
-1.24343 1.00691 -0 0.269918 0.777888
-1.29443 0.940456 -0 0.258504 0.789393
-1.29443 0.940456 -0 0.258504 0.789393
-1.24343 1.00691 -0 0.269918 0.777888
-1.45623 1.05801 -0 0.248382 0.752499
-1.24343 1.00691 -0 0.269918 0.777888
-1.39886 1.13278 -0 0.260519 0.740575
-1.45623 1.05801 -0 0.248382 0.752499
-1.45623 1.05801 -0 0.248382 0.752499
-1.39886 1.13278 -0 0.260519 0.740575
-1.87799 1.36444 0.04 0.228427 0.670095
-1.39886 1.13278 -0 0.260519 0.740575
-1.804 1.46085 0.04 0.242078 0.65766
-1.87799 1.36444 0.04 0.228427 0.670095
-1.87799 1.36444 0.04 0.228427 0.670095
-1.804 1.46085 0.04 0.242078 0.65766
-2.03979 1.48199 0.16 0.216283 0.628864
-1.804 1.46085 0.04 0.242078 0.65766
-1.95943 1.58672 0.16 0.230697 0.616296
-2.03979 1.48199 0.16 0.216283 0.628864
-2.03979 1.48199 0.16 0.216283 0.628864
-1.95943 1.58672 0.16 0.230697 0.616296
-2.20159 1.59955 0.36 0.201409 0.577422
-1.95943 1.58672 0.16 0.230697 0.616296
-2.11486 1.71258 0.36 0.21669 0.564801
-2.20159 1.59955 0.36 0.201409 0.577422
-2.20159 1.59955 0.36 0.201409 0.577422
-2.11486 1.71258 0.36 0.21669 0.564801
-2.3634 1.71711 0.64 0.185301 0.514778
-2.11486 1.71258 0.36 0.21669 0.564801
-2.27029 1.83845 0.64 0.201465 0.502248
-2.3634 1.71711 0.64 0.185301 0.514778
-2.3634 1.71711 0.64 0.185301 0.514778
-2.27029 1.83845 0.64 0.201465 0.502248
-2.5252 1.83467 1 0.170054 0.441008
-2.27029 1.83845 0.64 0.201465 0.502248
-2.42572 1.96431 1 0.187 0.42877
-2.5252 1.83467 1 0.170054 0.441008
-2.5252 1.83467 1 0.170054 0.441008
-2.42572 1.96431 1 0.187 0.42877
-2.687 1.95222 1.44 0.158217 0.358181
-2.42572 1.96431 1 0.187 0.42877
-2.58115 2.09017 1.44 0.175735 0.346492
-2.687 1.95222 1.44 0.158217 0.358181
-2.687 1.95222 1.44 0.158217 0.358181
-2.58115 2.09017 1.44 0.175735 0.346492
-2.84881 2.06978 1.96 0.152095 0.270684
-2.58115 2.09017 1.44 0.175735 0.346492
-2.73658 2.21604 1.96 0.169903 0.259847
-2.84881 2.06978 1.96 0.152095 0.270684
-0.167734 0.542242 -0 0.461549 0.99708
-0.161803 0.542242 -0 0.463186 0.997289
-0.335468 0.542242 -0 0.41643 0.988304
-0.161803 0.542242 -0 0.463186 0.997289
-0.323607 0.542242 -0 0.419532 0.989095
-0.335468 0.542242 -0 0.41643 0.988304
-0.335468 0.542242 -0 0.41643 0.988304
-0.323607 0.542242 -0 0.419532 0.989095
-0.503202 0.542242 -0 0.374413 0.974764
-0.323607 0.542242 -0 0.419532 0.989095
-0.48541 0.542242 -0 0.378693 0.976389
-0.503202 0.542242 -0 0.374413 0.974764
-0.503202 0.542242 -0 0.374413 0.974764
-0.48541 0.542242 -0 0.378693 0.976389
-0.670936 0.542242 -0 0.336352 0.957736
-0.48541 0.542242 -0 0.378693 0.976389
-0.647214 0.542242 -0 0.341477 0.960306
-0.670936 0.542242 -0 0.336352 0.957736
-0.670936 0.542242 -0 0.336352 0.957736
-0.647214 0.542242 -0 0.341477 0.960306
-0.838671 0.544639 -0 0.302728 0.937835
-0.647214 0.542242 -0 0.341477 0.960306
-0.809017 0.587785 -0 0.310618 0.928647
-0.838671 0.544639 -0 0.302728 0.937835
-0.838671 0.544639 -0 0.302728 0.937835
-0.809017 0.587785 -0 0.310618 0.928647
-1.0064 0.653567 -0 0.279657 0.888077
-0.809017 0.587785 -0 0.310618 0.928647
-0.97082 0.705342 -0 0.288678 0.877689
-1.0064 0.653567 -0 0.279657 0.888077
-1.0064 0.653567 -0 0.279657 0.888077
-0.97082 0.705342 -0 0.288678 0.877689
-1.17414 0.762495 -0 0.26163 0.842411
-0.97082 0.705342 -0 0.288678 0.877689
-1.13262 0.822899 -0 0.271639 0.831101
-1.17414 0.762495 -0 0.26163 0.842411
-1.17414 0.762495 -0 0.26163 0.842411
-1.13262 0.822899 -0 0.271639 0.831101
-1.34187 0.871422 -0 0.247644 0.801373
-1.13262 0.822899 -0 0.271639 0.831101
-1.29443 0.940456 -0 0.258504 0.789393
-1.34187 0.871422 -0 0.247644 0.801373
-1.34187 0.871422 -0 0.247644 0.801373
-1.29443 0.940456 -0 0.258504 0.789393
-1.50961 0.98035 -0 0.236799 0.764943
-1.29443 0.940456 -0 0.258504 0.789393
-1.45623 1.05801 -0 0.248382 0.752499
-1.50961 0.98035 -0 0.236799 0.764943
-1.50961 0.98035 -0 0.236799 0.764943
-1.45623 1.05801 -0 0.248382 0.752499
-1.94682 1.26428 0.04 0.215307 0.683148
-1.45623 1.05801 -0 0.248382 0.752499
-1.87799 1.36444 0.04 0.228427 0.670095
-1.94682 1.26428 0.04 0.215307 0.683148
-1.94682 1.26428 0.04 0.215307 0.683148
-1.87799 1.36444 0.04 0.228427 0.670095
-2.11456 1.37321 0.16 0.202404 0.642091
-1.87799 1.36444 0.04 0.228427 0.670095
-2.03979 1.48199 0.16 0.216283 0.628864
-2.11456 1.37321 0.16 0.202404 0.642091
-2.11456 1.37321 0.16 0.202404 0.642091
-2.03979 1.48199 0.16 0.216283 0.628864
-2.28229 1.48214 0.36 0.186666 0.590747
-2.03979 1.48199 0.16 0.216283 0.628864
-2.20159 1.59955 0.36 0.201409 0.577422
-2.28229 1.48214 0.36 0.186666 0.590747
-2.28229 1.48214 0.36 0.186666 0.590747
-2.20159 1.59955 0.36 0.201409 0.577422
-2.45003 1.59107 0.64 0.169675 0.528051
-2.20159 1.59955 0.36 0.201409 0.577422
-2.3634 1.71711 0.64 0.185301 0.514778
-2.45003 1.59107 0.64 0.169675 0.528051
-2.45003 1.59107 0.64 0.169675 0.528051
-2.3634 1.71711 0.64 0.185301 0.514778
-2.61776 1.69999 1 0.153629 0.454008
-2.3634 1.71711 0.64 0.185301 0.514778
-2.5252 1.83467 1 0.170054 0.441008
-2.61776 1.69999 1 0.153629 0.454008
-2.61776 1.69999 1 0.153629 0.454008
-2.5252 1.83467 1 0.170054 0.441008
-2.78549 1.80892 1.44 0.141179 0.370618
-2.5252 1.83467 1 0.170054 0.441008
-2.687 1.95222 1.44 0.158217 0.358181
-2.78549 1.80892 1.44 0.141179 0.370618
-0.173205 0.542242 -0 0.460041 0.99688
-0.167734 0.542242 -0 0.461549 0.99708
-0.34641 0.542242 -0 0.413583 0.987554
-0.167734 0.542242 -0 0.461549 0.99708
-0.335468 0.542242 -0 0.41643 0.988304
-0.34641 0.542242 -0 0.413583 0.987554
-0.34641 0.542242 -0 0.413583 0.987554
-0.335468 0.542242 -0 0.41643 0.988304
-0.519615 0.542242 -0 0.370505 0.97323
-0.335468 0.542242 -0 0.41643 0.988304
-0.503202 0.542242 -0 0.374413 0.974764
-0.519615 0.542242 -0 0.370505 0.97323
-0.519615 0.542242 -0 0.370505 0.97323
-0.503202 0.542242 -0 0.374413 0.974764
-0.69282 0.542242 -0 0.331702 0.955327
-0.503202 0.542242 -0 0.374413 0.974764
-0.670936 0.542242 -0 0.336352 0.957736
-0.69282 0.542242 -0 0.331702 0.955327
-0.69282 0.542242 -0 0.331702 0.955327
-0.670936 0.542242 -0 0.336352 0.957736
-0.866025 0.542242 -0 0.297511 0.935273
-0.670936 0.542242 -0 0.336352 0.957736
-0.838671 0.544639 -0 0.302728 0.937835
-0.866025 0.542242 -0 0.297511 0.935273
-1.0064 0.653567 -0 0.279657 0.888077
-1.17414 0.762495 -0 0.26163 0.842411
-1.21244 0.7 -0 0.252198 0.854134
-1.21244 0.7 -0 0.252198 0.854134
-1.17414 0.762495 -0 0.26163 0.842411
-1.38564 0.8 -0 0.237376 0.81381
-1.17414 0.762495 -0 0.26163 0.842411
-1.34187 0.871422 -0 0.247644 0.801373
-1.38564 0.8 -0 0.237376 0.81381
-1.38564 0.8 -0 0.237376 0.81381
-1.34187 0.871422 -0 0.247644 0.801373
-1.55885 0.9 -0 0.22581 0.777885
-1.34187 0.871422 -0 0.247644 0.801373
-1.50961 0.98035 -0 0.236799 0.764943
-1.55885 0.9 -0 0.22581 0.777885
-1.55885 0.9 -0 0.22581 0.777885
-1.50961 0.98035 -0 0.236799 0.764943
-2.01032 1.16066 0.04 0.202769 0.696799
-1.50961 0.98035 -0 0.236799 0.764943
-1.94682 1.26428 0.04 0.215307 0.683148
-2.01032 1.16066 0.04 0.202769 0.696799
-2.01032 1.16066 0.04 0.202769 0.696799
-1.94682 1.26428 0.04 0.215307 0.683148
-2.18353 1.26066 0.16 0.189109 0.65596
-1.94682 1.26428 0.04 0.215307 0.683148
-2.11456 1.37321 0.16 0.202404 0.642091
-2.18353 1.26066 0.16 0.189109 0.65596
-2.18353 1.26066 0.16 0.189109 0.65596
-2.11456 1.37321 0.16 0.202404 0.642091
-2.35673 1.36066 0.36 0.172513 0.604758
-2.11456 1.37321 0.16 0.202404 0.642091
-2.28229 1.48214 0.36 0.186666 0.590747
-2.35673 1.36066 0.36 0.172513 0.604758
-2.35673 1.36066 0.36 0.172513 0.604758
-2.28229 1.48214 0.36 0.186666 0.590747
-2.52994 1.46066 0.64 0.154635 0.542052
-2.28229 1.48214 0.36 0.186666 0.590747
-2.45003 1.59107 0.64 0.169675 0.528051
-2.52994 1.46066 0.64 0.154635 0.542052
-2.52994 1.46066 0.64 0.154635 0.542052
-2.45003 1.59107 0.64 0.169675 0.528051
-2.70314 1.56066 1 0.137766 0.467759
-2.45003 1.59107 0.64 0.169675 0.528051
-2.61776 1.69999 1 0.153629 0.454008
-2.70314 1.56066 1 0.137766 0.467759
-2.70314 1.56066 1 0.137766 0.467759
-2.61776 1.69999 1 0.153629 0.454008
-2.87635 1.66066 1.44 0.12465 0.383791
-2.61776 1.69999 1 0.153629 0.454008
-2.78549 1.80892 1.44 0.141179 0.370618
-2.87635 1.66066 1.44 0.12465 0.383791
-0.178201 0.542242 -0 0.458666 0.996692
-0.173205 0.542242 -0 0.460041 0.99688
-0.356403 0.542242 -0 0.410994 0.98685
-0.173205 0.542242 -0 0.460041 0.99688
-0.34641 0.542242 -0 0.413583 0.987554
-0.356403 0.542242 -0 0.410994 0.98685
-0.356403 0.542242 -0 0.410994 0.98685
-0.34641 0.542242 -0 0.413583 0.987554
-0.534604 0.542242 -0 0.36697 0.971801
-0.34641 0.542242 -0 0.413583 0.987554
-0.519615 0.542242 -0 0.370505 0.97323
-0.534604 0.542242 -0 0.36697 0.971801
-0.534604 0.542242 -0 0.36697 0.971801
-0.519615 0.542242 -0 0.370505 0.97323
-0.712805 0.542242 -0 0.32752 0.953098
-0.519615 0.542242 -0 0.370505 0.97323
-0.69282 0.542242 -0 0.331702 0.955327
-0.712805 0.542242 -0 0.32752 0.953098
-0.712805 0.542242 -0 0.32752 0.953098
-0.69282 0.542242 -0 0.331702 0.955327
-0.891007 0.542242 -0 0.29296 0.932278
-0.69282 0.542242 -0 0.331702 0.955327
-0.866025 0.542242 -0 0.297511 0.935273
-0.891007 0.542242 -0 0.29296 0.932278
-0.182709 0.542242 -0 0.457426 0.996518
-0.178201 0.542242 -0 0.458666 0.996692
-0.365418 0.542242 -0 0.408669 0.986202
-0.178201 0.542242 -0 0.458666 0.996692
-0.356403 0.542242 -0 0.410994 0.98685
-0.365418 0.542242 -0 0.408669 0.986202
-0.365418 0.542242 -0 0.408669 0.986202
-0.356403 0.542242 -0 0.410994 0.98685
-0.548127 0.542242 -0 0.363808 0.970489
-0.356403 0.542242 -0 0.410994 0.98685
-0.534604 0.542242 -0 0.36697 0.971801
-0.548127 0.542242 -0 0.363808 0.970489
-0.548127 0.542242 -0 0.363808 0.970489
-0.534604 0.542242 -0 0.36697 0.971801
-0.730836 0.542242 -0 0.3238 0.951064
-0.534604 0.542242 -0 0.36697 0.971801
-0.712805 0.542242 -0 0.32752 0.953098
-0.730836 0.542242 -0 0.3238 0.951064
-0.730836 0.542242 -0 0.3238 0.951064
-0.712805 0.542242 -0 0.32752 0.953098
-0.913545 0.542242 -0 0.288933 0.929562
-0.712805 0.542242 -0 0.32752 0.953098
-0.891007 0.542242 -0 0.29296 0.932278
-0.913545 0.542242 -0 0.288933 0.929562
-0.186716 0.542242 -0 0.456326 0.996361
-0.182709 0.542242 -0 0.457426 0.996518
-0.373432 0.542242 -0 0.40661 0.985614
-0.182709 0.542242 -0 0.457426 0.996518
-0.365418 0.542242 -0 0.408669 0.986202
-0.373432 0.542242 -0 0.40661 0.985614
-0.373432 0.542242 -0 0.40661 0.985614
-0.365418 0.542242 -0 0.408669 0.986202
-0.560148 0.542242 -0 0.36102 0.969306
-0.365418 0.542242 -0 0.408669 0.986202
-0.548127 0.542242 -0 0.363808 0.970489
-0.560148 0.542242 -0 0.36102 0.969306
-0.560148 0.542242 -0 0.36102 0.969306
-0.548127 0.542242 -0 0.363808 0.970489
-0.746864 0.542242 -0 0.320536 0.949238
-0.548127 0.542242 -0 0.363808 0.970489
-0.730836 0.542242 -0 0.3238 0.951064
-0.746864 0.542242 -0 0.320536 0.949238
-0.746864 0.542242 -0 0.320536 0.949238
-0.730836 0.542242 -0 0.3238 0.951064
-0.93358 0.542242 -0 0.285417 0.927139
-0.730836 0.542242 -0 0.3238 0.951064
-0.913545 0.542242 -0 0.288933 0.929562
-0.93358 0.542242 -0 0.285417 0.927139
-0.190211 0.542242 -0 0.455367 0.99622
-0.186716 0.542242 -0 0.456326 0.996361
-0.380423 0.542242 -0 0.40482 0.985093
-0.186716 0.542242 -0 0.456326 0.996361
-0.373432 0.542242 -0 0.40661 0.985614
-0.380423 0.542242 -0 0.40482 0.985093
-0.380423 0.542242 -0 0.40482 0.985093
-0.373432 0.542242 -0 0.40661 0.985614
-0.570634 0.542242 -0 0.358606 0.968262
-0.373432 0.542242 -0 0.40661 0.985614
-0.560148 0.542242 -0 0.36102 0.969306
-0.570634 0.542242 -0 0.358606 0.968262
-0.570634 0.542242 -0 0.358606 0.968262
-0.560148 0.542242 -0 0.36102 0.969306
-0.760845 0.542242 -0 0.317721 0.947634
-0.560148 0.542242 -0 0.36102 0.969306
-0.746864 0.542242 -0 0.320536 0.949238
-0.760845 0.542242 -0 0.317721 0.947634
-0.760845 0.542242 -0 0.317721 0.947634
-0.746864 0.542242 -0 0.320536 0.949238
-0.951057 0.542242 -0 0.282399 0.92502
-0.746864 0.542242 -0 0.320536 0.949238
-0.93358 0.542242 -0 0.285417 0.927139
-0.951057 0.542242 -0 0.282399 0.92502
-0.193185 0.542242 -0 0.454551 0.996099
-0.190211 0.542242 -0 0.455367 0.99622
-0.38637 0.542242 -0 0.403302 0.984643
-0.190211 0.542242 -0 0.455367 0.99622
-0.380423 0.542242 -0 0.40482 0.985093
-0.38637 0.542242 -0 0.403302 0.984643
-0.38637 0.542242 -0 0.403302 0.984643
-0.380423 0.542242 -0 0.40482 0.985093
-0.579556 0.542242 -0 0.356565 0.967364
-0.380423 0.542242 -0 0.40482 0.985093
-0.570634 0.542242 -0 0.358606 0.968262
-0.579556 0.542242 -0 0.356565 0.967364
-0.579556 0.542242 -0 0.356565 0.967364
-0.570634 0.542242 -0 0.358606 0.968262
-0.772741 0.542242 -0 0.31535 0.946261
-0.570634 0.542242 -0 0.358606 0.968262
-0.760845 0.542242 -0 0.317721 0.947634
-0.772741 0.542242 -0 0.31535 0.946261
-0.772741 0.542242 -0 0.31535 0.946261
-0.760845 0.542242 -0 0.317721 0.947634
-0.965926 0.542242 -0 0.279865 0.923213
-0.760845 0.542242 -0 0.317721 0.947634
-0.951057 0.542242 -0 0.282399 0.92502
-0.965926 0.542242 -0 0.279865 0.923213
-0.19563 0.542242 -0 0.453882 0.995998
-0.193185 0.542242 -0 0.454551 0.996099
-0.391259 0.542242 -0 0.402058 0.98427
-0.193185 0.542242 -0 0.454551 0.996099
-0.38637 0.542242 -0 0.403302 0.984643
-0.391259 0.542242 -0 0.402058 0.98427
-0.391259 0.542242 -0 0.402058 0.98427
-0.38637 0.542242 -0 0.403302 0.984643
-0.586889 0.542242 -0 0.354896 0.96662
-0.38637 0.542242 -0 0.403302 0.984643
-0.579556 0.542242 -0 0.356565 0.967364
-0.586889 0.542242 -0 0.354896 0.96662
-0.586889 0.542242 -0 0.354896 0.96662
-0.579556 0.542242 -0 0.356565 0.967364
-0.782518 0.542242 -0 0.313418 0.945127
-0.579556 0.542242 -0 0.356565 0.967364
-0.772741 0.542242 -0 0.31535 0.946261
-0.782518 0.542242 -0 0.313418 0.945127
-0.782518 0.542242 -0 0.313418 0.945127
-0.772741 0.542242 -0 0.31535 0.946261
-0.978148 0.542242 -0 0.277807 0.921726
-0.772741 0.542242 -0 0.31535 0.946261
-0.965926 0.542242 -0 0.279865 0.923213
-0.978148 0.542242 -0 0.277807 0.921726
