0.0530947 0.261629 -0 0.563131 0.995909
0.106189 0.261629 -0 0.615354 0.983914
0.104862 0.261629 -0 0.614098 0.984297
0.104862 0.261629 -0 0.614098 0.984297
0.106189 0.261629 -0 0.615354 0.983914
0.157294 0.261629 -0 0.661364 0.966494
0.106189 0.261629 -0 0.615354 0.983914
0.159284 0.261629 -0 0.663054 0.965725
0.157294 0.261629 -0 0.661364 0.966494
0.157294 0.261629 -0 0.661364 0.966494
0.159284 0.261629 -0 0.663054 0.965725
0.209725 0.261629 -0 0.703131 0.944604
0.159284 0.261629 -0 0.663054 0.965725
0.212378 0.261629 -0 0.70509 0.943424
0.209725 0.261629 -0 0.703131 0.944604
0.209725 0.261629 -0 0.703131 0.944604
0.212378 0.261629 -0 0.70509 0.943424
0.262156 0.261629 -0 0.739108 0.920573
0.212378 0.261629 -0 0.70509 0.943424
0.265473 0.261629 -0 0.741194 0.91902
0.262156 0.261629 -0 0.739108 0.920573
0.262156 0.261629 -0 0.739108 0.920573
0.265473 0.261629 -0 0.741194 0.91902
0.314587 0.261629 -0 0.769597 0.895963
0.265473 0.261629 -0 0.741194 0.91902
0.318568 0.261629 -0 0.771704 0.894104
0.314587 0.261629 -0 0.769597 0.895963
0.314587 0.261629 -0 0.769597 0.895963
0.318568 0.261629 -0 0.771704 0.894104
0.367019 0.261629 -0 0.795214 0.871853
0.318568 0.261629 -0 0.771704 0.894104
0.371663 0.261629 -0 0.797272 0.869766
0.367019 0.261629 -0 0.795214 0.871853
0.367019 0.261629 -0 0.795214 0.871853
0.371663 0.261629 -0 0.797272 0.869766
0.419449 0.261629 -0 0.816676 0.848899
0.371663 0.261629 -0 0.797272 0.869766
0.424758 0.261629 -0 0.818644 0.846655
0.419449 0.261629 -0 0.816676 0.848899
0.419449 0.261629 -0 0.816676 0.848899
0.424758 0.261629 -0 0.818644 0.846655
0.471882 0.261629 -0 0.834676 0.827439
0.103248 0.261629 -0 0.612565 0.984759
0.104862 0.261629 -0 0.614098 0.984297
0.154872 0.261629 -0 0.659297 0.967422
0.104862 0.261629 -0 0.614098 0.984297
0.157294 0.261629 -0 0.661364 0.966494
0.154872 0.261629 -0 0.659297 0.967422
0.154872 0.261629 -0 0.659297 0.967422
0.157294 0.261629 -0 0.661364 0.966494
0.206496 0.261629 -0 0.700727 0.946032
0.157294 0.261629 -0 0.661364 0.966494
0.209725 0.261629 -0 0.703131 0.944604
0.206496 0.261629 -0 0.700727 0.946032
0.206496 0.261629 -0 0.700727 0.946032
0.209725 0.261629 -0 0.703131 0.944604
0.258121 0.261629 -0 0.73654 0.92246
0.209725 0.261629 -0 0.703131 0.944604
0.262156 0.261629 -0 0.739108 0.920573
0.258121 0.261629 -0 0.73654 0.92246
0.258121 0.261629 -0 0.73654 0.92246
0.262156 0.261629 -0 0.739108 0.920573
0.309745 0.261629 -0 0.766996 0.898228
0.262156 0.261629 -0 0.739108 0.920573
0.314587 0.261629 -0 0.769597 0.895963
0.309745 0.261629 -0 0.766996 0.898228
0.309745 0.261629 -0 0.766996 0.898228
0.314587 0.261629 -0 0.769597 0.895963
0.361369 0.261629 -0 0.792666 0.874404
0.314587 0.261629 -0 0.769597 0.895963
0.367019 0.261629 -0 0.795214 0.871853
0.361369 0.261629 -0 0.792666 0.874404
0.361369 0.261629 -0 0.792666 0.874404
0.367019 0.261629 -0 0.795214 0.871853
0.412993 0.261629 -0 0.814233 0.851649
0.367019 0.261629 -0 0.795214 0.871853
0.419449 0.261629 -0 0.816676 0.848899
0.412993 0.261629 -0 0.814233 0.851649
0.412993 0.261629 -0 0.814233 0.851649
0.419449 0.261629 -0 0.816676 0.848899
0.464616 0.268379 -0 0.83153 0.827466
0.419449 0.261629 -0 0.816676 0.848899
0.471882 0.261629 -0 0.834676 0.827439
0.464616 0.268379 -0 0.83153 0.827466
0.101351 0.261629 -0 0.610758 0.985293
0.103248 0.261629 -0 0.612565 0.984759
0.152026 0.261629 -0 0.656853 0.968501
0.103248 0.261629 -0 0.612565 0.984759
0.154872 0.261629 -0 0.659297 0.967422
0.152026 0.261629 -0 0.656853 0.968501
0.152026 0.261629 -0 0.656853 0.968501
0.154872 0.261629 -0 0.659297 0.967422
0.202702 0.261629 -0 0.697873 0.947699
0.154872 0.261629 -0 0.659297 0.967422
0.206496 0.261629 -0 0.700727 0.946032
0.202702 0.261629 -0 0.697873 0.947699
0.202702 0.261629 -0 0.697873 0.947699
0.206496 0.261629 -0 0.700727 0.946032
0.253377 0.261629 -0 0.73348 0.924673
0.206496 0.261629 -0 0.700727 0.946032
0.258121 0.261629 -0 0.73654 0.92246
0.253377 0.261629 -0 0.73348 0.924673
0.253377 0.261629 -0 0.73348 0.924673
0.258121 0.261629 -0 0.73654 0.92246
0.304054 0.261629 -0 0.763885 0.900895
0.258121 0.261629 -0 0.73654 0.92246
0.309745 0.261629 -0 0.766996 0.898228
0.304054 0.261629 -0 0.763885 0.900895
0.304054 0.261629 -0 0.763885 0.900895
0.309745 0.261629 -0 0.766996 0.898228
0.354728 0.261629 -0 0.789609 0.877419
0.309745 0.261629 -0 0.766996 0.898228
0.361369 0.261629 -0 0.792666 0.874404
0.354728 0.261629 -0 0.789609 0.877419
0.354728 0.261629 -0 0.789609 0.877419
0.361369 0.261629 -0 0.792666 0.874404
0.405404 0.276658 -0 0.80942 0.847964
0.361369 0.261629 -0 0.792666 0.874404
0.412993 0.261629 -0 0.814233 0.851649
0.405404 0.276658 -0 0.80942 0.847964
0.0991759 0.261629 -0 0.60868 0.985896
0.101351 0.261629 -0 0.610758 0.985293
0.148764 0.261629 -0 0.65403 0.969723
0.101351 0.261629 -0 0.610758 0.985293
0.152026 0.261629 -0 0.656853 0.968501
0.148764 0.261629 -0 0.65403 0.969723
0.148764 0.261629 -0 0.65403 0.969723
0.152026 0.261629 -0 0.656853 0.968501
0.198352 0.261629 -0 0.694564 0.949596
0.152026 0.261629 -0 0.656853 0.968501
0.202702 0.261629 -0 0.697873 0.947699
0.198352 0.261629 -0 0.694564 0.949596
0.198352 0.261629 -0 0.694564 0.949596
0.202702 0.261629 -0 0.697873 0.947699
0.24794 0.261629 -0 0.729916 0.927203
0.202702 0.261629 -0 0.697873 0.947699
0.253377 0.261629 -0 0.73348 0.924673
0.24794 0.261629 -0 0.729916 0.927203
0.24794 0.261629 -0 0.729916 0.927203
0.253377 0.261629 -0 0.73348 0.924673
0.297527 0.261629 -0 0.760245 0.903958
0.253377 0.261629 -0 0.73348 0.924673
0.304054 0.261629 -0 0.763885 0.900895
0.297527 0.261629 -0 0.760245 0.903958
0.297527 0.261629 -0 0.760245 0.903958
0.304054 0.261629 -0 0.763885 0.900895
0.347115 0.274748 -0 0.784416 0.874253
0.304054 0.261629 -0 0.763885 0.900895
0.354728 0.261629 -0 0.789609 0.877419
0.347115 0.274748 -0 0.784416 0.874253
0.347115 0.274748 -0 0.784416 0.874253
0.354728 0.261629 -0 0.789609 0.877419
0.396703 0.313998 -0 0.801109 0.834192
0.354728 0.261629 -0 0.789609 0.877419
0.405404 0.276658 -0 0.80942 0.847964
0.396703 0.313998 -0 0.801109 0.834192
0.0967292 0.261629 -0 0.606333 0.986561
0.0991759 0.261629 -0 0.60868 0.985896
0.145094 0.261629 -0 0.65083 0.971077
0.0991759 0.261629 -0 0.60868 0.985896
0.148764 0.261629 -0 0.65403 0.969723
0.145094 0.261629 -0 0.65083 0.971077
0.145094 0.261629 -0 0.65083 0.971077
0.148764 0.261629 -0 0.65403 0.969723
0.193458 0.261629 -0 0.690793 0.951709
0.148764 0.261629 -0 0.65403 0.969723
0.198352 0.261629 -0 0.694564 0.949596
0.193458 0.261629 -0 0.690793 0.951709
0.193458 0.261629 -0 0.690793 0.951709
0.198352 0.261629 -0 0.694564 0.949596
0.241823 0.261629 -0 0.725833 0.930036
0.198352 0.261629 -0 0.694564 0.949596
0.24794 0.261629 -0 0.729916 0.927203
0.241823 0.261629 -0 0.725833 0.930036
0.241823 0.261629 -0 0.725833 0.930036
0.24794 0.261629 -0 0.729916 0.927203
0.290188 0.262858 -0 0.755915 0.906728
0.24794 0.261629 -0 0.729916 0.927203
0.297527 0.261629 -0 0.760245 0.903958
0.290188 0.262858 -0 0.755915 0.906728
0.290188 0.262858 -0 0.755915 0.906728
0.297527 0.261629 -0 0.760245 0.903958
0.338552 0.306668 -0 0.776228 0.861724
0.297527 0.261629 -0 0.760245 0.903958
0.347115 0.274748 -0 0.784416 0.874253
0.338552 0.306668 -0 0.776228 0.861724
0.338552 0.306668 -0 0.776228 0.861724
0.347115 0.274748 -0 0.784416 0.874253
0.386916 0.350478 -0 0.7921 0.820884
0.347115 0.274748 -0 0.784416 0.874253
0.396703 0.313998 -0 0.801109 0.834192
0.386916 0.350478 -0 0.7921 0.820884
0.094017 0.261629 -0 0.603721 0.987281
0.0967292 0.261629 -0 0.606333 0.986561
0.141026 0.261629 -0 0.647252 0.972552
0.0967292 0.261629 -0 0.606333 0.986561
0.145094 0.261629 -0 0.65083 0.971077
0.141026 0.261629 -0 0.647252 0.972552
0.141026 0.261629 -0 0.647252 0.972552
0.145094 0.261629 -0 0.65083 0.971077
0.188034 0.261629 -0 0.686554 0.954024
0.145094 0.261629 -0 0.65083 0.971077
0.193458 0.261629 -0 0.690793 0.951709
0.188034 0.261629 -0 0.686554 0.954024
0.188034 0.261629 -0 0.686554 0.954024
0.193458 0.261629 -0 0.690793 0.951709
0.235043 0.261629 -0 0.721218 0.93316
0.193458 0.261629 -0 0.690793 0.951709
0.241823 0.261629 -0 0.725833 0.930036
0.235043 0.261629 -0 0.721218 0.93316
0.235043 0.261629 -0 0.721218 0.93316
0.241823 0.261629 -0 0.725833 0.930036
0.282051 0.289497 -0 0.748027 0.895609
0.241823 0.261629 -0 0.725833 0.930036
0.290188 0.262858 -0 0.755915 0.906728
0.282051 0.289497 -0 0.748027 0.895609
0.282051 0.289497 -0 0.748027 0.895609
0.290188 0.262858 -0 0.755915 0.906728
0.329061 0.337747 -0 0.767385 0.849621
0.290188 0.262858 -0 0.755915 0.906728
0.338552 0.306668 -0 0.776228 0.861724
0.329061 0.337747 -0 0.767385 0.849621
0.329061 0.337747 -0 0.767385 0.849621
0.338552 0.306668 -0 0.776228 0.861724
0.376068 0.385997 -0 0.782413 0.808049
0.338552 0.306668 -0 0.776228 0.861724
0.386916 0.350478 -0 0.7921 0.820884
0.376068 0.385997 -0 0.782413 0.808049
0.0910473 0.261629 -0 0.600848 0.98805
0.094017 0.261629 -0 0.603721 0.987281
0.136571 0.261629 -0 0.643298 0.974134
0.094017 0.261629 -0 0.603721 0.987281
0.141026 0.261629 -0 0.647252 0.972552
0.136571 0.261629 -0 0.643298 0.974134
0.136571 0.261629 -0 0.643298 0.974134
0.141026 0.261629 -0 0.647252 0.972552
0.182095 0.261629 -0 0.681841 0.956523
0.141026 0.261629 -0 0.647252 0.972552
0.188034 0.261629 -0 0.686554 0.954024
0.182095 0.261629 -0 0.681841 0.956523
0.182095 0.261629 -0 0.681841 0.956523
0.188034 0.261629 -0 0.686554 0.954024
0.227619 0.262786 -0 0.715935 0.935853
0.188034 0.261629 -0 0.686554 0.954024
0.235043 0.261629 -0 0.721218 0.93316
0.227619 0.262786 -0 0.715935 0.935853
0.227619 0.262786 -0 0.715935 0.935853
0.235043 0.261629 -0 0.721218 0.93316
0.273141 0.315343 -0 0.739541 0.884876
0.235043 0.261629 -0 0.721218 0.93316
0.282051 0.289497 -0 0.748027 0.895609
0.273141 0.315343 -0 0.739541 0.884876
0.273141 0.315343 -0 0.739541 0.884876
0.282051 0.289497 -0 0.748027 0.895609
0.318666 0.367901 -0 0.757909 0.837952
0.282051 0.289497 -0 0.748027 0.895609
0.329061 0.337747 -0 0.767385 0.849621
0.318666 0.367901 -0 0.757909 0.837952
0.318666 0.367901 -0 0.757909 0.837952
0.329061 0.337747 -0 0.767385 0.849621
0.364189 0.420457 -0 0.772073 0.795695
0.329061 0.337747 -0 0.767385 0.849621
0.376068 0.385997 -0 0.782413 0.808049
0.364189 0.420457 -0 0.772073 0.795695
0.0878282 0.261629 -0 0.59772 0.98886
0.0910473 0.261629 -0 0.600848 0.98805
0.131742 0.261629 -0 0.638968 0.975809
0.0910473 0.261629 -0 0.600848 0.98805
0.136571 0.261629 -0 0.643298 0.974134
0.131742 0.261629 -0 0.638968 0.975809
0.131742 0.261629 -0 0.638968 0.975809
0.136571 0.261629 -0 0.643298 0.974134
0.175656 0.261629 -0 0.676648 0.959187
0.136571 0.261629 -0 0.643298 0.974134
0.182095 0.261629 -0 0.681841 0.956523
0.175656 0.261629 -0 0.676648 0.959187
0.175656 0.261629 -0 0.676648 0.959187
0.182095 0.261629 -0 0.681841 0.956523
0.21957 0.283604 -0 0.70804 0.926683
0.182095 0.261629 -0 0.681841 0.956523
0.227619 0.262786 -0 0.715935 0.935853
0.21957 0.283604 -0 0.70804 0.926683
0.21957 0.283604 -0 0.70804 0.926683
0.227619 0.262786 -0 0.715935 0.935853
0.263484 0.340325 -0 0.73048 0.874541
0.227619 0.262786 -0 0.715935 0.935853
0.273141 0.315343 -0 0.739541 0.884876
0.263484 0.340325 -0 0.73048 0.874541
0.263484 0.340325 -0 0.73048 0.874541
0.273141 0.315343 -0 0.739541 0.884876
0.307397 0.397045 -0 0.747825 0.826729
0.273141 0.315343 -0 0.739541 0.884876
0.318666 0.367901 -0 0.757909 0.837952
0.307397 0.397045 -0 0.747825 0.826729
0.307397 0.397045 -0 0.747825 0.826729
0.318666 0.367901 -0 0.757909 0.837952
0.351313 0.453766 -0 0.761109 0.783835
0.318666 0.367901 -0 0.757909 0.837952
0.364189 0.420457 -0 0.772073 0.795695
0.351313 0.453766 -0 0.761109 0.783835
0.0843681 0.261629 -0 0.594341 0.989702
0.0878282 0.261629 -0 0.59772 0.98886
0.126552 0.261629 -0 0.634266 0.977561
0.0878282 0.261629 -0 0.59772 0.98886
0.131742 0.261629 -0 0.638968 0.975809
0.126552 0.261629 -0 0.634266 0.977561
0.126552 0.261629 -0 0.634266 0.977561
0.131742 0.261629 -0 0.638968 0.975809
0.168736 0.261629 -0 0.67097 0.961994
0.131742 0.261629 -0 0.638968 0.975809
0.175656 0.261629 -0 0.676648 0.959187
0.168736 0.261629 -0 0.67097 0.961994
0.168736 0.261629 -0 0.67097 0.961994
0.175656 0.261629 -0 0.676648 0.959187
0.21092 0.303644 -0 0.699639 0.917874
0.175656 0.261629 -0 0.676648 0.959187
0.21957 0.283604 -0 0.70804 0.926683
0.21092 0.303644 -0 0.699639 0.917874
0.21092 0.303644 -0 0.699639 0.917874
0.21957 0.283604 -0 0.70804 0.926683
0.253104 0.364373 -0 0.720868 0.864614
0.21957 0.283604 -0 0.70804 0.926683
0.263484 0.340325 -0 0.73048 0.874541
0.253104 0.364373 -0 0.720868 0.864614
0.253104 0.364373 -0 0.720868 0.864614
0.263484 0.340325 -0 0.73048 0.874541
0.295287 0.425102 -0 0.737166 0.815964
0.263484 0.340325 -0 0.73048 0.874541
0.307397 0.397045 -0 0.747825 0.826729
0.295287 0.425102 -0 0.737166 0.815964
0.295287 0.425102 -0 0.737166 0.815964
0.307397 0.397045 -0 0.747825 0.826729
0.337472 0.48583 -0 0.749556 0.772481
0.307397 0.397045 -0 0.747825 0.826729
0.351313 0.453766 -0 0.761109 0.783835
0.337472 0.48583 -0 0.749556 0.772481
0.080677 0.261629 -0 0.590718 0.990568
0.0843681 0.261629 -0 0.594341 0.989702
0.121015 0.261629 -0 0.629196 0.979373
0.0843681 0.261629 -0 0.594341 0.989702
0.126552 0.261629 -0 0.634266 0.977561
0.121015 0.261629 -0 0.629196 0.979373
0.121015 0.261629 -0 0.629196 0.979373
0.126552 0.261629 -0 0.634266 0.977561
0.161354 0.261629 -0 0.664803 0.964918
0.126552 0.261629 -0 0.634266 0.977561
0.168736 0.261629 -0 0.67097 0.961994
0.161354 0.261629 -0 0.664803 0.964918
0.161354 0.261629 -0 0.664803 0.964918
0.168736 0.261629 -0 0.67097 0.961994
0.201692 0.322853 -0 0.690756 0.909438
0.168736 0.261629 -0 0.67097 0.961994
0.21092 0.303644 -0 0.699639 0.917874
0.201692 0.322853 -0 0.690756 0.909438
0.201692 0.322853 -0 0.690756 0.909438
0.21092 0.303644 -0 0.699639 0.917874
0.242031 0.387423 -0 0.710737 0.855112
0.21092 0.303644 -0 0.699639 0.917874
0.253104 0.364373 -0 0.720868 0.864614
0.242031 0.387423 -0 0.710737 0.855112
0.242031 0.387423 -0 0.710737 0.855112
0.253104 0.364373 -0 0.720868 0.864614
0.282369 0.451994 -0 0.725966 0.805674
0.253104 0.364373 -0 0.720868 0.864614
0.295287 0.425102 -0 0.737166 0.815964
0.282369 0.451994 -0 0.725966 0.805674
0.282369 0.451994 -0 0.725966 0.805674
0.295287 0.425102 -0 0.737166 0.815964
0.322707 0.516565 -0 0.737456 0.761653
0.295287 0.425102 -0 0.737166 0.815964
0.337472 0.48583 -0 0.749556 0.772481
0.322707 0.516565 -0 0.737456 0.761653
0.0767647 0.261629 -0 0.586859 0.991447
0.080677 0.261629 -0 0.590718 0.990568
0.115147 0.261629 -0 0.623762 0.981225
0.080677 0.261629 -0 0.590718 0.990568
0.121015 0.261629 -0 0.629196 0.979373
0.115147 0.261629 -0 0.623762 0.981225
0.115147 0.261629 -0 0.623762 0.981225
0.121015 0.261629 -0 0.629196 0.979373
0.153529 0.272941 -0 0.657229 0.960363
0.121015 0.261629 -0 0.629196 0.979373
0.161354 0.261629 -0 0.664803 0.964918
0.153529 0.272941 -0 0.657229 0.960363
0.153529 0.272941 -0 0.657229 0.960363
0.161354 0.261629 -0 0.664803 0.964918
0.191912 0.341176 -0 0.681419 0.901388
0.161354 0.261629 -0 0.664803 0.964918
0.201692 0.322853 -0 0.690756 0.909438
0.191912 0.341176 -0 0.681419 0.901388
0.191912 0.341176 -0 0.681419 0.901388
0.201692 0.322853 -0 0.690756 0.909438
0.230294 0.409411 -0 0.700119 0.84605
0.201692 0.322853 -0 0.690756 0.909438
0.242031 0.387423 -0 0.710737 0.855112
0.230294 0.409411 -0 0.700119 0.84605
0.230294 0.409411 -0 0.700119 0.84605
0.242031 0.387423 -0 0.710737 0.855112
0.268676 0.477647 -0 0.714266 0.795878
0.242031 0.387423 -0 0.710737 0.855112
0.282369 0.451994 -0 0.725966 0.805674
0.268676 0.477647 -0 0.714266 0.795878
0.268676 0.477647 -0 0.714266 0.795878
0.282369 0.451994 -0 0.725966 0.805674
0.307058 0.545881 -0 0.724855 0.75137
0.282369 0.451994 -0 0.725966 0.805674
0.322707 0.516565 -0 0.737456 0.761653
0.307058 0.545881 -0 0.724855 0.75137
0.0726418 0.261629 -0 0.582772 0.992332
0.0767647 0.261629 -0 0.586859 0.991447
0.108963 0.261629 -0 0.617972 0.9831
0.0767647 0.261629 -0 0.586859 0.991447
0.115147 0.261629 -0 0.623762 0.981225
0.108963 0.261629 -0 0.617972 0.9831
0.153529 0.272941 -0 0.657229 0.960363
0.191912 0.341176 -0 0.681419 0.901388
0.181605 0.358564 -0 0.671657 0.893742
0.181605 0.358564 -0 0.671657 0.893742
0.191912 0.341176 -0 0.681419 0.901388
0.217926 0.430277 -0 0.689052 0.837447
0.191912 0.341176 -0 0.681419 0.901388
0.230294 0.409411 -0 0.700119 0.84605
0.217926 0.430277 -0 0.689052 0.837447
0.217926 0.430277 -0 0.689052 0.837447
0.230294 0.409411 -0 0.700119 0.84605
0.254247 0.501989 -0 0.702108 0.786596
0.230294 0.409411 -0 0.700119 0.84605
0.268676 0.477647 -0 0.714266 0.795878
0.254247 0.501989 -0 0.702108 0.786596
0.254247 0.501989 -0 0.702108 0.786596
0.268676 0.477647 -0 0.714266 0.795878
0.290568 0.573702 -0 0.711805 0.741654
0.268676 0.477647 -0 0.714266 0.795878
0.307058 0.545881 -0 0.724855 0.75137
0.290568 0.573702 -0 0.711805 0.741654
0.06832 0.261629 -0 0.578465 0.993211
0.0726418 0.261629 -0 0.582772 0.992332
0.10248 0.261629 -0 0.611834 0.984976
0.0726418 0.261629 -0 0.582772 0.992332
0.108963 0.261629 -0 0.617972 0.9831
0.10248 0.261629 -0 0.611834 0.984976
0.1708 0.37497 -0 0.661501 0.886516
0.181605 0.358564 -0 0.671657 0.893742
0.20496 0.449963 -0 0.677573 0.829323
0.181605 0.358564 -0 0.671657 0.893742
0.217926 0.430277 -0 0.689052 0.837447
0.20496 0.449963 -0 0.677573 0.829323
0.20496 0.449963 -0 0.677573 0.829323
0.217926 0.430277 -0 0.689052 0.837447
0.23912 0.524955 -0 0.689541 0.777851
0.217926 0.430277 -0 0.689052 0.837447
0.254247 0.501989 -0 0.702108 0.786596
0.23912 0.524955 -0 0.689541 0.777851
0.23912 0.524955 -0 0.689541 0.777851
0.254247 0.501989 -0 0.702108 0.786596
0.273279 0.59995 -0 0.698358 0.732528
0.254247 0.501989 -0 0.702108 0.786596
0.290568 0.573702 -0 0.711805 0.741654
0.273279 0.59995 -0 0.698358 0.732528
0.0638108 0.261629 -0 0.573948 0.994076
0.06832 0.261629 -0 0.578465 0.993211
0.0957163 0.261629 -0 0.605359 0.986832
0.06832 0.261629 -0 0.578465 0.993211
0.10248 0.261629 -0 0.611834 0.984976
0.0957163 0.261629 -0 0.605359 0.986832
0.159527 0.390347 -0 0.650985 0.879728
0.1708 0.37497 -0 0.661501 0.886516
0.191433 0.468417 -0 0.665726 0.821701
0.1708 0.37497 -0 0.661501 0.886516
0.20496 0.449963 -0 0.677573 0.829323
0.191433 0.468417 -0 0.665726 0.821701
0.191433 0.468417 -0 0.665726 0.821701
0.20496 0.449963 -0 0.677573 0.829323
0.223338 0.546484 -0 0.676614 0.769666
0.20496 0.449963 -0 0.677573 0.829323
0.23912 0.524955 -0 0.689541 0.777851
0.223338 0.546484 -0 0.676614 0.769666
0.223338 0.546484 -0 0.676614 0.769666
0.23912 0.524955 -0 0.689541 0.777851
0.255243 0.624557 -0 0.68457 0.724015
0.23912 0.524955 -0 0.689541 0.777851
0.273279 0.59995 -0 0.698358 0.732528
0.255243 0.624557 -0 0.68457 0.724015
0.059127 0.261629 -0 0.569234 0.994916
0.0638108 0.261629 -0 0.573948 0.994076
0.0886902 0.261629 -0 0.598559 0.988646
0.0638108 0.261629 -0 0.573948 0.994076
0.0957163 0.261629 -0 0.605359 0.986832
0.0886902 0.261629 -0 0.598559 0.988646
0.147817 0.404655 -0 0.640141 0.873398
0.159527 0.390347 -0 0.650985 0.879728
0.177381 0.485584 -0 0.65355 0.814602
0.159527 0.390347 -0 0.650985 0.879728
0.191433 0.468417 -0 0.665726 0.821701
0.177381 0.485584 -0 0.65355 0.814602
0.177381 0.485584 -0 0.65355 0.814602
0.191433 0.468417 -0 0.665726 0.821701
0.206944 0.566518 -0 0.663374 0.762065
0.191433 0.468417 -0 0.665726 0.821701
0.223338 0.546484 -0 0.676614 0.769666
0.206944 0.566518 -0 0.663374 0.762065
0.206944 0.566518 -0 0.663374 0.762065
0.223338 0.546484 -0 0.676614 0.769666
0.236507 0.647447 -0 0.670496 0.716137
0.223338 0.546484 -0 0.676614 0.769666
0.255243 0.624557 -0 0.68457 0.724015
0.236507 0.647447 -0 0.670496 0.716137
0.0542808 0.261629 -0 0.564334 0.995721
0.059127 0.261629 -0 0.569234 0.994916
0.0814212 0.261629 -0 0.59145 0.990396
0.059127 0.261629 -0 0.569234 0.994916
0.0886902 0.261629 -0 0.598559 0.988646
0.0814212 0.261629 -0 0.59145 0.990396
0.147817 0.404655 -0 0.640141 0.873398
0.177381 0.485584 -0 0.65355 0.814602
0.162842 0.501424 -0 0.641089 0.80805
0.162842 0.501424 -0 0.641089 0.80805
0.177381 0.485584 -0 0.65355 0.814602
0.189983 0.584997 -0 0.649871 0.755072
0.177381 0.485584 -0 0.65355 0.814602
0.206944 0.566518 -0 0.663374 0.762065
0.189983 0.584997 -0 0.649871 0.755072
0.189983 0.584997 -0 0.649871 0.755072
0.206944 0.566518 -0 0.663374 0.762065
0.217123 0.668565 -0 0.656188 0.708916
0.206944 0.566518 -0 0.663374 0.762065
0.236507 0.647447 -0 0.670496 0.716137
0.217123 0.668565 -0 0.656188 0.708916
0.0542808 0.261629 -0 0.564334 0.995721
0.0814212 0.261629 -0 0.59145 0.990396
0.0739288 0.261629 -0 0.58405 0.99206
0.147858 0.515889 -0 0.628383 0.802065
0.162842 0.501424 -0 0.641089 0.80805
0.172501 0.60187 -0 0.63615 0.748707
0.162842 0.501424 -0 0.641089 0.80805
0.189983 0.584997 -0 0.649871 0.755072
0.172501 0.60187 -0 0.63615 0.748707
0.172501 0.60187 -0 0.63615 0.748707
0.189983 0.584997 -0 0.649871 0.755072
0.197144 0.687851 -0 0.641694 0.70237
0.189983 0.584997 -0 0.649871 0.755072
0.217123 0.668565 -0 0.656188 0.708916
0.197144 0.687851 -0 0.641694 0.70237
0.147858 0.515889 -0 0.628383 0.802065
0.172501 0.60187 -0 0.63615 0.748707
0.154546 0.617093 -0 0.622251 0.742989
0.154546 0.617093 -0 0.622251 0.742989
0.172501 0.60187 -0 0.63615 0.748707
0.176624 0.70525 -0 0.627056 0.696514
0.172501 0.60187 -0 0.63615 0.748707
0.197144 0.687851 -0 0.641694 0.70237
0.176624 0.70525 -0 0.627056 0.696514
0.154546 0.617093 -0 0.622251 0.742989
0.176624 0.70525 -0 0.627056 0.696514
0.15562 0.720718 -0 0.61231 0.691359
-0.154546 0.617093 -0 0.395214 0.745386
-0.136167 0.630627 -0 0.409026 0.740062
-0.176624 0.70525 -0 0.390125 0.699572
-0.136167 0.630627 -0 0.409026 0.740062
-0.15562 0.720718 -0 0.404608 0.694074
-0.176624 0.70525 -0 0.390125 0.699572
-0.147858 0.515889 -0 0.38947 0.80397
-0.132468 0.528936 -0 0.402194 0.798384
-0.172501 0.60187 -0 0.381555 0.751363
-0.132468 0.528936 -0 0.402194 0.798384
-0.154546 0.617093 -0 0.395214 0.745386
-0.172501 0.60187 -0 0.381555 0.751363
-0.172501 0.60187 -0 0.381555 0.751363
-0.154546 0.617093 -0 0.395214 0.745386
-0.197144 0.687851 -0 0.375768 0.705757
-0.154546 0.617093 -0 0.395214 0.745386
-0.176624 0.70525 -0 0.390125 0.699572
-0.197144 0.687851 -0 0.375768 0.705757
-0.135702 0.417853 -0 0.388973 0.868854
-0.123215 0.429907 -0 0.400236 0.863379
-0.162842 0.501424 -0 0.376956 0.810137
-0.123215 0.429907 -0 0.400236 0.863379
-0.147858 0.515889 -0 0.38947 0.80397
-0.162842 0.501424 -0 0.376956 0.810137
-0.162842 0.501424 -0 0.376956 0.810137
-0.147858 0.515889 -0 0.38947 0.80397
-0.189983 0.584997 -0 0.36808 0.757977
-0.147858 0.515889 -0 0.38947 0.80397
-0.172501 0.60187 -0 0.381555 0.751363
-0.189983 0.584997 -0 0.36808 0.757977
-0.189983 0.584997 -0 0.36808 0.757977
-0.172501 0.60187 -0 0.381555 0.751363
-0.217123 0.668565 -0 0.361564 0.712616
-0.172501 0.60187 -0 0.381555 0.751363
-0.197144 0.687851 -0 0.375768 0.705757
-0.217123 0.668565 -0 0.361564 0.712616
-0.059127 0.261629 -0 0.447813 0.995024
-0.0542808 0.261629 -0 0.452685 0.995814
-0.0886902 0.261629 -0 0.4187 0.988886
-0.0542808 0.261629 -0 0.452685 0.995814
-0.0814212 0.261629 -0 0.42575 0.990597
-0.0886902 0.261629 -0 0.4187 0.988886
-0.147817 0.404655 -0 0.377964 0.874821
-0.135702 0.417853 -0 0.388973 0.868854
-0.177381 0.485584 -0 0.364685 0.816864
-0.135702 0.417853 -0 0.388973 0.868854
-0.162842 0.501424 -0 0.376956 0.810137
-0.177381 0.485584 -0 0.364685 0.816864
-0.177381 0.485584 -0 0.364685 0.816864
-0.162842 0.501424 -0 0.376956 0.810137
-0.206944 0.566518 -0 0.354823 0.765207
-0.162842 0.501424 -0 0.376956 0.810137
-0.189983 0.584997 -0 0.36808 0.757977
-0.206944 0.566518 -0 0.354823 0.765207
-0.206944 0.566518 -0 0.354823 0.765207
-0.189983 0.584997 -0 0.36808 0.757977
-0.236507 0.647447 -0 0.34755 0.720135
-0.189983 0.584997 -0 0.36808 0.757977
-0.217123 0.668565 -0 0.361564 0.712616
-0.236507 0.647447 -0 0.34755 0.720135
-0.0638108 0.261629 -0 0.443128 0.9942
-0.059127 0.261629 -0 0.447813 0.995024
-0.0957163 0.261629 -0 0.41196 0.987115
-0.059127 0.261629 -0 0.447813 0.995024
-0.0886902 0.261629 -0 0.4187 0.988886
-0.0957163 0.261629 -0 0.41196 0.987115
-0.0957163 0.261629 -0 0.41196 0.987115
-0.0886902 0.261629 -0 0.4187 0.988886
-0.127622 0.312278 -0 0.386315 0.942931
-0.159527 0.390347 -0 0.367242 0.881258
-0.147817 0.404655 -0 0.377964 0.874821
-0.191433 0.468417 -0 0.352694 0.824129
-0.147817 0.404655 -0 0.377964 0.874821
-0.177381 0.485584 -0 0.364685 0.816864
-0.191433 0.468417 -0 0.352694 0.824129
-0.191433 0.468417 -0 0.352694 0.824129
-0.177381 0.485584 -0 0.364685 0.816864
-0.223338 0.546484 -0 0.341825 0.773033
-0.177381 0.485584 -0 0.364685 0.816864
-0.206944 0.566518 -0 0.354823 0.765207
-0.223338 0.546484 -0 0.341825 0.773033
-0.223338 0.546484 -0 0.341825 0.773033
-0.206944 0.566518 -0 0.354823 0.765207
-0.255243 0.624557 -0 0.333765 0.728294
-0.206944 0.566518 -0 0.354823 0.765207
-0.236507 0.647447 -0 0.34755 0.720135
-0.255243 0.624557 -0 0.333765 0.728294
-0.06832 0.261629 -0 0.438641 0.993353
-0.0638108 0.261629 -0 0.443128 0.9942
-0.10248 0.261629 -0 0.405544 0.985305
-0.0638108 0.261629 -0 0.443128 0.9942
-0.0957163 0.261629 -0 0.41196 0.987115
-0.10248 0.261629 -0 0.405544 0.985305
-0.10248 0.261629 -0 0.405544 0.985305
-0.0957163 0.261629 -0 0.41196 0.987115
-0.13664 0.299976 -0 0.377452 0.948674
-0.0957163 0.261629 -0 0.41196 0.987115
-0.127622 0.312278 -0 0.386315 0.942931
-0.13664 0.299976 -0 0.377452 0.948674
-0.13664 0.299976 -0 0.377452 0.948674
-0.127622 0.312278 -0 0.386315 0.942931
-0.1708 0.37497 -0 0.356836 0.888146
-0.127622 0.312278 -0 0.386315 0.942931
-0.159527 0.390347 -0 0.367242 0.881258
-0.1708 0.37497 -0 0.356836 0.888146
-0.1708 0.37497 -0 0.356836 0.888146
-0.159527 0.390347 -0 0.367242 0.881258
-0.20496 0.449963 -0 0.341018 0.831907
-0.159527 0.390347 -0 0.367242 0.881258
-0.191433 0.468417 -0 0.352694 0.824129
-0.20496 0.449963 -0 0.341018 0.831907
-0.20496 0.449963 -0 0.341018 0.831907
-0.191433 0.468417 -0 0.352694 0.824129
-0.23912 0.524955 -0 0.329126 0.781429
-0.191433 0.468417 -0 0.352694 0.824129
-0.223338 0.546484 -0 0.341825 0.773033
-0.23912 0.524955 -0 0.329126 0.781429
-0.0726418 0.261629 -0 0.434364 0.992491
-0.06832 0.261629 -0 0.438641 0.993353
-0.108963 0.261629 -0 0.399466 0.983477
-0.06832 0.261629 -0 0.438641 0.993353
-0.10248 0.261629 -0 0.405544 0.985305
-0.108963 0.261629 -0 0.399466 0.983477
-0.108963 0.261629 -0 0.399466 0.983477
-0.10248 0.261629 -0 0.405544 0.985305
-0.145284 0.286851 -0 0.368909 0.954783
-0.10248 0.261629 -0 0.405544 0.985305
-0.13664 0.299976 -0 0.377452 0.948674
-0.145284 0.286851 -0 0.368909 0.954783
-0.145284 0.286851 -0 0.368909 0.954783
-0.13664 0.299976 -0 0.377452 0.948674
-0.181605 0.358564 -0 0.346778 0.895464
-0.13664 0.299976 -0 0.377452 0.948674
-0.1708 0.37497 -0 0.356836 0.888146
-0.181605 0.358564 -0 0.346778 0.895464
-0.181605 0.358564 -0 0.346778 0.895464
-0.1708 0.37497 -0 0.356836 0.888146
-0.217926 0.430277 -0 0.329696 0.840175
-0.1708 0.37497 -0 0.356836 0.888146
-0.20496 0.449963 -0 0.341018 0.831907
-0.217926 0.430277 -0 0.329696 0.840175
-0.217926 0.430277 -0 0.329696 0.840175
-0.20496 0.449963 -0 0.341018 0.831907
-0.254247 0.501989 -0 0.316769 0.790371
-0.20496 0.449963 -0 0.341018 0.831907
-0.23912 0.524955 -0 0.329126 0.781429
-0.254247 0.501989 -0 0.316769 0.790371
-0.0767647 0.261629 -0 0.430306 0.991625
-0.0726418 0.261629 -0 0.434364 0.992491
-0.115147 0.261629 -0 0.393734 0.981652
-0.0726418 0.261629 -0 0.434364 0.992491
-0.108963 0.261629 -0 0.399466 0.983477
-0.115147 0.261629 -0 0.393734 0.981652
-0.115147 0.261629 -0 0.393734 0.981652
-0.108963 0.261629 -0 0.399466 0.983477
-0.153529 0.272941 -0 0.36071 0.961243
-0.108963 0.261629 -0 0.399466 0.983477
-0.145284 0.286851 -0 0.368909 0.954783
-0.153529 0.272941 -0 0.36071 0.961243
-0.153529 0.272941 -0 0.36071 0.961243
-0.145284 0.286851 -0 0.368909 0.954783
-0.191912 0.341176 -0 0.337099 0.903191
-0.145284 0.286851 -0 0.368909 0.954783
-0.181605 0.358564 -0 0.346778 0.895464
-0.191912 0.341176 -0 0.337099 0.903191
-0.191912 0.341176 -0 0.337099 0.903191
-0.181605 0.358564 -0 0.346778 0.895464
-0.230294 0.409411 -0 0.318766 0.848909
-0.181605 0.358564 -0 0.346778 0.895464
-0.217926 0.430277 -0 0.329696 0.840175
-0.230294 0.409411 -0 0.318766 0.848909
-0.230294 0.409411 -0 0.318766 0.848909
-0.217926 0.430277 -0 0.329696 0.840175
-0.268676 0.477647 -0 0.3048 0.799834
-0.217926 0.430277 -0 0.329696 0.840175
-0.254247 0.501989 -0 0.316769 0.790371
-0.268676 0.477647 -0 0.3048 0.799834
-0.080677 0.261629 -0 0.426477 0.990765
-0.0767647 0.261629 -0 0.430306 0.991625
-0.121015 0.261629 -0 0.388358 0.97985
-0.0767647 0.261629 -0 0.430306 0.991625
-0.115147 0.261629 -0 0.393734 0.981652
-0.121015 0.261629 -0 0.388358 0.97985
-0.121015 0.261629 -0 0.388358 0.97985
-0.115147 0.261629 -0 0.393734 0.981652
-0.161354 0.261629 -0 0.353169 0.965841
-0.115147 0.261629 -0 0.393734 0.981652
-0.153529 0.272941 -0 0.36071 0.961243
-0.161354 0.261629 -0 0.353169 0.965841
-0.161354 0.261629 -0 0.353169 0.965841
-0.153529 0.272941 -0 0.36071 0.961243
-0.201692 0.322853 -0 0.327828 0.911309
-0.153529 0.272941 -0 0.36071 0.961243
-0.191912 0.341176 -0 0.337099 0.903191
-0.201692 0.322853 -0 0.327828 0.911309
-0.201692 0.322853 -0 0.327828 0.911309
-0.191912 0.341176 -0 0.337099 0.903191
-0.242031 0.387423 -0 0.308264 0.858087
-0.191912 0.341176 -0 0.337099 0.903191
-0.230294 0.409411 -0 0.318766 0.848909
-0.242031 0.387423 -0 0.308264 0.858087
-0.242031 0.387423 -0 0.308264 0.858087
-0.230294 0.409411 -0 0.318766 0.848909
-0.282369 0.451994 -0 0.293261 0.809792
-0.230294 0.409411 -0 0.318766 0.848909
-0.268676 0.477647 -0 0.3048 0.799834
-0.282369 0.451994 -0 0.293261 0.809792
-0.282369 0.451994 -0 0.293261 0.809792
-0.268676 0.477647 -0 0.3048 0.799834
-0.322707 0.516565 -0 0.281847 0.76688
-0.0843681 0.261629 -0 0.422883 0.989918
-0.080677 0.261629 -0 0.426477 0.990765
-0.126552 0.261629 -0 0.383343 0.97809
-0.080677 0.261629 -0 0.426477 0.990765
-0.121015 0.261629 -0 0.388358 0.97985
-0.126552 0.261629 -0 0.383343 0.97809
-0.126552 0.261629 -0 0.383343 0.97809
-0.121015 0.261629 -0 0.388358 0.97985
-0.168736 0.261629 -0 0.347081 0.963015
-0.121015 0.261629 -0 0.388358 0.97985
-0.161354 0.261629 -0 0.353169 0.965841
-0.168736 0.261629 -0 0.347081 0.963015
-0.168736 0.261629 -0 0.347081 0.963015
-0.161354 0.261629 -0 0.353169 0.965841
-0.21092 0.303644 -0 0.318992 0.9198
-0.161354 0.261629 -0 0.353169 0.965841
-0.201692 0.322853 -0 0.327828 0.911309
-0.21092 0.303644 -0 0.318992 0.9198
-0.21092 0.303644 -0 0.318992 0.9198
-0.201692 0.322853 -0 0.327828 0.911309
-0.253104 0.364373 -0 0.298223 0.867687
-0.201692 0.322853 -0 0.327828 0.911309
-0.242031 0.387423 -0 0.308264 0.858087
-0.253104 0.364373 -0 0.298223 0.867687
-0.253104 0.364373 -0 0.298223 0.867687
-0.242031 0.387423 -0 0.308264 0.858087
-0.295287 0.425102 -0 0.282195 0.820222
-0.242031 0.387423 -0 0.308264 0.858087
-0.282369 0.451994 -0 0.293261 0.809792
-0.295287 0.425102 -0 0.282195 0.820222
-0.295287 0.425102 -0 0.282195 0.820222
-0.282369 0.451994 -0 0.293261 0.809792
-0.337472 0.48583 -0 0.269918 0.777888
-0.282369 0.451994 -0 0.293261 0.809792
-0.322707 0.516565 -0 0.281847 0.76688
-0.337472 0.48583 -0 0.269918 0.777888
-0.0878282 0.261629 -0 0.419532 0.989095
-0.0843681 0.261629 -0 0.422883 0.989918
-0.131742 0.261629 -0 0.378693 0.976389
-0.0843681 0.261629 -0 0.422883 0.989918
-0.126552 0.261629 -0 0.383343 0.97809
-0.131742 0.261629 -0 0.378693 0.976389
-0.131742 0.261629 -0 0.378693 0.976389
-0.126552 0.261629 -0 0.383343 0.97809
-0.175656 0.261629 -0 0.341477 0.960306
-0.126552 0.261629 -0 0.383343 0.97809
-0.168736 0.261629 -0 0.347081 0.963015
-0.175656 0.261629 -0 0.341477 0.960306
-0.175656 0.261629 -0 0.341477 0.960306
-0.168736 0.261629 -0 0.347081 0.963015
-0.21957 0.283604 -0 0.310618 0.928647
-0.168736 0.261629 -0 0.347081 0.963015
-0.21092 0.303644 -0 0.318992 0.9198
-0.21957 0.283604 -0 0.310618 0.928647
-0.21957 0.283604 -0 0.310618 0.928647
-0.21092 0.303644 -0 0.318992 0.9198
-0.263484 0.340325 -0 0.288678 0.877689
-0.21092 0.303644 -0 0.318992 0.9198
-0.253104 0.364373 -0 0.298223 0.867687
-0.263484 0.340325 -0 0.288678 0.877689
-0.263484 0.340325 -0 0.288678 0.877689
-0.253104 0.364373 -0 0.298223 0.867687
-0.307397 0.397045 -0 0.271639 0.831101
-0.253104 0.364373 -0 0.298223 0.867687
-0.295287 0.425102 -0 0.282195 0.820222
-0.307397 0.397045 -0 0.271639 0.831101
-0.307397 0.397045 -0 0.271639 0.831101
-0.295287 0.425102 -0 0.282195 0.820222
-0.351313 0.453766 -0 0.258504 0.789393
-0.295287 0.425102 -0 0.282195 0.820222
-0.337472 0.48583 -0 0.269918 0.777888
-0.351313 0.453766 -0 0.258504 0.789393
-0.0910473 0.261629 -0 0.41643 0.988304
-0.0878282 0.261629 -0 0.419532 0.989095
-0.136571 0.261629 -0 0.374413 0.974764
-0.0878282 0.261629 -0 0.419532 0.989095
-0.131742 0.261629 -0 0.378693 0.976389
-0.136571 0.261629 -0 0.374413 0.974764
-0.136571 0.261629 -0 0.374413 0.974764
-0.131742 0.261629 -0 0.378693 0.976389
-0.182095 0.261629 -0 0.336352 0.957736
-0.131742 0.261629 -0 0.378693 0.976389
-0.175656 0.261629 -0 0.341477 0.960306
-0.182095 0.261629 -0 0.336352 0.957736
-0.182095 0.261629 -0 0.336352 0.957736
-0.175656 0.261629 -0 0.341477 0.960306
-0.227619 0.262786 -0 0.302728 0.937835
-0.175656 0.261629 -0 0.341477 0.960306
-0.21957 0.283604 -0 0.310618 0.928647
-0.227619 0.262786 -0 0.302728 0.937835
-0.227619 0.262786 -0 0.302728 0.937835
-0.21957 0.283604 -0 0.310618 0.928647
-0.273141 0.315343 -0 0.279657 0.888077
-0.21957 0.283604 -0 0.310618 0.928647
-0.263484 0.340325 -0 0.288678 0.877689
-0.273141 0.315343 -0 0.279657 0.888077
-0.273141 0.315343 -0 0.279657 0.888077
-0.263484 0.340325 -0 0.288678 0.877689
-0.318666 0.367901 -0 0.26163 0.842411
-0.263484 0.340325 -0 0.288678 0.877689
-0.307397 0.397045 -0 0.271639 0.831101
-0.318666 0.367901 -0 0.26163 0.842411
-0.318666 0.367901 -0 0.26163 0.842411
-0.307397 0.397045 -0 0.271639 0.831101
-0.364189 0.420457 -0 0.247644 0.801373
-0.307397 0.397045 -0 0.271639 0.831101
-0.351313 0.453766 -0 0.258504 0.789393
-0.364189 0.420457 -0 0.247644 0.801373
-0.094017 0.261629 -0 0.413583 0.987554
-0.0910473 0.261629 -0 0.41643 0.988304
-0.141026 0.261629 -0 0.370505 0.97323
-0.0910473 0.261629 -0 0.41643 0.988304
-0.136571 0.261629 -0 0.374413 0.974764
-0.141026 0.261629 -0 0.370505 0.97323
-0.141026 0.261629 -0 0.370505 0.97323
-0.136571 0.261629 -0 0.374413 0.974764
-0.188034 0.261629 -0 0.331702 0.955327
-0.136571 0.261629 -0 0.374413 0.974764
-0.182095 0.261629 -0 0.336352 0.957736
-0.188034 0.261629 -0 0.331702 0.955327
-0.188034 0.261629 -0 0.331702 0.955327
-0.182095 0.261629 -0 0.336352 0.957736
-0.235043 0.261629 -0 0.297511 0.935273
-0.182095 0.261629 -0 0.336352 0.957736
-0.227619 0.262786 -0 0.302728 0.937835
-0.235043 0.261629 -0 0.297511 0.935273
-0.235043 0.261629 -0 0.297511 0.935273
-0.227619 0.262786 -0 0.302728 0.937835
-0.282051 0.289497 -0 0.271185 0.898836
-0.227619 0.262786 -0 0.302728 0.937835
-0.273141 0.315343 -0 0.279657 0.888077
-0.282051 0.289497 -0 0.271185 0.898836
-0.282051 0.289497 -0 0.271185 0.898836
-0.273141 0.315343 -0 0.279657 0.888077
-0.329061 0.337747 -0 0.252198 0.854134
-0.273141 0.315343 -0 0.279657 0.888077
-0.318666 0.367901 -0 0.26163 0.842411
-0.329061 0.337747 -0 0.252198 0.854134
-0.329061 0.337747 -0 0.252198 0.854134
-0.318666 0.367901 -0 0.26163 0.842411
-0.376068 0.385997 -0 0.237376 0.81381
-0.318666 0.367901 -0 0.26163 0.842411
-0.364189 0.420457 -0 0.247644 0.801373
-0.376068 0.385997 -0 0.237376 0.81381
-0.0967292 0.261629 -0 0.410994 0.98685
-0.094017 0.261629 -0 0.413583 0.987554
-0.145094 0.261629 -0 0.36697 0.971801
-0.094017 0.261629 -0 0.413583 0.987554
-0.141026 0.261629 -0 0.370505 0.97323
-0.145094 0.261629 -0 0.36697 0.971801
-0.145094 0.261629 -0 0.36697 0.971801
-0.141026 0.261629 -0 0.370505 0.97323
-0.193458 0.261629 -0 0.32752 0.953098
-0.141026 0.261629 -0 0.370505 0.97323
-0.188034 0.261629 -0 0.331702 0.955327
-0.193458 0.261629 -0 0.32752 0.953098
-0.193458 0.261629 -0 0.32752 0.953098
-0.188034 0.261629 -0 0.331702 0.955327
-0.241823 0.261629 -0 0.29296 0.932278
-0.188034 0.261629 -0 0.331702 0.955327
-0.235043 0.261629 -0 0.297511 0.935273
-0.241823 0.261629 -0 0.29296 0.932278
-0.241823 0.261629 -0 0.29296 0.932278
-0.235043 0.261629 -0 0.297511 0.935273
-0.290188 0.262858 -0 0.263286 0.909951
-0.235043 0.261629 -0 0.297511 0.935273
-0.282051 0.289497 -0 0.271185 0.898836
-0.290188 0.262858 -0 0.263286 0.909951
-0.290188 0.262858 -0 0.263286 0.909951
-0.282051 0.289497 -0 0.271185 0.898836
-0.338552 0.306668 -0 0.24337 0.866256
-0.282051 0.289497 -0 0.271185 0.898836
-0.329061 0.337747 -0 0.252198 0.854134
-0.338552 0.306668 -0 0.24337 0.866256
-0.338552 0.306668 -0 0.24337 0.866256
-0.329061 0.337747 -0 0.252198 0.854134
-0.386916 0.350478 -0 0.22773 0.826688
-0.329061 0.337747 -0 0.252198 0.854134
-0.376068 0.385997 -0 0.237376 0.81381
-0.386916 0.350478 -0 0.22773 0.826688
-0.0991759 0.261629 -0 0.408669 0.986202
-0.0967292 0.261629 -0 0.410994 0.98685
-0.148764 0.261629 -0 0.363808 0.970489
-0.0967292 0.261629 -0 0.410994 0.98685
-0.145094 0.261629 -0 0.36697 0.971801
-0.148764 0.261629 -0 0.363808 0.970489
-0.148764 0.261629 -0 0.363808 0.970489
-0.145094 0.261629 -0 0.36697 0.971801
-0.198352 0.261629 -0 0.3238 0.951064
-0.145094 0.261629 -0 0.36697 0.971801
-0.193458 0.261629 -0 0.32752 0.953098
-0.198352 0.261629 -0 0.3238 0.951064
-0.198352 0.261629 -0 0.3238 0.951064
-0.193458 0.261629 -0 0.32752 0.953098
-0.24794 0.261629 -0 0.288933 0.929562
-0.193458 0.261629 -0 0.32752 0.953098
-0.241823 0.261629 -0 0.29296 0.932278
-0.24794 0.261629 -0 0.288933 0.929562
-0.24794 0.261629 -0 0.288933 0.929562
-0.241823 0.261629 -0 0.29296 0.932278
-0.297527 0.261629 -0 0.259005 0.907327
-0.241823 0.261629 -0 0.29296 0.932278
-0.290188 0.262858 -0 0.263286 0.909951
-0.297527 0.261629 -0 0.259005 0.907327
-0.297527 0.261629 -0 0.259005 0.907327
-0.290188 0.262858 -0 0.263286 0.909951
-0.347115 0.274748 -0 0.23517 0.878766
-0.290188 0.262858 -0 0.263286 0.909951
-0.338552 0.306668 -0 0.24337 0.866256
-0.347115 0.274748 -0 0.23517 0.878766
-0.347115 0.274748 -0 0.23517 0.878766
-0.338552 0.306668 -0 0.24337 0.866256
-0.396703 0.313998 -0 0.218733 0.839996
-0.338552 0.306668 -0 0.24337 0.866256
-0.386916 0.350478 -0 0.22773 0.826688
-0.396703 0.313998 -0 0.218733 0.839996
-0.101351 0.261629 -0 0.40661 0.985614
-0.0991759 0.261629 -0 0.408669 0.986202
-0.152026 0.261629 -0 0.36102 0.969306
-0.0991759 0.261629 -0 0.408669 0.986202
-0.148764 0.261629 -0 0.363808 0.970489
-0.152026 0.261629 -0 0.36102 0.969306
-0.152026 0.261629 -0 0.36102 0.969306
-0.148764 0.261629 -0 0.363808 0.970489
-0.202702 0.261629 -0 0.320536 0.949238
-0.148764 0.261629 -0 0.363808 0.970489
-0.198352 0.261629 -0 0.3238 0.951064
-0.202702 0.261629 -0 0.320536 0.949238
-0.202702 0.261629 -0 0.320536 0.949238
-0.198352 0.261629 -0 0.3238 0.951064
-0.253377 0.261629 -0 0.285417 0.927139
-0.198352 0.261629 -0 0.3238 0.951064
-0.24794 0.261629 -0 0.288933 0.929562
-0.253377 0.261629 -0 0.285417 0.927139
-0.253377 0.261629 -0 0.285417 0.927139
-0.24794 0.261629 -0 0.288933 0.929562
-0.304054 0.261629 -0 0.255412 0.904401
-0.24794 0.261629 -0 0.288933 0.929562
-0.297527 0.261629 -0 0.259005 0.907327
-0.304054 0.261629 -0 0.255412 0.904401
-0.304054 0.261629 -0 0.255412 0.904401
-0.297527 0.261629 -0 0.259005 0.907327
-0.354728 0.261629 -0 0.229986 0.882008
-0.297527 0.261629 -0 0.259005 0.907327
-0.347115 0.274748 -0 0.23517 0.878766
-0.354728 0.261629 -0 0.229986 0.882008
-0.354728 0.261629 -0 0.229986 0.882008
-0.347115 0.274748 -0 0.23517 0.878766
-0.405404 0.276658 -0 0.210405 0.853722
-0.347115 0.274748 -0 0.23517 0.878766
-0.396703 0.313998 -0 0.218733 0.839996
-0.405404 0.276658 -0 0.210405 0.853722
-0.103248 0.261629 -0 0.40482 0.985093
-0.101351 0.261629 -0 0.40661 0.985614
-0.154872 0.261629 -0 0.358606 0.968262
-0.101351 0.261629 -0 0.40661 0.985614
-0.152026 0.261629 -0 0.36102 0.969306
-0.154872 0.261629 -0 0.358606 0.968262
-0.154872 0.261629 -0 0.358606 0.968262
-0.152026 0.261629 -0 0.36102 0.969306
-0.206496 0.261629 -0 0.317721 0.947634
-0.152026 0.261629 -0 0.36102 0.969306
-0.202702 0.261629 -0 0.320536 0.949238
-0.206496 0.261629 -0 0.317721 0.947634
-0.206496 0.261629 -0 0.317721 0.947634
-0.202702 0.261629 -0 0.320536 0.949238
-0.258121 0.261629 -0 0.282399 0.92502
-0.202702 0.261629 -0 0.320536 0.949238
-0.253377 0.261629 -0 0.285417 0.927139
-0.258121 0.261629 -0 0.282399 0.92502
-0.258121 0.261629 -0 0.282399 0.92502
-0.253377 0.261629 -0 0.285417 0.927139
-0.309745 0.261629 -0 0.252339 0.901855
-0.253377 0.261629 -0 0.285417 0.927139
-0.304054 0.261629 -0 0.255412 0.904401
-0.309745 0.261629 -0 0.252339 0.901855
-0.309745 0.261629 -0 0.252339 0.901855
-0.304054 0.261629 -0 0.255412 0.904401
-0.361369 0.261629 -0 0.226961 0.879135
-0.304054 0.261629 -0 0.255412 0.904401
-0.354728 0.261629 -0 0.229986 0.882008
-0.361369 0.261629 -0 0.226961 0.879135
-0.361369 0.261629 -0 0.226961 0.879135
-0.354728 0.261629 -0 0.229986 0.882008
-0.412993 0.261629 -0 0.205592 0.857467
-0.354728 0.261629 -0 0.229986 0.882008
-0.405404 0.276658 -0 0.210405 0.853722
-0.412993 0.261629 -0 0.205592 0.857467
-0.412993 0.261629 -0 0.205592 0.857467
-0.405404 0.276658 -0 0.210405 0.853722
-0.464616 0.268379 -0 0.188421 0.834363
-0.104862 0.261629 -0 0.403302 0.984643
-0.103248 0.261629 -0 0.40482 0.985093
-0.157294 0.261629 -0 0.356565 0.967364
-0.103248 0.261629 -0 0.40482 0.985093
-0.154872 0.261629 -0 0.358606 0.968262
-0.157294 0.261629 -0 0.356565 0.967364
-0.157294 0.261629 -0 0.356565 0.967364
-0.154872 0.261629 -0 0.358606 0.968262
-0.209725 0.261629 -0 0.31535 0.946261
-0.154872 0.261629 -0 0.358606 0.968262
-0.206496 0.261629 -0 0.317721 0.947634
-0.209725 0.261629 -0 0.31535 0.946261
-0.209725 0.261629 -0 0.31535 0.946261
-0.206496 0.261629 -0 0.317721 0.947634
-0.262156 0.261629 -0 0.279865 0.923213
-0.206496 0.261629 -0 0.317721 0.947634
-0.258121 0.261629 -0 0.282399 0.92502
-0.262156 0.261629 -0 0.279865 0.923213
-0.262156 0.261629 -0 0.279865 0.923213
-0.258121 0.261629 -0 0.282399 0.92502
-0.314587 0.261629 -0 0.249769 0.899693
-0.258121 0.261629 -0 0.282399 0.92502
-0.309745 0.261629 -0 0.252339 0.901855
-0.314587 0.261629 -0 0.249769 0.899693
-0.314587 0.261629 -0 0.249769 0.899693
-0.309745 0.261629 -0 0.252339 0.901855
-0.367019 0.261629 -0 0.224439 0.876704
-0.309745 0.261629 -0 0.252339 0.901855
-0.361369 0.261629 -0 0.226961 0.879135
-0.367019 0.261629 -0 0.224439 0.876704
-0.367019 0.261629 -0 0.224439 0.876704
-0.361369 0.261629 -0 0.226961 0.879135
-0.419449 0.261629 -0 0.203168 0.85485
-0.361369 0.261629 -0 0.226961 0.879135
-0.412993 0.261629 -0 0.205592 0.857467
-0.419449 0.261629 -0 0.203168 0.85485
-0.419449 0.261629 -0 0.203168 0.85485
-0.412993 0.261629 -0 0.205592 0.857467
-0.471882 0.261629 -0 0.185279 0.834434
-0.412993 0.261629 -0 0.205592 0.857467
-0.464616 0.268379 -0 0.188421 0.834363
-0.471882 0.261629 -0 0.185279 0.834434
-0.0530947 0.261629 -0 0.453882 0.995998
-0.0524312 0.261629 -0 0.454551 0.996099
-0.106189 0.261629 -0 0.402058 0.98427
-0.0524312 0.261629 -0 0.454551 0.996099
-0.104862 0.261629 -0 0.403302 0.984643
-0.106189 0.261629 -0 0.402058 0.98427
-0.106189 0.261629 -0 0.402058 0.98427
-0.104862 0.261629 -0 0.403302 0.984643
-0.159284 0.261629 -0 0.354896 0.96662
-0.104862 0.261629 -0 0.403302 0.984643
-0.157294 0.261629 -0 0.356565 0.967364
-0.159284 0.261629 -0 0.354896 0.96662
-0.159284 0.261629 -0 0.354896 0.96662
-0.157294 0.261629 -0 0.356565 0.967364
-0.212378 0.261629 -0 0.313418 0.945127
-0.157294 0.261629 -0 0.356565 0.967364
-0.209725 0.261629 -0 0.31535 0.946261
-0.212378 0.261629 -0 0.313418 0.945127
-0.212378 0.261629 -0 0.313418 0.945127
-0.209725 0.261629 -0 0.31535 0.946261
-0.265473 0.261629 -0 0.277807 0.921726
-0.209725 0.261629 -0 0.31535 0.946261
-0.262156 0.261629 -0 0.279865 0.923213
-0.265473 0.261629 -0 0.277807 0.921726
-0.265473 0.261629 -0 0.277807 0.921726
-0.262156 0.261629 -0 0.279865 0.923213
-0.318568 0.261629 -0 0.247688 0.897919
-0.262156 0.261629 -0 0.279865 0.923213
-0.314587 0.261629 -0 0.249769 0.899693
-0.318568 0.261629 -0 0.247688 0.897919
-0.318568 0.261629 -0 0.247688 0.897919
-0.314587 0.261629 -0 0.249769 0.899693
-0.371663 0.261629 -0 0.222402 0.874717
-0.314587 0.261629 -0 0.249769 0.899693
-0.367019 0.261629 -0 0.224439 0.876704
-0.371663 0.261629 -0 0.222402 0.874717
-0.371663 0.261629 -0 0.222402 0.874717
-0.367019 0.261629 -0 0.224439 0.876704
-0.424758 0.261629 -0 0.201214 0.852714
-0.367019 0.261629 -0 0.224439 0.876704
-0.419449 0.261629 -0 0.203168 0.85485
-0.424758 0.261629 -0 0.201214 0.852714
