-0.0524312 -0.180167 -0 0.54857 0.995574
-0.0530947 -0.180167 -0 0.549219 0.99547
-0.104862 -0.180167 -0 0.597909 0.984209
-0.0530947 -0.180167 -0 0.549219 0.99547
-0.106189 -0.180167 -0 0.5991 0.983847
-0.104862 -0.180167 -0 0.597909 0.984209
-0.104862 -0.180167 -0 0.597909 0.984209
-0.106189 -0.180167 -0 0.5991 0.983847
-0.157294 -0.180167 -0 0.642465 0.967778
-0.106189 -0.180167 -0 0.5991 0.983847
-0.159284 -0.180167 -0 0.64405 0.96708
-0.157294 -0.180167 -0 0.642465 0.967778
-0.157294 -0.180167 -0 0.642465 0.967778
-0.159284 -0.180167 -0 0.64405 0.96708
-0.209725 -0.180167 -0 0.681559 0.948156
-0.159284 -0.180167 -0 0.64405 0.96708
-0.212378 -0.180167 -0 0.68339 0.94711
-0.209725 -0.180167 -0 0.681559 0.948156
-0.209725 -0.180167 -0 0.681559 0.948156
-0.212378 -0.180167 -0 0.68339 0.94711
-0.262156 -0.180167 -0 0.715192 0.926995
-0.0524312 -0.180167 -0 0.54857 0.995574
-0.104862 -0.180167 -0 0.597909 0.984209
-0.103248 -0.180167 -0 0.596456 0.984644
-0.103248 -0.180167 -0 0.596456 0.984644
-0.104862 -0.180167 -0 0.597909 0.984209
-0.154872 -0.180167 -0 0.640525 0.968621
-0.104862 -0.180167 -0 0.597909 0.984209
-0.157294 -0.180167 -0 0.642465 0.967778
-0.154872 -0.180167 -0 0.640525 0.968621
-0.154872 -0.180167 -0 0.640525 0.968621
-0.157294 -0.180167 -0 0.642465 0.967778
-0.206496 -0.180167 -0 0.679312 0.949424
-0.157294 -0.180167 -0 0.642465 0.967778
-0.209725 -0.180167 -0 0.681559 0.948156
-0.206496 -0.180167 -0 0.679312 0.949424
-0.206496 -0.180167 -0 0.679312 0.949424
-0.209725 -0.180167 -0 0.681559 0.948156
-0.258121 -0.180167 -0 0.71279 0.928648
-0.209725 -0.180167 -0 0.681559 0.948156
-0.262156 -0.180167 -0 0.715192 0.926995
-0.258121 -0.180167 -0 0.71279 0.928648
-0.101351 -0.180167 -0 0.594742 0.985149
-0.103248 -0.180167 -0 0.596456 0.984644
-0.152026 -0.180167 -0 0.63823 0.969603
-0.103248 -0.180167 -0 0.596456 0.984644
-0.154872 -0.180167 -0 0.640525 0.968621
-0.152026 -0.180167 -0 0.63823 0.969603
-0.152026 -0.180167 -0 0.63823 0.969603
-0.154872 -0.180167 -0 0.640525 0.968621
-0.202702 -0.180167 -0 0.676645 0.950906
-0.154872 -0.180167 -0 0.640525 0.968621
-0.206496 -0.180167 -0 0.679312 0.949424
-0.202702 -0.180167 -0 0.676645 0.950906
-0.202702 -0.180167 -0 0.676645 0.950906
-0.206496 -0.180167 -0 0.679312 0.949424
-0.253377 -0.180167 -0 0.709927 0.930587
-0.206496 -0.180167 -0 0.679312 0.949424
-0.258121 -0.180167 -0 0.71279 0.928648
-0.253377 -0.180167 -0 0.709927 0.930587
-0.253377 -0.180167 -0 0.709927 0.930587
-0.258121 -0.180167 -0 0.71279 0.928648
-0.304054 -0.207493 -0 0.737632 0.898461
-0.354728 -0.242075 -0 0.760615 0.864877
-0.361369 -0.208739 -0 0.764676 0.875658
-0.405404 -0.276658 -0 0.779706 0.83356
-0.361369 -0.208739 -0 0.764676 0.875658
-0.412993 -0.238559 -0 0.78406 0.845422
-0.405404 -0.276658 -0 0.779706 0.83356
-0.0991759 -0.180167 -0 0.592769 0.98572
-0.101351 -0.180167 -0 0.594742 0.985149
-0.148764 -0.180167 -0 0.63558 0.970717
-0.101351 -0.180167 -0 0.594742 0.985149
-0.152026 -0.180167 -0 0.63823 0.969603
-0.148764 -0.180167 -0 0.63558 0.970717
-0.148764 -0.180167 -0 0.63558 0.970717
-0.152026 -0.180167 -0 0.63823 0.969603
-0.198352 -0.180167 -0 0.673551 0.952595
-0.152026 -0.180167 -0 0.63823 0.969603
-0.202702 -0.180167 -0 0.676645 0.950906
-0.198352 -0.180167 -0 0.673551 0.952595
-0.198352 -0.180167 -0 0.673551 0.952595
-0.202702 -0.180167 -0 0.676645 0.950906
-0.24794 -0.196249 -0 0.706176 0.925744
-0.202702 -0.180167 -0 0.676645 0.950906
-0.253377 -0.180167 -0 0.709927 0.930587
-0.24794 -0.196249 -0 0.706176 0.925744
-0.24794 -0.196249 -0 0.706176 0.925744
-0.253377 -0.180167 -0 0.709927 0.930587
-0.297527 -0.235498 -0 0.733298 0.889148
-0.253377 -0.180167 -0 0.709927 0.930587
-0.304054 -0.207493 -0 0.737632 0.898461
-0.297527 -0.235498 -0 0.733298 0.889148
-0.297527 -0.235498 -0 0.733298 0.889148
-0.304054 -0.207493 -0 0.737632 0.898461
-0.347115 -0.274748 -0 0.755928 0.854359
-0.304054 -0.207493 -0 0.737632 0.898461
-0.354728 -0.242075 -0 0.760615 0.864877
-0.347115 -0.274748 -0 0.755928 0.854359
-0.347115 -0.274748 -0 0.755928 0.854359
-0.354728 -0.242075 -0 0.760615 0.864877
-0.396703 -0.313998 -0 0.774698 0.821965
-0.354728 -0.242075 -0 0.760615 0.864877
-0.405404 -0.276658 -0 0.779706 0.83356
-0.396703 -0.313998 -0 0.774698 0.821965
-0.0967292 -0.180167 -0 0.590541 0.986351
-0.0991759 -0.180167 -0 0.592769 0.98572
-0.145094 -0.180167 -0 0.632572 0.971954
-0.0991759 -0.180167 -0 0.592769 0.98572
-0.148764 -0.180167 -0 0.63558 0.970717
-0.145094 -0.180167 -0 0.632572 0.971954
-0.145094 -0.180167 -0 0.632572 0.971954
-0.148764 -0.180167 -0 0.63558 0.970717
-0.193458 -0.180167 -0 0.670025 0.954479
-0.148764 -0.180167 -0 0.63558 0.970717
-0.198352 -0.180167 -0 0.673551 0.952595
-0.193458 -0.180167 -0 0.670025 0.954479
-0.193458 -0.180167 -0 0.670025 0.954479
-0.198352 -0.180167 -0 0.673551 0.952595
-0.241823 -0.219049 -0 0.701706 0.917993
-0.198352 -0.180167 -0 0.673551 0.952595
-0.24794 -0.196249 -0 0.706176 0.925744
-0.241823 -0.219049 -0 0.701706 0.917993
-0.241823 -0.219049 -0 0.701706 0.917993
-0.24794 -0.196249 -0 0.706176 0.925744
-0.290188 -0.262858 -0 0.728368 0.880091
-0.24794 -0.196249 -0 0.706176 0.925744
-0.297527 -0.235498 -0 0.733298 0.889148
-0.290188 -0.262858 -0 0.728368 0.880091
-0.290188 -0.262858 -0 0.728368 0.880091
-0.297527 -0.235498 -0 0.733298 0.889148
-0.338552 -0.306668 -0 0.750602 0.844109
-0.297527 -0.235498 -0 0.733298 0.889148
-0.347115 -0.274748 -0 0.755928 0.854359
-0.338552 -0.306668 -0 0.750602 0.844109
-0.338552 -0.306668 -0 0.750602 0.844109
-0.347115 -0.274748 -0 0.755928 0.854359
-0.386916 -0.350478 -0 0.769022 0.810645
-0.347115 -0.274748 -0 0.755928 0.854359
-0.396703 -0.313998 -0 0.774698 0.821965
-0.386916 -0.350478 -0 0.769022 0.810645
-0.094017 -0.180167 -0 0.588058 0.987037
-0.0967292 -0.180167 -0 0.590541 0.986351
-0.141026 -0.180167 -0 0.629208 0.973304
-0.0967292 -0.180167 -0 0.590541 0.986351
-0.145094 -0.180167 -0 0.632572 0.971954
-0.141026 -0.180167 -0 0.629208 0.973304
-0.141026 -0.180167 -0 0.629208 0.973304
-0.145094 -0.180167 -0 0.632572 0.971954
-0.188034 -0.192998 -0 0.665756 0.950596
-0.145094 -0.180167 -0 0.632572 0.971954
-0.193458 -0.180167 -0 0.670025 0.954479
-0.188034 -0.192998 -0 0.665756 0.950596
-0.188034 -0.192998 -0 0.665756 0.950596
-0.193458 -0.180167 -0 0.670025 0.954479
-0.235043 -0.241248 -0 0.696689 0.910486
-0.193458 -0.180167 -0 0.670025 0.954479
-0.241823 -0.219049 -0 0.701706 0.917993
-0.235043 -0.241248 -0 0.696689 0.910486
-0.235043 -0.241248 -0 0.696689 0.910486
-0.241823 -0.219049 -0 0.701706 0.917993
-0.282051 -0.289497 -0 0.72283 0.8713
-0.241823 -0.219049 -0 0.701706 0.917993
-0.290188 -0.262858 -0 0.728368 0.880091
-0.282051 -0.289497 -0 0.72283 0.8713
-0.282051 -0.289497 -0 0.72283 0.8713
-0.290188 -0.262858 -0 0.728368 0.880091
-0.329061 -0.337747 -0 0.744624 0.834135
-0.290188 -0.262858 -0 0.728368 0.880091
-0.338552 -0.306668 -0 0.750602 0.844109
-0.329061 -0.337747 -0 0.744624 0.834135
-0.0910473 -0.180167 -0 0.585326 0.987771
-0.094017 -0.180167 -0 0.588058 0.987037
-0.136571 -0.180167 -0 0.625487 0.974756
-0.094017 -0.180167 -0 0.588058 0.987037
-0.141026 -0.180167 -0 0.629208 0.973304
-0.136571 -0.180167 -0 0.625487 0.974756
-0.136571 -0.180167 -0 0.625487 0.974756
-0.141026 -0.180167 -0 0.629208 0.973304
-0.182095 -0.210229 -0 0.660905 0.944676
-0.141026 -0.180167 -0 0.629208 0.973304
-0.188034 -0.192998 -0 0.665756 0.950596
-0.182095 -0.210229 -0 0.660905 0.944676
-0.182095 -0.210229 -0 0.660905 0.944676
-0.188034 -0.192998 -0 0.665756 0.950596
-0.227619 -0.262786 -0 0.69112 0.903233
-0.188034 -0.192998 -0 0.665756 0.950596
-0.235043 -0.241248 -0 0.696689 0.910486
-0.227619 -0.262786 -0 0.69112 0.903233
-0.227619 -0.262786 -0 0.69112 0.903233
-0.235043 -0.241248 -0 0.696689 0.910486
-0.273141 -0.315343 -0 0.716675 0.862781
-0.235043 -0.241248 -0 0.696689 0.910486
-0.282051 -0.289497 -0 0.72283 0.8713
-0.273141 -0.315343 -0 0.716675 0.862781
-0.273141 -0.315343 -0 0.716675 0.862781
-0.282051 -0.289497 -0 0.72283 0.8713
-0.318666 -0.367901 -0 0.73798 0.824444
-0.282051 -0.289497 -0 0.72283 0.8713
-0.329061 -0.337747 -0 0.744624 0.834135
-0.318666 -0.367901 -0 0.73798 0.824444
-0.0878282 -0.180167 -0 0.582348 0.988547
-0.0910473 -0.180167 -0 0.585326 0.987771
-0.131742 -0.180167 -0 0.62141 0.976298
-0.0910473 -0.180167 -0 0.585326 0.987771
-0.136571 -0.180167 -0 0.625487 0.974756
-0.131742 -0.180167 -0 0.62141 0.976298
-0.131742 -0.180167 -0 0.62141 0.976298
-0.136571 -0.180167 -0 0.625487 0.974756
-0.175656 -0.226883 -0 0.655584 0.938986
-0.136571 -0.180167 -0 0.625487 0.974756
-0.182095 -0.210229 -0 0.660905 0.944676
-0.175656 -0.226883 -0 0.655584 0.938986
-0.175656 -0.226883 -0 0.655584 0.938986
-0.182095 -0.210229 -0 0.660905 0.944676
-0.21957 -0.283604 -0 0.684995 0.896242
-0.182095 -0.210229 -0 0.660905 0.944676
-0.227619 -0.262786 -0 0.69112 0.903233
-0.21957 -0.283604 -0 0.684995 0.896242
-0.21957 -0.283604 -0 0.684995 0.896242
-0.227619 -0.262786 -0 0.69112 0.903233
-0.263484 -0.340325 -0 0.709895 0.854544
-0.227619 -0.262786 -0 0.69112 0.903233
-0.273141 -0.315343 -0 0.716675 0.862781
-0.263484 -0.340325 -0 0.709895 0.854544
-0.263484 -0.340325 -0 0.709895 0.854544
-0.273141 -0.315343 -0 0.716675 0.862781
-0.307397 -0.397045 -0 0.730656 0.815046
-0.273141 -0.315343 -0 0.716675 0.862781
-0.318666 -0.367901 -0 0.73798 0.824444
-0.307397 -0.397045 -0 0.730656 0.815046
-0.0843681 -0.180167 -0 0.579129 0.989357
-0.0878282 -0.180167 -0 0.582348 0.988547
-0.126552 -0.182187 -0 0.616934 0.976938
-0.0878282 -0.180167 -0 0.582348 0.988547
-0.131742 -0.180167 -0 0.62141 0.976298
-0.126552 -0.182187 -0 0.616934 0.976938
-0.126552 -0.182187 -0 0.616934 0.976938
-0.131742 -0.180167 -0 0.62141 0.976298
-0.168736 -0.242915 -0 0.649795 0.933533
-0.131742 -0.180167 -0 0.62141 0.976298
-0.175656 -0.226883 -0 0.655584 0.938986
-0.168736 -0.242915 -0 0.649795 0.933533
-0.168736 -0.242915 -0 0.649795 0.933533
-0.175656 -0.226883 -0 0.655584 0.938986
-0.21092 -0.303644 -0 0.678311 0.88952
-0.175656 -0.226883 -0 0.655584 0.938986
-0.21957 -0.283604 -0 0.684995 0.896242
-0.21092 -0.303644 -0 0.678311 0.88952
-0.21092 -0.303644 -0 0.678311 0.88952
-0.21957 -0.283604 -0 0.684995 0.896242
-0.253104 -0.364373 -0 0.702483 0.846598
-0.21957 -0.283604 -0 0.684995 0.896242
-0.263484 -0.340325 -0 0.709895 0.854544
-0.253104 -0.364373 -0 0.702483 0.846598
-0.253104 -0.364373 -0 0.702483 0.846598
-0.263484 -0.340325 -0 0.709895 0.854544
-0.295287 -0.425102 -0 0.722641 0.805948
-0.263484 -0.340325 -0 0.709895 0.854544
-0.307397 -0.397045 -0 0.730656 0.815046
-0.295287 -0.425102 -0 0.722641 0.805948
-0.126552 -0.182187 -0 0.616934 0.976938
-0.168736 -0.242915 -0 0.649795 0.933533
-0.161354 -0.258282 -0 0.643541 0.928325
-0.161354 -0.258282 -0 0.643541 0.928325
-0.168736 -0.242915 -0 0.649795 0.933533
-0.201692 -0.322853 -0 0.671068 0.883078
-0.168736 -0.242915 -0 0.649795 0.933533
-0.21092 -0.303644 -0 0.678311 0.88952
-0.201692 -0.322853 -0 0.671068 0.883078
-0.201692 -0.322853 -0 0.671068 0.883078
-0.21092 -0.303644 -0 0.678311 0.88952
-0.242031 -0.387423 -0 0.694431 0.838951
-0.21092 -0.303644 -0 0.678311 0.88952
-0.253104 -0.364373 -0 0.702483 0.846598
-0.242031 -0.387423 -0 0.694431 0.838951
-0.242031 -0.387423 -0 0.694431 0.838951
-0.253104 -0.364373 -0 0.702483 0.846598
-0.282369 -0.451994 -0 0.713921 0.797162
-0.253104 -0.364373 -0 0.702483 0.846598
-0.295287 -0.425102 -0 0.722641 0.805948
-0.282369 -0.451994 -0 0.713921 0.797162
-0.153529 -0.272941 -0 0.636828 0.92337
-0.161354 -0.258282 -0 0.643541 0.928325
-0.191912 -0.341176 -0 0.663265 0.876922
-0.161354 -0.258282 -0 0.643541 0.928325
-0.201692 -0.322853 -0 0.671068 0.883078
-0.191912 -0.341176 -0 0.663265 0.876922
-0.191912 -0.341176 -0 0.663265 0.876922
-0.201692 -0.322853 -0 0.671068 0.883078
-0.230294 -0.409411 -0 0.685736 0.831613
-0.201692 -0.322853 -0 0.671068 0.883078
-0.242031 -0.387423 -0 0.694431 0.838951
-0.230294 -0.409411 -0 0.685736 0.831613
-0.230294 -0.409411 -0 0.685736 0.831613
-0.242031 -0.387423 -0 0.694431 0.838951
-0.268676 -0.477647 -0 0.704489 0.7887
-0.242031 -0.387423 -0 0.694431 0.838951
-0.282369 -0.451994 -0 0.713921 0.797162
-0.268676 -0.477647 -0 0.704489 0.7887
-0.145284 -0.286851 -0 0.629662 0.918674
-0.153529 -0.272941 -0 0.636828 0.92337
-0.181605 -0.358564 -0 0.654907 0.871062
-0.153529 -0.272941 -0 0.636828 0.92337
-0.191912 -0.341176 -0 0.663265 0.876922
-0.181605 -0.358564 -0 0.654907 0.871062
-0.181605 -0.358564 -0 0.654907 0.871062
-0.191912 -0.341176 -0 0.663265 0.876922
-0.217926 -0.430277 -0 0.676397 0.824597
-0.191912 -0.341176 -0 0.663265 0.876922
-0.230294 -0.409411 -0 0.685736 0.831613
-0.217926 -0.430277 -0 0.676397 0.824597
-0.217926 -0.430277 -0 0.676397 0.824597
-0.230294 -0.409411 -0 0.685736 0.831613
-0.254247 -0.501989 -0 0.69434 0.780576
-0.230294 -0.409411 -0 0.685736 0.831613
-0.268676 -0.477647 -0 0.704489 0.7887
-0.254247 -0.501989 -0 0.69434 0.780576
-0.13664 -0.299976 -0 0.622053 0.914246
-0.145284 -0.286851 -0 0.629662 0.918674
-0.1708 -0.37497 -0 0.646001 0.865508
-0.145284 -0.286851 -0 0.629662 0.918674
-0.181605 -0.358564 -0 0.654907 0.871062
-0.1708 -0.37497 -0 0.646001 0.865508
-0.1708 -0.37497 -0 0.646001 0.865508
-0.181605 -0.358564 -0 0.654907 0.871062
-0.20496 -0.449963 -0 0.666417 0.817914
-0.181605 -0.358564 -0 0.654907 0.871062
-0.217926 -0.430277 -0 0.676397 0.824597
-0.20496 -0.449963 -0 0.666417 0.817914
-0.20496 -0.449963 -0 0.666417 0.817914
-0.217926 -0.430277 -0 0.676397 0.824597
-0.23912 -0.524955 -0 0.683473 0.772805
-0.217926 -0.430277 -0 0.676397 0.824597
-0.254247 -0.501989 -0 0.69434 0.780576
-0.23912 -0.524955 -0 0.683473 0.772805
-0.127622 -0.312278 -0 0.614012 0.910091
-0.13664 -0.299976 -0 0.622053 0.914246
-0.159527 -0.390347 -0 0.636555 0.860269
-0.13664 -0.299976 -0 0.622053 0.914246
-0.1708 -0.37497 -0 0.646001 0.865508
-0.159527 -0.390347 -0 0.636555 0.860269
-0.159527 -0.390347 -0 0.636555 0.860269
-0.1708 -0.37497 -0 0.646001 0.865508
-0.191433 -0.468417 -0 0.655803 0.811579
-0.1708 -0.37497 -0 0.646001 0.865508
-0.20496 -0.449963 -0 0.666417 0.817914
-0.191433 -0.468417 -0 0.655803 0.811579
-0.191433 -0.468417 -0 0.655803 0.811579
-0.20496 -0.449963 -0 0.666417 0.817914
-0.223338 -0.546484 -0 0.671892 0.765405
-0.20496 -0.449963 -0 0.666417 0.817914
-0.23912 -0.524955 -0 0.683473 0.772805
-0.223338 -0.546484 -0 0.671892 0.765405
-0.127622 -0.312278 -0 0.614012 0.910091
-0.159527 -0.390347 -0 0.636555 0.860269
-0.147817 -0.404655 -0 0.626584 0.855357
-0.147817 -0.404655 -0 0.626584 0.855357
-0.159527 -0.390347 -0 0.636555 0.860269
-0.177381 -0.485584 -0 0.644567 0.805605
-0.159527 -0.390347 -0 0.636555 0.860269
-0.191433 -0.468417 -0 0.655803 0.811579
-0.177381 -0.485584 -0 0.644567 0.805605
-0.177381 -0.485584 -0 0.644567 0.805605
-0.191433 -0.468417 -0 0.655803 0.811579
-0.206944 -0.566518 -0 0.659606 0.758397
-0.191433 -0.468417 -0 0.655803 0.811579
-0.223338 -0.546484 -0 0.671892 0.765405
-0.206944 -0.566518 -0 0.659606 0.758397
-0.135702 -0.417853 -0 0.616106 0.850781
-0.147817 -0.404655 -0 0.626584 0.855357
-0.162842 -0.501424 -0 0.632727 0.800009
-0.147817 -0.404655 -0 0.626584 0.855357
-0.177381 -0.485584 -0 0.644567 0.805605
-0.162842 -0.501424 -0 0.632727 0.800009
-0.162842 -0.501424 -0 0.632727 0.800009
-0.177381 -0.485584 -0 0.644567 0.805605
-0.189983 -0.584997 -0 0.646635 0.751803
-0.177381 -0.485584 -0 0.644567 0.805605
-0.206944 -0.566518 -0 0.659606 0.758397
-0.189983 -0.584997 -0 0.646635 0.751803
-0.189983 -0.584997 -0 0.646635 0.751803
-0.206944 -0.566518 -0 0.659606 0.758397
-0.217123 -0.668565 -0 0.658087 0.707086
-0.123215 -0.429907 -0 0.605142 0.846554
-0.135702 -0.417853 -0 0.616106 0.850781
-0.147858 -0.515889 -0 0.620305 0.794809
-0.135702 -0.417853 -0 0.616106 0.850781
-0.162842 -0.501424 -0 0.632727 0.800009
-0.147858 -0.515889 -0 0.620305 0.794809
-0.147858 -0.515889 -0 0.620305 0.794809
-0.162842 -0.501424 -0 0.632727 0.800009
-0.172501 -0.60187 -0 0.633 0.745646
-0.162842 -0.501424 -0 0.632727 0.800009
-0.189983 -0.584997 -0 0.646635 0.751803
-0.172501 -0.60187 -0 0.633 0.745646
-0.172501 -0.60187 -0 0.633 0.745646
-0.189983 -0.584997 -0 0.646635 0.751803
-0.197144 -0.687851 -0 0.643451 0.700031
-0.189983 -0.584997 -0 0.646635 0.751803
-0.217123 -0.668565 -0 0.658087 0.707086
-0.197144 -0.687851 -0 0.643451 0.700031
-0.123215 -0.429907 -0 0.605142 0.846554
-0.147858 -0.515889 -0 0.620305 0.794809
-0.132468 -0.528936 -0 0.607331 0.790022
-0.132468 -0.528936 -0 0.607331 0.790022
-0.147858 -0.515889 -0 0.620305 0.794809
-0.154546 -0.617093 -0 0.618733 0.739952
-0.147858 -0.515889 -0 0.620305 0.794809
-0.172501 -0.60187 -0 0.633 0.745646
-0.154546 -0.617093 -0 0.618733 0.739952
-0.154546 -0.617093 -0 0.618733 0.739952
-0.172501 -0.60187 -0 0.633 0.745646
-0.176624 -0.70525 -0 0.628119 0.693482
-0.172501 -0.60187 -0 0.633 0.745646
-0.197144 -0.687851 -0 0.643451 0.700031
-0.176624 -0.70525 -0 0.628119 0.693482
-0.132468 -0.528936 -0 0.607331 0.790022
-0.154546 -0.617093 -0 0.618733 0.739952
-0.136167 -0.630627 -0 0.603873 0.734744
-0.136167 -0.630627 -0 0.603873 0.734744
-0.154546 -0.617093 -0 0.618733 0.739952
-0.15562 -0.720718 -0 0.612131 0.687472
-0.154546 -0.617093 -0 0.618733 0.739952
-0.176624 -0.70525 -0 0.628119 0.693482
-0.15562 -0.720718 -0 0.612131 0.687472
-0.136167 -0.630627 -0 0.603873 0.734744
-0.15562 -0.720718 -0 0.612131 0.687472
-0.134189 -0.734209 -0 0.595534 0.682032
0.189983 -0.584997 -0 0.325295 0.73642
0.172501 -0.60187 -0 0.339522 0.731354
0.217123 -0.668565 -0 0.311705 0.687347
0.172501 -0.60187 -0 0.339522 0.731354
0.197144 -0.687851 -0 0.326955 0.681715
0.217123 -0.668565 -0 0.311705 0.687347
0.177381 -0.485584 -0 0.329646 0.794205
0.162842 -0.501424 -0 0.342012 0.789246
0.206944 -0.566518 -0 0.311734 0.742059
0.162842 -0.501424 -0 0.342012 0.789246
0.189983 -0.584997 -0 0.325295 0.73642
0.206944 -0.566518 -0 0.311734 0.742059
0.206944 -0.566518 -0 0.311734 0.742059
0.189983 -0.584997 -0 0.325295 0.73642
0.236507 -0.647447 -0 0.297185 0.693618
0.189983 -0.584997 -0 0.325295 0.73642
0.217123 -0.668565 -0 0.311705 0.687347
0.236507 -0.647447 -0 0.297185 0.693618
0.191433 -0.468417 -0 0.317897 0.799652
0.177381 -0.485584 -0 0.329646 0.794205
0.223338 -0.546484 -0 0.298874 0.748255
0.177381 -0.485584 -0 0.329646 0.794205
0.206944 -0.566518 -0 0.311734 0.742059
0.223338 -0.546484 -0 0.298874 0.748255
0.223338 -0.546484 -0 0.298874 0.748255
0.206944 -0.566518 -0 0.311734 0.742059
0.255243 -0.624557 -0 0.283435 0.700506
0.206944 -0.566518 -0 0.311734 0.742059
0.236507 -0.647447 -0 0.297185 0.693618
0.255243 -0.624557 -0 0.283435 0.700506
0.1708 -0.37497 -0 0.33102 0.858499
0.159527 -0.390347 -0 0.340854 0.853431
0.20496 -0.449963 -0 0.306794 0.805575
0.159527 -0.390347 -0 0.340854 0.853431
0.191433 -0.468417 -0 0.317897 0.799652
0.20496 -0.449963 -0 0.306794 0.805575
0.20496 -0.449963 -0 0.306794 0.805575
0.191433 -0.468417 -0 0.317897 0.799652
0.23912 -0.524955 -0 0.286744 0.754991
0.191433 -0.468417 -0 0.317897 0.799652
0.223338 -0.546484 -0 0.298874 0.748255
0.23912 -0.524955 -0 0.286744 0.754991
0.23912 -0.524955 -0 0.286744 0.754991
0.223338 -0.546484 -0 0.298874 0.748255
0.273279 -0.59995 -0 0.270479 0.707989
0.223338 -0.546484 -0 0.298874 0.748255
0.255243 -0.624557 -0 0.283435 0.700506
0.273279 -0.59995 -0 0.270479 0.707989
0.181605 -0.358564 -0 0.321754 0.863966
0.1708 -0.37497 -0 0.33102 0.858499
0.217926 -0.430277 -0 0.296358 0.811965
0.1708 -0.37497 -0 0.33102 0.858499
0.20496 -0.449963 -0 0.306794 0.805575
0.217926 -0.430277 -0 0.296358 0.811965
0.217926 -0.430277 -0 0.296358 0.811965
0.20496 -0.449963 -0 0.306794 0.805575
0.254247 -0.501989 -0 0.275362 0.762251
0.20496 -0.449963 -0 0.306794 0.805575
0.23912 -0.524955 -0 0.286744 0.754991
0.254247 -0.501989 -0 0.275362 0.762251
0.254247 -0.501989 -0 0.275362 0.762251
0.23912 -0.524955 -0 0.286744 0.754991
0.290568 -0.573702 -0 0.258336 0.716045
0.23912 -0.524955 -0 0.286744 0.754991
0.273279 -0.59995 -0 0.270479 0.707989
0.290568 -0.573702 -0 0.258336 0.716045
0.191912 -0.341176 -0 0.313072 0.869824
0.181605 -0.358564 -0 0.321754 0.863966
0.230294 -0.409411 -0 0.286604 0.818809
0.181605 -0.358564 -0 0.321754 0.863966
0.217926 -0.430277 -0 0.296358 0.811965
0.230294 -0.409411 -0 0.286604 0.818809
0.230294 -0.409411 -0 0.286604 0.818809
0.217926 -0.430277 -0 0.296358 0.811965
0.268676 -0.477647 -0 0.264741 0.77002
0.217926 -0.430277 -0 0.296358 0.811965
0.254247 -0.501989 -0 0.275362 0.762251
0.268676 -0.477647 -0 0.264741 0.77002
0.268676 -0.477647 -0 0.264741 0.77002
0.254247 -0.501989 -0 0.275362 0.762251
0.307058 -0.545881 -0 0.247015 0.724654
0.254247 -0.501989 -0 0.275362 0.762251
0.290568 -0.573702 -0 0.258336 0.716045
0.307058 -0.545881 -0 0.247015 0.724654
0.161354 -0.258282 -0 0.337382 0.926321
0.153529 -0.272941 -0 0.344264 0.921175
0.201692 -0.322853 -0 0.304988 0.876066
0.153529 -0.272941 -0 0.344264 0.921175
0.191912 -0.341176 -0 0.313072 0.869824
0.201692 -0.322853 -0 0.304988 0.876066
0.201692 -0.322853 -0 0.304988 0.876066
0.191912 -0.341176 -0 0.313072 0.869824
0.242031 -0.387423 -0 0.277542 0.826098
0.191912 -0.341176 -0 0.313072 0.869824
0.230294 -0.409411 -0 0.286604 0.818809
0.242031 -0.387423 -0 0.277542 0.826098
0.242031 -0.387423 -0 0.277542 0.826098
0.230294 -0.409411 -0 0.286604 0.818809
0.282369 -0.451994 -0 0.254886 0.778284
0.230294 -0.409411 -0 0.286604 0.818809
0.268676 -0.477647 -0 0.264741 0.77002
0.282369 -0.451994 -0 0.254886 0.778284
0.282369 -0.451994 -0 0.254886 0.778284
0.268676 -0.477647 -0 0.264741 0.77002
0.322707 -0.516565 -0 0.236515 0.733798
0.268676 -0.477647 -0 0.264741 0.77002
0.307058 -0.545881 -0 0.247015 0.724654
0.322707 -0.516565 -0 0.236515 0.733798
0.0843681 -0.180167 -0 0.410087 0.991301
0.080677 -0.180167 -0 0.41376 0.992105
0.126552 -0.182187 -0 0.369261 0.978688
0.168736 -0.242915 -0 0.330998 0.931774
0.161354 -0.258282 -0 0.337382 0.926321
0.21092 -0.303644 -0 0.297512 0.882684
0.161354 -0.258282 -0 0.337382 0.926321
0.201692 -0.322853 -0 0.304988 0.876066
0.21092 -0.303644 -0 0.297512 0.882684
0.21092 -0.303644 -0 0.297512 0.882684
0.201692 -0.322853 -0 0.304988 0.876066
0.253104 -0.364373 -0 0.269176 0.833822
0.201692 -0.322853 -0 0.304988 0.876066
0.242031 -0.387423 -0 0.277542 0.826098
0.253104 -0.364373 -0 0.269176 0.833822
0.253104 -0.364373 -0 0.269176 0.833822
0.242031 -0.387423 -0 0.277542 0.826098
0.295287 -0.425102 -0 0.245798 0.78703
0.242031 -0.387423 -0 0.277542 0.826098
0.282369 -0.451994 -0 0.254886 0.778284
0.295287 -0.425102 -0 0.245798 0.78703
0.295287 -0.425102 -0 0.245798 0.78703
0.282369 -0.451994 -0 0.254886 0.778284
0.337472 -0.48583 -0 0.226832 0.743463
0.282369 -0.451994 -0 0.254886 0.778284
0.322707 -0.516565 -0 0.236515 0.733798
0.337472 -0.48583 -0 0.226832 0.743463
0.0878282 -0.180167 -0 0.406657 0.990516
0.0843681 -0.180167 -0 0.410087 0.991301
0.131742 -0.180167 -0 0.364447 0.978025
0.0843681 -0.180167 -0 0.410087 0.991301
0.126552 -0.182187 -0 0.369261 0.978688
0.131742 -0.180167 -0 0.364447 0.978025
0.131742 -0.180167 -0 0.364447 0.978025
0.126552 -0.182187 -0 0.369261 0.978688
0.175656 -0.226883 -0 0.325123 0.937526
0.126552 -0.182187 -0 0.369261 0.978688
0.168736 -0.242915 -0 0.330998 0.931774
0.175656 -0.226883 -0 0.325123 0.937526
0.175656 -0.226883 -0 0.325123 0.937526
0.168736 -0.242915 -0 0.330998 0.931774
0.21957 -0.283604 -0 0.290649 0.88967
0.168736 -0.242915 -0 0.330998 0.931774
0.21092 -0.303644 -0 0.297512 0.882684
0.21957 -0.283604 -0 0.290649 0.88967
0.21957 -0.283604 -0 0.290649 0.88967
0.21092 -0.303644 -0 0.297512 0.882684
0.263484 -0.340325 -0 0.261509 0.841971
0.21092 -0.303644 -0 0.297512 0.882684
0.253104 -0.364373 -0 0.269176 0.833822
0.263484 -0.340325 -0 0.261509 0.841971
0.263484 -0.340325 -0 0.261509 0.841971
0.253104 -0.364373 -0 0.269176 0.833822
0.307397 -0.397045 -0 0.237471 0.796247
0.253104 -0.364373 -0 0.269176 0.833822
0.295287 -0.425102 -0 0.245798 0.78703
0.307397 -0.397045 -0 0.237471 0.796247
0.307397 -0.397045 -0 0.237471 0.796247
0.295287 -0.425102 -0 0.245798 0.78703
0.351313 -0.453766 -0 0.217957 0.753634
0.295287 -0.425102 -0 0.245798 0.78703
0.337472 -0.48583 -0 0.226832 0.743463
0.351313 -0.453766 -0 0.217957 0.753634
0.0910473 -0.180167 -0 0.403477 0.989758
0.0878282 -0.180167 -0 0.406657 0.990516
0.136571 -0.180167 -0 0.359981 0.97639
0.0878282 -0.180167 -0 0.406657 0.990516
0.131742 -0.180167 -0 0.364447 0.978025
0.136571 -0.180167 -0 0.359981 0.97639
0.136571 -0.180167 -0 0.359981 0.97639
0.131742 -0.180167 -0 0.364447 0.978025
0.182095 -0.210229 -0 0.319765 0.943571
0.131742 -0.180167 -0 0.364447 0.978025
0.175656 -0.226883 -0 0.325123 0.937526
0.182095 -0.210229 -0 0.319765 0.943571
0.182095 -0.210229 -0 0.319765 0.943571
0.175656 -0.226883 -0 0.325123 0.937526
0.227619 -0.262786 -0 0.284403 0.897016
0.175656 -0.226883 -0 0.325123 0.937526
0.21957 -0.283604 -0 0.290649 0.88967
0.227619 -0.262786 -0 0.284403 0.897016
0.227619 -0.262786 -0 0.284403 0.897016
0.21957 -0.283604 -0 0.290649 0.88967
0.273141 -0.315343 -0 0.254538 0.850535
0.21957 -0.283604 -0 0.290649 0.88967
0.263484 -0.340325 -0 0.261509 0.841971
0.273141 -0.315343 -0 0.254538 0.850535
0.273141 -0.315343 -0 0.254538 0.850535
0.263484 -0.340325 -0 0.261509 0.841971
0.318666 -0.367901 -0 0.229899 0.805924
0.263484 -0.340325 -0 0.261509 0.841971
0.307397 -0.397045 -0 0.237471 0.796247
0.318666 -0.367901 -0 0.229899 0.805924
0.318666 -0.367901 -0 0.229899 0.805924
0.307397 -0.397045 -0 0.237471 0.796247
0.364189 -0.420457 -0 0.209877 0.764297
0.307397 -0.397045 -0 0.237471 0.796247
0.351313 -0.453766 -0 0.217957 0.753634
0.364189 -0.420457 -0 0.209877 0.764297
0.094017 -0.180167 -0 0.400554 0.989035
0.0910473 -0.180167 -0 0.403477 0.989758
0.141026 -0.180167 -0 0.355897 0.97484
0.0910473 -0.180167 -0 0.403477 0.989758
0.136571 -0.180167 -0 0.359981 0.97639
0.141026 -0.180167 -0 0.355897 0.97484
0.182095 -0.210229 -0 0.319765 0.943571
0.227619 -0.262786 -0 0.284403 0.897016
0.235043 -0.241248 -0 0.278775 0.904712
0.235043 -0.241248 -0 0.278775 0.904712
0.227619 -0.262786 -0 0.284403 0.897016
0.282051 -0.289497 -0 0.248259 0.859505
0.227619 -0.262786 -0 0.284403 0.897016
0.273141 -0.315343 -0 0.254538 0.850535
0.282051 -0.289497 -0 0.248259 0.859505
0.282051 -0.289497 -0 0.248259 0.859505
0.273141 -0.315343 -0 0.254538 0.850535
0.329061 -0.337747 -0 0.223072 0.816049
0.273141 -0.315343 -0 0.254538 0.850535
0.318666 -0.367901 -0 0.229899 0.805924
0.329061 -0.337747 -0 0.223072 0.816049
0.329061 -0.337747 -0 0.223072 0.816049
0.318666 -0.367901 -0 0.229899 0.805924
0.376068 -0.385997 -0 0.202577 0.775442
0.318666 -0.367901 -0 0.229899 0.805924
0.364189 -0.420457 -0 0.209877 0.764297
0.376068 -0.385997 -0 0.202577 0.775442
0.0967292 -0.180167 -0 0.397893 0.988356
0.094017 -0.180167 -0 0.400554 0.989035
0.145094 -0.180167 -0 0.352196 0.973391
0.094017 -0.180167 -0 0.400554 0.989035
0.141026 -0.180167 -0 0.355897 0.97484
0.145094 -0.180167 -0 0.352196 0.973391
0.241823 -0.219049 -0 0.273766 0.912749
0.235043 -0.241248 -0 0.278775 0.904712
0.290188 -0.262858 -0 0.242667 0.86887
0.235043 -0.241248 -0 0.278775 0.904712
0.282051 -0.289497 -0 0.248259 0.859505
0.290188 -0.262858 -0 0.242667 0.86887
0.290188 -0.262858 -0 0.242667 0.86887
0.282051 -0.289497 -0 0.248259 0.859505
0.338552 -0.306668 -0 0.21698 0.826612
0.282051 -0.289497 -0 0.248259 0.859505
0.329061 -0.337747 -0 0.223072 0.816049
0.338552 -0.306668 -0 0.21698 0.826612
0.338552 -0.306668 -0 0.21698 0.826612
0.329061 -0.337747 -0 0.223072 0.816049
0.386916 -0.350478 -0 0.196043 0.787057
0.329061 -0.337747 -0 0.223072 0.816049
0.376068 -0.385997 -0 0.202577 0.775442
0.386916 -0.350478 -0 0.196043 0.787057
0.0991759 -0.180167 -0 0.395501 0.987727
0.0967292 -0.180167 -0 0.397893 0.988356
0.148764 -0.180167 -0 0.348883 0.972057
0.0967292 -0.180167 -0 0.397893 0.988356
0.145094 -0.180167 -0 0.352196 0.973391
0.148764 -0.180167 -0 0.348883 0.972057
0.241823 -0.219049 -0 0.273766 0.912749
0.290188 -0.262858 -0 0.242667 0.86887
0.297527 -0.235498 -0 0.237757 0.87862
0.297527 -0.235498 -0 0.237757 0.87862
0.290188 -0.262858 -0 0.242667 0.86887
0.347115 -0.274748 -0 0.211613 0.837601
0.290188 -0.262858 -0 0.242667 0.86887
0.338552 -0.306668 -0 0.21698 0.826612
0.347115 -0.274748 -0 0.211613 0.837601
0.347115 -0.274748 -0 0.211613 0.837601
0.338552 -0.306668 -0 0.21698 0.826612
0.396703 -0.313998 -0 0.190261 0.799131
0.338552 -0.306668 -0 0.21698 0.826612
0.386916 -0.350478 -0 0.196043 0.787057
0.396703 -0.313998 -0 0.190261 0.799131
0.304054 -0.207493 -0 0.233521 0.888742
0.297527 -0.235498 -0 0.237757 0.87862
0.354728 -0.242075 -0 0.20696 0.849007
0.297527 -0.235498 -0 0.237757 0.87862
0.347115 -0.274748 -0 0.211613 0.837601
0.354728 -0.242075 -0 0.20696 0.849007
0.354728 -0.242075 -0 0.20696 0.849007
0.347115 -0.274748 -0 0.211613 0.837601
0.405404 -0.276658 -0 0.185219 0.811654
0.347115 -0.274748 -0 0.211613 0.837601
0.396703 -0.313998 -0 0.190261 0.799131
0.405404 -0.276658 -0 0.185219 0.811654
0.354728 -0.242075 -0 0.20696 0.849007
0.405404 -0.276658 -0 0.185219 0.811654
0.412993 -0.238559 -0 0.180904 0.824617
