-0.122147 0.0932109 -0 0.545301 0.997429
-0.122147 0.0943906 -0 0.54597 0.997347
-0.122147 0.186422 -0 0.596418 0.987517
-0.122147 0.0943906 -0 0.54597 0.997347
-0.122147 0.188781 -0 0.597658 0.987182
-0.122147 0.186422 -0 0.596418 0.987517
-0.122147 0.186422 -0 0.596418 0.987517
-0.122147 0.188781 -0 0.597658 0.987182
-0.122147 0.279633 -0 0.642973 0.971761
-0.122147 0.188781 -0 0.597658 0.987182
-0.122147 0.283171 -0 0.644635 0.971074
-0.122147 0.279633 -0 0.642973 0.971761
-0.122147 0.279633 -0 0.642973 0.971761
-0.122147 0.283171 -0 0.644635 0.971074
-0.122147 0.372844 -0 0.684005 0.952144
-0.122147 0.283171 -0 0.644635 0.971074
-0.122147 0.377562 -0 0.685929 0.951084
-0.122147 0.372844 -0 0.684005 0.952144
-0.122147 0.372844 -0 0.684005 0.952144
-0.122147 0.377562 -0 0.685929 0.951084
-0.122147 0.466055 -0 0.719342 0.930515
-0.122147 0.377562 -0 0.685929 0.951084
-0.122147 0.471952 -0 0.721393 0.929115
-0.122147 0.466055 -0 0.719342 0.930515
-0.122147 0.466055 -0 0.719342 0.930515
-0.122147 0.471952 -0 0.721393 0.929115
-0.122147 0.559266 -0 0.749347 0.908318
-0.122147 0.471952 -0 0.721393 0.929115
-0.122147 0.566344 -0 0.751424 0.906641
-0.122147 0.559266 -0 0.749347 0.908318
-0.122147 0.559266 -0 0.749347 0.908318
-0.122147 0.566344 -0 0.751424 0.906641
-0.122147 0.652479 -0 0.774644 0.886539
-0.122147 0.566344 -0 0.751424 0.906641
-0.122147 0.660735 -0 0.776682 0.884652
-0.122147 0.652479 -0 0.774644 0.886539
-0.122147 0.652479 -0 0.774644 0.886539
-0.122147 0.660735 -0 0.776682 0.884652
-0.122147 0.745688 -0 0.795935 0.865769
-0.122147 0.660735 -0 0.776682 0.884652
-0.122147 0.755125 -0 0.797893 0.863737
-0.122147 0.745688 -0 0.795935 0.865769
-0.122147 0.745688 -0 0.795935 0.865769
-0.122147 0.755125 -0 0.797893 0.863737
-0.12644 0.838901 -0 0.813335 0.843478
-0.122147 0.0932109 -0 0.545301 0.997429
-0.122147 0.186422 -0 0.596418 0.987517
-0.122147 0.183552 -0 0.594905 0.987919
-0.122147 0.183552 -0 0.594905 0.987919
-0.122147 0.186422 -0 0.596418 0.987517
-0.122147 0.275328 -0 0.640941 0.972589
-0.122147 0.186422 -0 0.596418 0.987517
-0.122147 0.279633 -0 0.642973 0.971761
-0.122147 0.275328 -0 0.640941 0.972589
-0.122147 0.275328 -0 0.640941 0.972589
-0.122147 0.279633 -0 0.642973 0.971761
-0.122147 0.367104 -0 0.681644 0.953428
-0.122147 0.279633 -0 0.642973 0.971761
-0.122147 0.372844 -0 0.684005 0.952144
-0.122147 0.367104 -0 0.681644 0.953428
-0.122147 0.367104 -0 0.681644 0.953428
-0.122147 0.372844 -0 0.684005 0.952144
-0.122147 0.458881 -0 0.716818 0.932216
-0.122147 0.372844 -0 0.684005 0.952144
-0.122147 0.466055 -0 0.719342 0.930515
-0.122147 0.458881 -0 0.716818 0.932216
-0.122147 0.458881 -0 0.716818 0.932216
-0.122147 0.466055 -0 0.719342 0.930515
-0.122147 0.550658 -0 0.746783 0.910363
-0.122147 0.466055 -0 0.719342 0.930515
-0.122147 0.559266 -0 0.749347 0.908318
-0.122147 0.550658 -0 0.746783 0.910363
-0.122147 0.550658 -0 0.746783 0.910363
-0.122147 0.559266 -0 0.749347 0.908318
-0.122147 0.642433 -0 0.772123 0.888845
-0.122147 0.559266 -0 0.749347 0.908318
-0.122147 0.652479 -0 0.774644 0.886539
-0.122147 0.642433 -0 0.772123 0.888845
-0.122147 0.642433 -0 0.772123 0.888845
-0.122147 0.652479 -0 0.774644 0.886539
-0.134189 0.734209 -0 0.791968 0.859643
-0.122147 0.652479 -0 0.774644 0.886539
-0.122147 0.745688 -0 0.795935 0.865769
-0.134189 0.734209 -0 0.791968 0.859643
-0.122147 0.180179 -0 0.593121 0.988384
-0.122147 0.183552 -0 0.594905 0.987919
-0.122147 0.270269 -0 0.638537 0.973552
-0.122147 0.183552 -0 0.594905 0.987919
-0.122147 0.275328 -0 0.640941 0.972589
-0.122147 0.270269 -0 0.638537 0.973552
-0.122147 0.270269 -0 0.638537 0.973552
-0.122147 0.275328 -0 0.640941 0.972589
-0.122147 0.360359 -0 0.678842 0.954926
-0.122147 0.275328 -0 0.640941 0.972589
-0.122147 0.367104 -0 0.681644 0.953428
-0.122147 0.360359 -0 0.678842 0.954926
-0.122147 0.360359 -0 0.678842 0.954926
-0.122147 0.367104 -0 0.681644 0.953428
-0.122147 0.450448 -0 0.713812 0.93421
-0.122147 0.367104 -0 0.681644 0.953428
-0.122147 0.458881 -0 0.716818 0.932216
-0.122147 0.450448 -0 0.713812 0.93421
-0.122147 0.450448 -0 0.713812 0.93421
-0.122147 0.458881 -0 0.716818 0.932216
-0.122147 0.54054 -0 0.743718 0.91277
-0.122147 0.458881 -0 0.716818 0.932216
-0.122147 0.550658 -0 0.746783 0.910363
-0.122147 0.54054 -0 0.743718 0.91277
-0.122147 0.54054 -0 0.743718 0.91277
-0.122147 0.550658 -0 0.746783 0.910363
-0.136167 0.630627 -0 0.767365 0.880717
-0.122147 0.550658 -0 0.746783 0.910363
-0.122147 0.642433 -0 0.772123 0.888845
-0.136167 0.630627 -0 0.767365 0.880717
-0.136167 0.630627 -0 0.767365 0.880717
-0.122147 0.642433 -0 0.772123 0.888845
-0.15562 0.720718 -0 0.786148 0.846978
-0.122147 0.642433 -0 0.772123 0.888845
-0.134189 0.734209 -0 0.791968 0.859643
-0.15562 0.720718 -0 0.786148 0.846978
-0.122147 0.176313 -0 0.591069 0.988908
-0.122147 0.180179 -0 0.593121 0.988384
-0.122147 0.264469 -0 0.635761 0.97464
-0.122147 0.180179 -0 0.593121 0.988384
-0.122147 0.270269 -0 0.638537 0.973552
-0.122147 0.264469 -0 0.635761 0.97464
-0.122147 0.264469 -0 0.635761 0.97464
-0.122147 0.270269 -0 0.638537 0.973552
-0.122147 0.352625 -0 0.675592 0.956629
-0.122147 0.270269 -0 0.638537 0.973552
-0.122147 0.360359 -0 0.678842 0.954926
-0.122147 0.352625 -0 0.675592 0.956629
-0.122147 0.352625 -0 0.675592 0.956629
-0.122147 0.360359 -0 0.678842 0.954926
-0.122147 0.440782 -0 0.710309 0.936488
-0.122147 0.360359 -0 0.678842 0.954926
-0.122147 0.450448 -0 0.713812 0.93421
-0.122147 0.440782 -0 0.710309 0.936488
-0.122147 0.440782 -0 0.710309 0.936488
-0.122147 0.450448 -0 0.713812 0.93421
-0.132468 0.528936 -0 0.738946 0.906917
-0.122147 0.450448 -0 0.713812 0.93421
-0.122147 0.54054 -0 0.743718 0.91277
-0.132468 0.528936 -0 0.738946 0.906917
-0.132468 0.528936 -0 0.738946 0.906917
-0.122147 0.54054 -0 0.743718 0.91277
-0.154546 0.617093 -0 0.761407 0.869313
-0.122147 0.54054 -0 0.743718 0.91277
-0.136167 0.630627 -0 0.767365 0.880717
-0.154546 0.617093 -0 0.761407 0.869313
-0.154546 0.617093 -0 0.761407 0.869313
-0.136167 0.630627 -0 0.767365 0.880717
-0.176624 0.70525 -0 0.779671 0.83468
-0.136167 0.630627 -0 0.767365 0.880717
-0.15562 0.720718 -0 0.786148 0.846978
-0.176624 0.70525 -0 0.779671 0.83468
-0.122147 0.171963 -0 0.588751 0.989485
-0.122147 0.176313 -0 0.591069 0.988908
-0.122147 0.257944 -0 0.632613 0.975846
-0.122147 0.176313 -0 0.591069 0.988908
-0.122147 0.264469 -0 0.635761 0.97464
-0.122147 0.257944 -0 0.632613 0.975846
-0.122147 0.257944 -0 0.632613 0.975846
-0.122147 0.264469 -0 0.635761 0.97464
-0.122147 0.343925 -0 0.671889 0.958526
-0.122147 0.264469 -0 0.635761 0.97464
-0.122147 0.352625 -0 0.675592 0.956629
-0.122147 0.343925 -0 0.671889 0.958526
-0.122147 0.343925 -0 0.671889 0.958526
-0.122147 0.352625 -0 0.675592 0.956629
-0.123215 0.429907 -0 0.706191 0.938085
-0.122147 0.352625 -0 0.675592 0.956629
-0.122147 0.440782 -0 0.710309 0.936488
-0.123215 0.429907 -0 0.706191 0.938085
-0.123215 0.429907 -0 0.706191 0.938085
-0.122147 0.440782 -0 0.710309 0.936488
-0.147858 0.515889 -0 0.73297 0.896902
-0.122147 0.440782 -0 0.710309 0.936488
-0.132468 0.528936 -0 0.738946 0.906917
-0.147858 0.515889 -0 0.73297 0.896902
-0.147858 0.515889 -0 0.73297 0.896902
-0.132468 0.528936 -0 0.738946 0.906917
-0.172501 0.60187 -0 0.754817 0.858256
-0.132468 0.528936 -0 0.738946 0.906917
-0.154546 0.617093 -0 0.761407 0.869313
-0.172501 0.60187 -0 0.754817 0.858256
-0.172501 0.60187 -0 0.754817 0.858256
-0.154546 0.617093 -0 0.761407 0.869313
-0.197144 0.687851 -0 0.772536 0.822755
-0.154546 0.617093 -0 0.761407 0.869313
-0.176624 0.70525 -0 0.779671 0.83468
-0.197144 0.687851 -0 0.772536 0.822755
-0.122147 0.167141 -0 0.586171 0.990109
-0.122147 0.171963 -0 0.588751 0.989485
-0.122147 0.250712 -0 0.629092 0.977157
-0.122147 0.171963 -0 0.588751 0.989485
-0.122147 0.257944 -0 0.632613 0.975846
-0.122147 0.250712 -0 0.629092 0.977157
-0.122147 0.250712 -0 0.629092 0.977157
-0.122147 0.257944 -0 0.632613 0.975846
-0.122147 0.334283 -0 0.667726 0.960602
-0.122147 0.257944 -0 0.632613 0.975846
-0.122147 0.343925 -0 0.671889 0.958526
-0.122147 0.334283 -0 0.667726 0.960602
-0.122147 0.334283 -0 0.667726 0.960602
-0.122147 0.343925 -0 0.671889 0.958526
-0.135702 0.417853 -0 0.700371 0.929583
-0.122147 0.343925 -0 0.671889 0.958526
-0.123215 0.429907 -0 0.706191 0.938085
-0.135702 0.417853 -0 0.700371 0.929583
-0.135702 0.417853 -0 0.700371 0.929583
-0.123215 0.429907 -0 0.706191 0.938085
-0.162842 0.501424 -0 0.7264 0.88721
-0.123215 0.429907 -0 0.706191 0.938085
-0.147858 0.515889 -0 0.73297 0.896902
-0.162842 0.501424 -0 0.7264 0.88721
-0.162842 0.501424 -0 0.7264 0.88721
-0.147858 0.515889 -0 0.73297 0.896902
-0.189983 0.584997 -0 0.747594 0.847551
-0.147858 0.515889 -0 0.73297 0.896902
-0.172501 0.60187 -0 0.754817 0.858256
-0.189983 0.584997 -0 0.747594 0.847551
-0.189983 0.584997 -0 0.747594 0.847551
-0.172501 0.60187 -0 0.754817 0.858256
-0.217123 0.668565 -0 0.764743 0.811205
-0.172501 0.60187 -0 0.754817 0.858256
-0.197144 0.687851 -0 0.772536 0.822755
-0.217123 0.668565 -0 0.764743 0.811205
-0.122147 0.161862 -0 0.583332 0.990773
-0.122147 0.167141 -0 0.586171 0.990109
-0.122147 0.242793 -0 0.6252 0.978562
-0.122147 0.167141 -0 0.586171 0.990109
-0.122147 0.250712 -0 0.629092 0.977157
-0.122147 0.242793 -0 0.6252 0.978562
-0.122147 0.242793 -0 0.6252 0.978562
-0.122147 0.250712 -0 0.629092 0.977157
-0.122147 0.323724 -0 0.663097 0.962843
-0.122147 0.250712 -0 0.629092 0.977157
-0.122147 0.334283 -0 0.667726 0.960602
-0.122147 0.323724 -0 0.663097 0.962843
-0.122147 0.323724 -0 0.663097 0.962843
-0.122147 0.334283 -0 0.667726 0.960602
-0.147817 0.404655 -0 0.694014 0.921377
-0.122147 0.334283 -0 0.667726 0.960602
-0.135702 0.417853 -0 0.700371 0.929583
-0.147817 0.404655 -0 0.694014 0.921377
-0.147817 0.404655 -0 0.694014 0.921377
-0.135702 0.417853 -0 0.700371 0.929583
-0.177381 0.485584 -0 0.719238 0.877847
-0.135702 0.417853 -0 0.700371 0.929583
-0.162842 0.501424 -0 0.7264 0.88721
-0.177381 0.485584 -0 0.719238 0.877847
-0.177381 0.485584 -0 0.719238 0.877847
-0.162842 0.501424 -0 0.7264 0.88721
-0.206944 0.566518 -0 0.739741 0.837203
-0.162842 0.501424 -0 0.7264 0.88721
-0.189983 0.584997 -0 0.747594 0.847551
-0.206944 0.566518 -0 0.739741 0.837203
-0.206944 0.566518 -0 0.739741 0.837203
-0.189983 0.584997 -0 0.747594 0.847551
-0.236507 0.647447 -0 0.756292 0.800035
-0.189983 0.584997 -0 0.747594 0.847551
-0.217123 0.668565 -0 0.764743 0.811205
-0.236507 0.647447 -0 0.756292 0.800035
-0.122147 0.156139 -0 0.580239 0.991469
-0.122147 0.161862 -0 0.583332 0.990773
-0.122147 0.234208 -0 0.620937 0.980046
-0.122147 0.161862 -0 0.583332 0.990773
-0.122147 0.242793 -0 0.6252 0.978562
-0.122147 0.234208 -0 0.620937 0.980046
-0.122147 0.234208 -0 0.620937 0.980046
-0.122147 0.242793 -0 0.6252 0.978562
-0.127622 0.312278 -0 0.657544 0.959939
-0.122147 0.242793 -0 0.6252 0.978562
-0.122147 0.323724 -0 0.663097 0.962843
-0.127622 0.312278 -0 0.657544 0.959939
-0.127622 0.312278 -0 0.657544 0.959939
-0.122147 0.323724 -0 0.663097 0.962843
-0.159527 0.390347 -0 0.687128 0.913473
-0.122147 0.323724 -0 0.663097 0.962843
-0.147817 0.404655 -0 0.694014 0.921377
-0.159527 0.390347 -0 0.687128 0.913473
-0.159527 0.390347 -0 0.687128 0.913473
-0.147817 0.404655 -0 0.694014 0.921377
-0.191433 0.468417 -0 0.711492 0.868821
-0.147817 0.404655 -0 0.694014 0.921377
-0.177381 0.485584 -0 0.719238 0.877847
-0.191433 0.468417 -0 0.711492 0.868821
-0.191433 0.468417 -0 0.711492 0.868821
-0.177381 0.485584 -0 0.719238 0.877847
-0.223338 0.546484 -0 0.731262 0.827219
-0.177381 0.485584 -0 0.719238 0.877847
-0.206944 0.566518 -0 0.739741 0.837203
-0.223338 0.546484 -0 0.731262 0.827219
-0.223338 0.546484 -0 0.731262 0.827219
-0.206944 0.566518 -0 0.739741 0.837203
-0.255243 0.624557 -0 0.747186 0.789252
-0.206944 0.566518 -0 0.739741 0.837203
-0.236507 0.647447 -0 0.756292 0.800035
-0.255243 0.624557 -0 0.747186 0.789252
-0.122147 0.149988 -0 0.576898 0.99219
-0.122147 0.156139 -0 0.580239 0.991469
-0.122147 0.224982 -0 0.616306 0.981596
-0.122147 0.156139 -0 0.580239 0.991469
-0.122147 0.234208 -0 0.620937 0.980046
-0.122147 0.224982 -0 0.616306 0.981596
-0.122147 0.224982 -0 0.616306 0.981596
-0.122147 0.234208 -0 0.620937 0.980046
-0.13664 0.299976 -0 0.651223 0.953581
-0.122147 0.234208 -0 0.620937 0.980046
-0.127622 0.312278 -0 0.657544 0.959939
-0.13664 0.299976 -0 0.651223 0.953581
-0.13664 0.299976 -0 0.651223 0.953581
-0.127622 0.312278 -0 0.657544 0.959939
-0.1708 0.37497 -0 0.679719 0.90588
-0.127622 0.312278 -0 0.657544 0.959939
-0.159527 0.390347 -0 0.687128 0.913473
-0.1708 0.37497 -0 0.679719 0.90588
-0.1708 0.37497 -0 0.679719 0.90588
-0.159527 0.390347 -0 0.687128 0.913473
-0.20496 0.449963 -0 0.703167 0.86014
-0.159527 0.390347 -0 0.687128 0.913473
-0.191433 0.468417 -0 0.711492 0.868821
-0.20496 0.449963 -0 0.703167 0.86014
-0.20496 0.449963 -0 0.703167 0.86014
-0.191433 0.468417 -0 0.711492 0.868821
-0.23912 0.524955 -0 0.722162 0.817607
-0.191433 0.468417 -0 0.711492 0.868821
-0.223338 0.546484 -0 0.731262 0.827219
-0.23912 0.524955 -0 0.722162 0.817607
-0.122147 0.143426 -0 0.573314 0.992928
-0.122147 0.149988 -0 0.576898 0.99219
-0.122147 0.215139 -0 0.61131 0.983195
-0.122147 0.149988 -0 0.576898 0.99219
-0.122147 0.224982 -0 0.616306 0.981596
-0.122147 0.215139 -0 0.61131 0.983195
-0.122147 0.215139 -0 0.61131 0.983195
-0.122147 0.224982 -0 0.616306 0.981596
-0.145284 0.286851 -0 0.644465 0.947499
-0.122147 0.224982 -0 0.616306 0.981596
-0.13664 0.299976 -0 0.651223 0.953581
-0.145284 0.286851 -0 0.644465 0.947499
-0.145284 0.286851 -0 0.644465 0.947499
-0.13664 0.299976 -0 0.651223 0.953581
-0.181605 0.358564 -0 0.6718 0.898605
-0.13664 0.299976 -0 0.651223 0.953581
-0.1708 0.37497 -0 0.679719 0.90588
-0.181605 0.358564 -0 0.6718 0.898605
-0.181605 0.358564 -0 0.6718 0.898605
-0.1708 0.37497 -0 0.679719 0.90588
-0.217926 0.430277 -0 0.694272 0.851811
-0.1708 0.37497 -0 0.679719 0.90588
-0.20496 0.449963 -0 0.703167 0.86014
-0.217926 0.430277 -0 0.694272 0.851811
-0.217926 0.430277 -0 0.694272 0.851811
-0.20496 0.449963 -0 0.703167 0.86014
-0.254247 0.501989 -0 0.712449 0.808375
-0.20496 0.449963 -0 0.703167 0.86014
-0.23912 0.524955 -0 0.722162 0.817607
-0.254247 0.501989 -0 0.712449 0.808375
-0.122147 0.136471 -0 0.569494 0.993674
-0.122147 0.143426 -0 0.573314 0.992928
-0.122147 0.204706 -0 0.605953 0.984826
-0.122147 0.143426 -0 0.573314 0.992928
-0.122147 0.215139 -0 0.61131 0.983195
-0.122147 0.204706 -0 0.605953 0.984826
-0.122147 0.204706 -0 0.605953 0.984826
-0.122147 0.215139 -0 0.61131 0.983195
-0.153529 0.272941 -0 0.637282 0.9417
-0.122147 0.215139 -0 0.61131 0.983195
-0.145284 0.286851 -0 0.644465 0.947499
-0.153529 0.272941 -0 0.637282 0.9417
-0.153529 0.272941 -0 0.637282 0.9417
-0.145284 0.286851 -0 0.644465 0.947499
-0.191912 0.341176 -0 0.66338 0.891657
-0.145284 0.286851 -0 0.644465 0.947499
-0.181605 0.358564 -0 0.6718 0.898605
-0.191912 0.341176 -0 0.66338 0.891657
-0.191912 0.341176 -0 0.66338 0.891657
-0.181605 0.358564 -0 0.6718 0.898605
-0.230294 0.409411 -0 0.68482 0.843844
-0.181605 0.358564 -0 0.6718 0.898605
-0.217926 0.430277 -0 0.694272 0.851811
-0.230294 0.409411 -0 0.68482 0.843844
-0.230294 0.409411 -0 0.68482 0.843844
-0.217926 0.430277 -0 0.694272 0.851811
-0.268676 0.477647 -0 0.702136 0.799535
-0.217926 0.430277 -0 0.694272 0.851811
-0.254247 0.501989 -0 0.712449 0.808375
-0.268676 0.477647 -0 0.702136 0.799535
-0.122147 0.129141 -0 0.565447 0.994418
-0.122147 0.136471 -0 0.569494 0.993674
-0.122147 0.193711 -0 0.600242 0.98647
-0.122147 0.136471 -0 0.569494 0.993674
-0.122147 0.204706 -0 0.605953 0.984826
-0.122147 0.193711 -0 0.600242 0.98647
-0.153529 0.272941 -0 0.637282 0.9417
-0.191912 0.341176 -0 0.66338 0.891657
-0.201692 0.322853 -0 0.654476 0.885045
-0.201692 0.322853 -0 0.654476 0.885045
-0.191912 0.341176 -0 0.66338 0.891657
-0.242031 0.387423 -0 0.674825 0.83625
-0.191912 0.341176 -0 0.66338 0.891657
-0.230294 0.409411 -0 0.68482 0.843844
-0.242031 0.387423 -0 0.674825 0.83625
-0.242031 0.387423 -0 0.674825 0.83625
-0.230294 0.409411 -0 0.68482 0.843844
-0.282369 0.451994 -0 0.691237 0.791099
-0.230294 0.409411 -0 0.68482 0.843844
-0.268676 0.477647 -0 0.702136 0.799535
-0.282369 0.451994 -0 0.691237 0.791099
-0.282369 0.451994 -0 0.691237 0.791099
-0.268676 0.477647 -0 0.702136 0.799535
-0.322707 0.516565 -0 0.704351 0.750178
-0.21092 0.303644 -0 0.645102 0.878779
-0.201692 0.322853 -0 0.654476 0.885045
-0.253104 0.364373 -0 0.664304 0.829041
-0.201692 0.322853 -0 0.654476 0.885045
-0.242031 0.387423 -0 0.674825 0.83625
-0.253104 0.364373 -0 0.664304 0.829041
-0.253104 0.364373 -0 0.664304 0.829041
-0.242031 0.387423 -0 0.674825 0.83625
-0.295287 0.425102 -0 0.679771 0.783081
-0.242031 0.387423 -0 0.674825 0.83625
-0.282369 0.451994 -0 0.691237 0.791099
-0.295287 0.425102 -0 0.679771 0.783081
-0.295287 0.425102 -0 0.679771 0.783081
-0.282369 0.451994 -0 0.691237 0.791099
-0.337472 0.48583 -0 0.692107 0.74149
-0.282369 0.451994 -0 0.691237 0.791099
-0.322707 0.516565 -0 0.704351 0.750178
-0.337472 0.48583 -0 0.692107 0.74149
-0.21957 0.283604 -0 0.63528 0.87287
-0.21092 0.303644 -0 0.645102 0.878779
-0.263484 0.340325 -0 0.653279 0.82223
-0.21092 0.303644 -0 0.645102 0.878779
-0.253104 0.364373 -0 0.664304 0.829041
-0.263484 0.340325 -0 0.653279 0.82223
-0.263484 0.340325 -0 0.653279 0.82223
-0.253104 0.364373 -0 0.664304 0.829041
-0.307397 0.397045 -0 0.66776 0.775498
-0.253104 0.364373 -0 0.664304 0.829041
-0.295287 0.425102 -0 0.679771 0.783081
-0.307397 0.397045 -0 0.66776 0.775498
-0.307397 0.397045 -0 0.66776 0.775498
-0.295287 0.425102 -0 0.679771 0.783081
-0.351313 0.453766 -0 0.679291 0.733268
-0.295287 0.425102 -0 0.679771 0.783081
-0.337472 0.48583 -0 0.692107 0.74149
-0.351313 0.453766 -0 0.679291 0.733268
-0.227619 0.262786 -0 0.625029 0.867328
-0.21957 0.283604 -0 0.63528 0.87287
-0.273141 0.315343 -0 0.641773 0.815831
-0.21957 0.283604 -0 0.63528 0.87287
-0.263484 0.340325 -0 0.653279 0.82223
-0.273141 0.315343 -0 0.641773 0.815831
-0.273141 0.315343 -0 0.641773 0.815831
-0.263484 0.340325 -0 0.653279 0.82223
-0.318666 0.367901 -0 0.655231 0.768367
-0.263484 0.340325 -0 0.653279 0.82223
-0.307397 0.397045 -0 0.66776 0.775498
-0.318666 0.367901 -0 0.655231 0.768367
-0.318666 0.367901 -0 0.655231 0.768367
-0.307397 0.397045 -0 0.66776 0.775498
-0.364189 0.420457 -0 0.665933 0.725533
-0.307397 0.397045 -0 0.66776 0.775498
-0.351313 0.453766 -0 0.679291 0.733268
-0.364189 0.420457 -0 0.665933 0.725533
-0.227619 0.262786 -0 0.625029 0.867328
-0.273141 0.315343 -0 0.641773 0.815831
-0.282051 0.289497 -0 0.629815 0.80986
-0.282051 0.289497 -0 0.629815 0.80986
-0.273141 0.315343 -0 0.641773 0.815831
-0.329061 0.337747 -0 0.642214 0.761705
-0.273141 0.315343 -0 0.641773 0.815831
-0.318666 0.367901 -0 0.655231 0.768367
-0.329061 0.337747 -0 0.642214 0.761705
-0.329061 0.337747 -0 0.642214 0.761705
-0.318666 0.367901 -0 0.655231 0.768367
-0.376068 0.385997 -0 0.652064 0.718305
-0.318666 0.367901 -0 0.655231 0.768367
-0.364189 0.420457 -0 0.665933 0.725533
-0.376068 0.385997 -0 0.652064 0.718305
-0.290188 0.262858 -0 0.617433 0.804331
-0.282051 0.289497 -0 0.629815 0.80986
-0.338552 0.306668 -0 0.628742 0.755533
-0.282051 0.289497 -0 0.629815 0.80986
-0.329061 0.337747 -0 0.642214 0.761705
-0.338552 0.306668 -0 0.628742 0.755533
-0.338552 0.306668 -0 0.628742 0.755533
-0.329061 0.337747 -0 0.642214 0.761705
-0.386916 0.350478 -0 0.63772 0.711606
-0.329061 0.337747 -0 0.642214 0.761705
-0.376068 0.385997 -0 0.652064 0.718305
-0.386916 0.350478 -0 0.63772 0.711606
-0.290188 0.262858 -0 0.617433 0.804331
-0.338552 0.306668 -0 0.628742 0.755533
-0.347115 0.274748 -0 0.61485 0.749868
-0.347115 0.274748 -0 0.61485 0.749868
-0.338552 0.306668 -0 0.628742 0.755533
-0.396703 0.313998 -0 0.622937 0.705456
-0.338552 0.306668 -0 0.628742 0.755533
-0.386916 0.350478 -0 0.63772 0.711606
-0.396703 0.313998 -0 0.622937 0.705456
-0.347115 0.274748 -0 0.61485 0.749868
-0.396703 0.313998 -0 0.622937 0.705456
-0.405404 0.276658 -0 0.607756 0.699875
-0.354728 -0.242075 -0 0.385156 0.733881
-0.361369 -0.208739 -0 0.400071 0.730733
-0.405404 -0.276658 -0 0.378867 0.687631
-0.361369 -0.208739 -0 0.400071 0.730733
-0.412993 -0.238559 -0 0.394725 0.684272
-0.405404 -0.276658 -0 0.378867 0.687631
-0.297527 -0.235498 -0 0.379908 0.788834
-0.304054 -0.207493 -0 0.39333 0.785428
-0.347115 -0.274748 -0 0.370551 0.737621
-0.304054 -0.207493 -0 0.39333 0.785428
-0.354728 -0.242075 -0 0.385156 0.733881
-0.347115 -0.274748 -0 0.370551 0.737621
-0.347115 -0.274748 -0 0.370551 0.737621
-0.354728 -0.242075 -0 0.385156 0.733881
-0.396703 -0.313998 -0 0.36333 0.691631
-0.354728 -0.242075 -0 0.385156 0.733881
-0.405404 -0.276658 -0 0.378867 0.687631
-0.396703 -0.313998 -0 0.36333 0.691631
-0.241823 -0.219049 -0 0.380218 0.848048
-0.24794 -0.196249 -0 0.391859 0.844602
-0.290188 -0.262858 -0 0.366817 0.792762
-0.24794 -0.196249 -0 0.391859 0.844602
-0.297527 -0.235498 -0 0.379908 0.788834
-0.290188 -0.262858 -0 0.366817 0.792762
-0.290188 -0.262858 -0 0.366817 0.792762
-0.297527 -0.235498 -0 0.379908 0.788834
-0.338552 -0.306668 -0 0.356298 0.741944
-0.297527 -0.235498 -0 0.379908 0.788834
-0.347115 -0.274748 -0 0.370551 0.737621
-0.338552 -0.306668 -0 0.356298 0.741944
-0.338552 -0.306668 -0 0.356298 0.741944
-0.347115 -0.274748 -0 0.370551 0.737621
-0.386916 -0.350478 -0 0.348159 0.696263
-0.347115 -0.274748 -0 0.370551 0.737621
-0.396703 -0.313998 -0 0.36333 0.691631
-0.386916 -0.350478 -0 0.348159 0.696263
-0.235043 -0.241248 -0 0.368907 0.85194
-0.241823 -0.219049 -0 0.380218 0.848048
-0.282051 -0.289497 -0 0.354094 0.797202
-0.241823 -0.219049 -0 0.380218 0.848048
-0.290188 -0.262858 -0 0.366817 0.792762
-0.282051 -0.289497 -0 0.354094 0.797202
-0.282051 -0.289497 -0 0.354094 0.797202
-0.290188 -0.262858 -0 0.366817 0.792762
-0.329061 -0.337747 -0 0.342439 0.746836
-0.290188 -0.262858 -0 0.366817 0.792762
-0.338552 -0.306668 -0 0.356298 0.741944
-0.329061 -0.337747 -0 0.342439 0.746836
-0.182095 -0.210229 -0 0.37801 0.913163
-0.188034 -0.192998 -0 0.387295 0.909531
-0.227619 -0.262786 -0 0.357959 0.856269
-0.188034 -0.192998 -0 0.387295 0.909531
-0.235043 -0.241248 -0 0.368907 0.85194
-0.227619 -0.262786 -0 0.357959 0.856269
-0.227619 -0.262786 -0 0.357959 0.856269
-0.235043 -0.241248 -0 0.368907 0.85194
-0.273141 -0.315343 -0 0.341777 0.802142
-0.235043 -0.241248 -0 0.368907 0.85194
-0.282051 -0.289497 -0 0.354094 0.797202
-0.273141 -0.315343 -0 0.341777 0.802142
-0.273141 -0.315343 -0 0.341777 0.802142
-0.282051 -0.289497 -0 0.354094 0.797202
-0.318666 -0.367901 -0 0.329016 0.752285
-0.282051 -0.289497 -0 0.354094 0.797202
-0.329061 -0.337747 -0 0.342439 0.746836
-0.318666 -0.367901 -0 0.329016 0.752285
-0.175656 -0.226883 -0 0.369055 0.917157
-0.182095 -0.210229 -0 0.37801 0.913163
-0.21957 -0.283604 -0 0.347404 0.861028
-0.182095 -0.210229 -0 0.37801 0.913163
-0.227619 -0.262786 -0 0.357959 0.856269
-0.21957 -0.283604 -0 0.347404 0.861028
-0.21957 -0.283604 -0 0.347404 0.861028
-0.227619 -0.262786 -0 0.357959 0.856269
-0.263484 -0.340325 -0 0.329901 0.807572
-0.227619 -0.262786 -0 0.357959 0.856269
-0.273141 -0.315343 -0 0.341777 0.802142
-0.263484 -0.340325 -0 0.329901 0.807572
-0.263484 -0.340325 -0 0.329901 0.807572
-0.273141 -0.315343 -0 0.341777 0.802142
-0.307397 -0.397045 -0 0.316066 0.758276
-0.273141 -0.315343 -0 0.341777 0.802142
-0.318666 -0.367901 -0 0.329016 0.752285
-0.307397 -0.397045 -0 0.316066 0.758276
-0.122147 -0.121458 -0 0.421359 0.990932
-0.122147 -0.113442 -0 0.425884 0.991932
-0.126552 -0.182187 -0 0.388184 0.977069
-0.168736 -0.242915 -0 0.360454 0.921507
-0.175656 -0.226883 -0 0.369055 0.917157
-0.21092 -0.303644 -0 0.337269 0.866209
-0.175656 -0.226883 -0 0.369055 0.917157
-0.21957 -0.283604 -0 0.347404 0.861028
-0.21092 -0.303644 -0 0.337269 0.866209
-0.21092 -0.303644 -0 0.337269 0.866209
-0.21957 -0.283604 -0 0.347404 0.861028
-0.253104 -0.364373 -0 0.318496 0.813481
-0.21957 -0.283604 -0 0.347404 0.861028
-0.263484 -0.340325 -0 0.329901 0.807572
-0.253104 -0.364373 -0 0.318496 0.813481
-0.253104 -0.364373 -0 0.318496 0.813481
-0.263484 -0.340325 -0 0.329901 0.807572
-0.295287 -0.425102 -0 0.303624 0.764795
-0.263484 -0.340325 -0 0.329901 0.807572
-0.307397 -0.397045 -0 0.316066 0.758276
-0.295287 -0.425102 -0 0.303624 0.764795
-0.122147 -0.129141 -0 0.417043 0.989923
-0.122147 -0.121458 -0 0.421359 0.990932
-0.122147 -0.193711 -0 0.381761 0.979607
-0.122147 -0.121458 -0 0.421359 0.990932
-0.126552 -0.182187 -0 0.388184 0.977069
-0.122147 -0.193711 -0 0.381761 0.979607
-0.122147 -0.193711 -0 0.381761 0.979607
-0.126552 -0.182187 -0 0.388184 0.977069
-0.161354 -0.258282 -0 0.352229 0.926206
-0.126552 -0.182187 -0 0.388184 0.977069
-0.168736 -0.242915 -0 0.360454 0.921507
-0.161354 -0.258282 -0 0.352229 0.926206
-0.161354 -0.258282 -0 0.352229 0.926206
-0.168736 -0.242915 -0 0.360454 0.921507
-0.201692 -0.322853 -0 0.327579 0.871802
-0.168736 -0.242915 -0 0.360454 0.921507
-0.21092 -0.303644 -0 0.337269 0.866209
-0.201692 -0.322853 -0 0.327579 0.871802
-0.201692 -0.322853 -0 0.327579 0.871802
-0.21092 -0.303644 -0 0.337269 0.866209
-0.242031 -0.387423 -0 0.30759 0.819857
-0.21092 -0.303644 -0 0.337269 0.866209
-0.253104 -0.364373 -0 0.318496 0.813481
-0.242031 -0.387423 -0 0.30759 0.819857
-0.242031 -0.387423 -0 0.30759 0.819857
-0.253104 -0.364373 -0 0.318496 0.813481
-0.282369 -0.451994 -0 0.29172 0.77183
-0.253104 -0.364373 -0 0.318496 0.813481
-0.295287 -0.425102 -0 0.303624 0.764795
-0.282369 -0.451994 -0 0.29172 0.77183
-0.122147 -0.136471 -0 0.412947 0.988915
-0.122147 -0.129141 -0 0.417043 0.989923
-0.122147 -0.204706 -0 0.375956 0.977549
-0.122147 -0.129141 -0 0.417043 0.989923
-0.122147 -0.193711 -0 0.381761 0.979607
-0.122147 -0.204706 -0 0.375956 0.977549
-0.122147 -0.204706 -0 0.375956 0.977549
-0.122147 -0.193711 -0 0.381761 0.979607
-0.153529 -0.272941 -0 0.344399 0.931249
-0.122147 -0.193711 -0 0.381761 0.979607
-0.161354 -0.258282 -0 0.352229 0.926206
-0.153529 -0.272941 -0 0.344399 0.931249
-0.153529 -0.272941 -0 0.344399 0.931249
-0.161354 -0.258282 -0 0.352229 0.926206
-0.191912 -0.341176 -0 0.318358 0.8778
-0.161354 -0.258282 -0 0.352229 0.926206
-0.201692 -0.322853 -0 0.327579 0.871802
-0.191912 -0.341176 -0 0.318358 0.8778
-0.191912 -0.341176 -0 0.318358 0.8778
-0.201692 -0.322853 -0 0.327579 0.871802
-0.230294 -0.409411 -0 0.297208 0.826692
-0.201692 -0.322853 -0 0.327579 0.871802
-0.242031 -0.387423 -0 0.30759 0.819857
-0.230294 -0.409411 -0 0.297208 0.826692
-0.230294 -0.409411 -0 0.297208 0.826692
-0.242031 -0.387423 -0 0.30759 0.819857
-0.268676 -0.477647 -0 0.28038 0.779367
-0.242031 -0.387423 -0 0.30759 0.819857
-0.282369 -0.451994 -0 0.29172 0.77183
-0.268676 -0.477647 -0 0.28038 0.779367
-0.122147 -0.143426 -0 0.40908 0.987918
-0.122147 -0.136471 -0 0.412947 0.988915
-0.122147 -0.215139 -0 0.370508 0.975523
-0.122147 -0.136471 -0 0.412947 0.988915
-0.122147 -0.204706 -0 0.375956 0.977549
-0.122147 -0.215139 -0 0.370508 0.975523
-0.122147 -0.215139 -0 0.370508 0.975523
-0.122147 -0.204706 -0 0.375956 0.977549
-0.145284 -0.286851 -0 0.336982 0.936628
-0.122147 -0.204706 -0 0.375956 0.977549
-0.153529 -0.272941 -0 0.344399 0.931249
-0.145284 -0.286851 -0 0.336982 0.936628
-0.145284 -0.286851 -0 0.336982 0.936628
-0.153529 -0.272941 -0 0.344399 0.931249
-0.181605 -0.358564 -0 0.309623 0.884196
-0.153529 -0.272941 -0 0.344399 0.931249
-0.191912 -0.341176 -0 0.318358 0.8778
-0.181605 -0.358564 -0 0.309623 0.884196
-0.181605 -0.358564 -0 0.309623 0.884196
-0.191912 -0.341176 -0 0.318358 0.8778
-0.217926 -0.430277 -0 0.287371 0.833974
-0.191912 -0.341176 -0 0.318358 0.8778
-0.230294 -0.409411 -0 0.297208 0.826692
-0.217926 -0.430277 -0 0.287371 0.833974
-0.217926 -0.430277 -0 0.287371 0.833974
-0.230294 -0.409411 -0 0.297208 0.826692
-0.254247 -0.501989 -0 0.269627 0.787396
-0.230294 -0.409411 -0 0.297208 0.826692
-0.268676 -0.477647 -0 0.28038 0.779367
-0.254247 -0.501989 -0 0.269627 0.787396
-0.122147 -0.149988 -0 0.405449 0.986942
-0.122147 -0.143426 -0 0.40908 0.987918
-0.122147 -0.224982 -0 0.365424 0.973549
-0.122147 -0.143426 -0 0.40908 0.987918
-0.122147 -0.215139 -0 0.370508 0.975523
-0.122147 -0.224982 -0 0.365424 0.973549
-0.122147 -0.224982 -0 0.365424 0.973549
-0.122147 -0.215139 -0 0.370508 0.975523
-0.13664 -0.299976 -0 0.329994 0.942339
-0.122147 -0.215139 -0 0.370508 0.975523
-0.145284 -0.286851 -0 0.336982 0.936628
-0.13664 -0.299976 -0 0.329994 0.942339
-0.13664 -0.299976 -0 0.329994 0.942339
-0.145284 -0.286851 -0 0.336982 0.936628
-0.1708 -0.37497 -0 0.301392 0.890982
-0.145284 -0.286851 -0 0.336982 0.936628
-0.181605 -0.358564 -0 0.309623 0.884196
-0.1708 -0.37497 -0 0.301392 0.890982
-0.1708 -0.37497 -0 0.301392 0.890982
-0.181605 -0.358564 -0 0.309623 0.884196
-0.20496 -0.449963 -0 0.278096 0.841697
-0.181605 -0.358564 -0 0.309623 0.884196
-0.217926 -0.430277 -0 0.287371 0.833974
-0.20496 -0.449963 -0 0.278096 0.841697
-0.20496 -0.449963 -0 0.278096 0.841697
-0.217926 -0.430277 -0 0.287371 0.833974
-0.23912 -0.524955 -0 0.259478 0.795906
-0.217926 -0.430277 -0 0.287371 0.833974
-0.254247 -0.501989 -0 0.269627 0.787396
-0.23912 -0.524955 -0 0.259478 0.795906
-0.122147 -0.156139 -0 0.402063 0.985996
-0.122147 -0.149988 -0 0.405449 0.986942
-0.122147 -0.234208 -0 0.36071 0.971645
-0.122147 -0.149988 -0 0.405449 0.986942
-0.122147 -0.224982 -0 0.365424 0.973549
-0.122147 -0.234208 -0 0.36071 0.971645
-0.122147 -0.234208 -0 0.36071 0.971645
-0.122147 -0.224982 -0 0.365424 0.973549
-0.127622 -0.312278 -0 0.323448 0.948373
-0.122147 -0.224982 -0 0.365424 0.973549
-0.13664 -0.299976 -0 0.329994 0.942339
-0.127622 -0.312278 -0 0.323448 0.948373
-0.127622 -0.312278 -0 0.323448 0.948373
-0.13664 -0.299976 -0 0.329994 0.942339
-0.159527 -0.390347 -0 0.29368 0.898151
-0.13664 -0.299976 -0 0.329994 0.942339
-0.1708 -0.37497 -0 0.301392 0.890982
-0.159527 -0.390347 -0 0.29368 0.898151
-0.159527 -0.390347 -0 0.29368 0.898151
-0.1708 -0.37497 -0 0.301392 0.890982
-0.191433 -0.468417 -0 0.269397 0.849852
-0.1708 -0.37497 -0 0.301392 0.890982
-0.20496 -0.449963 -0 0.278096 0.841697
-0.191433 -0.468417 -0 0.269397 0.849852
-0.191433 -0.468417 -0 0.269397 0.849852
-0.20496 -0.449963 -0 0.278096 0.841697
-0.223338 -0.546484 -0 0.249948 0.80489
-0.20496 -0.449963 -0 0.278096 0.841697
-0.23912 -0.524955 -0 0.259478 0.795906
-0.223338 -0.546484 -0 0.249948 0.80489
-0.122147 -0.161862 -0 0.398927 0.98509
-0.122147 -0.156139 -0 0.402063 0.985996
-0.122147 -0.242793 -0 0.356369 0.96983
-0.122147 -0.156139 -0 0.402063 0.985996
-0.122147 -0.234208 -0 0.36071 0.971645
-0.122147 -0.242793 -0 0.356369 0.96983
-0.122147 -0.242793 -0 0.356369 0.96983
-0.122147 -0.234208 -0 0.36071 0.971645
-0.122147 -0.323724 -0 0.317724 0.950927
-0.122147 -0.234208 -0 0.36071 0.971645
-0.127622 -0.312278 -0 0.323448 0.948373
-0.122147 -0.323724 -0 0.317724 0.950927
-0.122147 -0.323724 -0 0.317724 0.950927
-0.127622 -0.312278 -0 0.323448 0.948373
-0.147817 -0.404655 -0 0.286498 0.905698
-0.127622 -0.312278 -0 0.323448 0.948373
-0.159527 -0.390347 -0 0.29368 0.898151
-0.147817 -0.404655 -0 0.286498 0.905698
-0.147817 -0.404655 -0 0.286498 0.905698
-0.159527 -0.390347 -0 0.29368 0.898151
-0.177381 -0.485584 -0 0.261287 0.858432
-0.159527 -0.390347 -0 0.29368 0.898151
-0.191433 -0.468417 -0 0.269397 0.849852
-0.177381 -0.485584 -0 0.261287 0.858432
-0.177381 -0.485584 -0 0.261287 0.858432
-0.191433 -0.468417 -0 0.269397 0.849852
-0.206944 -0.566518 -0 0.241047 0.814339
-0.191433 -0.468417 -0 0.269397 0.849852
-0.223338 -0.546484 -0 0.249948 0.80489
-0.206944 -0.566518 -0 0.241047 0.814339
-0.122147 -0.167141 -0 0.396048 0.984233
-0.122147 -0.161862 -0 0.398927 0.98509
-0.122147 -0.250712 -0 0.352404 0.968119
-0.122147 -0.161862 -0 0.398927 0.98509
-0.122147 -0.242793 -0 0.356369 0.96983
-0.122147 -0.250712 -0 0.352404 0.968119
-0.122147 -0.250712 -0 0.352404 0.968119
-0.122147 -0.242793 -0 0.356369 0.96983
-0.122147 -0.334283 -0 0.313 0.948264
-0.122147 -0.242793 -0 0.356369 0.96983
-0.122147 -0.323724 -0 0.317724 0.950927
-0.122147 -0.334283 -0 0.313 0.948264
-0.122147 -0.334283 -0 0.313 0.948264
-0.122147 -0.323724 -0 0.317724 0.950927
-0.135702 -0.417853 -0 0.279857 0.913614
-0.122147 -0.323724 -0 0.317724 0.950927
-0.147817 -0.404655 -0 0.286498 0.905698
-0.135702 -0.417853 -0 0.279857 0.913614
-0.135702 -0.417853 -0 0.279857 0.913614
-0.147817 -0.404655 -0 0.286498 0.905698
-0.162842 -0.501424 -0 0.253773 0.867432
-0.147817 -0.404655 -0 0.286498 0.905698
-0.177381 -0.485584 -0 0.261287 0.858432
-0.162842 -0.501424 -0 0.253773 0.867432
-0.162842 -0.501424 -0 0.253773 0.867432
-0.177381 -0.485584 -0 0.261287 0.858432
-0.189983 -0.584997 -0 0.232782 0.824248
-0.177381 -0.485584 -0 0.261287 0.858432
-0.206944 -0.566518 -0 0.241047 0.814339
-0.189983 -0.584997 -0 0.232782 0.824248
-0.189983 -0.584997 -0 0.232782 0.824248
-0.206944 -0.566518 -0 0.241047 0.814339
-0.217123 -0.668565 -0 0.21604 0.784758
-0.122147 -0.171963 -0 0.393429 0.983431
-0.122147 -0.167141 -0 0.396048 0.984233
-0.122147 -0.257944 -0 0.348816 0.966526
-0.122147 -0.167141 -0 0.396048 0.984233
-0.122147 -0.250712 -0 0.352404 0.968119
-0.122147 -0.257944 -0 0.348816 0.966526
-0.122147 -0.257944 -0 0.348816 0.966526
-0.122147 -0.250712 -0 0.352404 0.968119
-0.122147 -0.343925 -0 0.308751 0.945802
-0.122147 -0.250712 -0 0.352404 0.968119
-0.122147 -0.334283 -0 0.313 0.948264
-0.122147 -0.343925 -0 0.308751 0.945802
-0.122147 -0.343925 -0 0.308751 0.945802
-0.122147 -0.334283 -0 0.313 0.948264
-0.123215 -0.429907 -0 0.273766 0.921893
-0.122147 -0.334283 -0 0.313 0.948264
-0.135702 -0.417853 -0 0.279857 0.913614
-0.123215 -0.429907 -0 0.273766 0.921893
-0.123215 -0.429907 -0 0.273766 0.921893
-0.135702 -0.417853 -0 0.279857 0.913614
-0.147858 -0.515889 -0 0.246862 0.876844
-0.135702 -0.417853 -0 0.279857 0.913614
-0.162842 -0.501424 -0 0.253773 0.867432
-0.147858 -0.515889 -0 0.246862 0.876844
-0.147858 -0.515889 -0 0.246862 0.876844
-0.162842 -0.501424 -0 0.253773 0.867432
-0.172501 -0.60187 -0 0.225159 0.83461
-0.162842 -0.501424 -0 0.253773 0.867432
-0.189983 -0.584997 -0 0.232782 0.824248
-0.172501 -0.60187 -0 0.225159 0.83461
-0.172501 -0.60187 -0 0.225159 0.83461
-0.189983 -0.584997 -0 0.232782 0.824248
-0.197144 -0.687851 -0 0.207796 0.795898
-0.189983 -0.584997 -0 0.232782 0.824248
-0.217123 -0.668565 -0 0.21604 0.784758
-0.197144 -0.687851 -0 0.207796 0.795898
-0.122147 -0.176313 -0 0.391077 0.982693
-0.122147 -0.171963 -0 0.393429 0.983431
-0.122147 -0.264469 -0 0.345607 0.965067
-0.122147 -0.171963 -0 0.393429 0.983431
-0.122147 -0.257944 -0 0.348816 0.966526
-0.122147 -0.264469 -0 0.345607 0.965067
-0.122147 -0.264469 -0 0.345607 0.965067
-0.122147 -0.257944 -0 0.348816 0.966526
-0.122147 -0.352625 -0 0.304971 0.943556
-0.122147 -0.257944 -0 0.348816 0.966526
-0.122147 -0.343925 -0 0.308751 0.945802
-0.122147 -0.352625 -0 0.304971 0.943556
-0.122147 -0.352625 -0 0.304971 0.943556
-0.122147 -0.343925 -0 0.308751 0.945802
-0.122147 -0.440782 -0 0.269555 0.919886
-0.122147 -0.343925 -0 0.308751 0.945802
-0.123215 -0.429907 -0 0.273766 0.921893
-0.122147 -0.440782 -0 0.269555 0.919886
-0.122147 -0.440782 -0 0.269555 0.919886
-0.123215 -0.429907 -0 0.273766 0.921893
-0.132468 -0.528936 -0 0.240561 0.886663
-0.123215 -0.429907 -0 0.273766 0.921893
-0.147858 -0.515889 -0 0.246862 0.876844
-0.132468 -0.528936 -0 0.240561 0.886663
-0.132468 -0.528936 -0 0.240561 0.886663
-0.147858 -0.515889 -0 0.246862 0.876844
-0.154546 -0.617093 -0 0.218182 0.845421
-0.147858 -0.515889 -0 0.246862 0.876844
-0.172501 -0.60187 -0 0.225159 0.83461
-0.154546 -0.617093 -0 0.218182 0.845421
-0.154546 -0.617093 -0 0.218182 0.845421
-0.172501 -0.60187 -0 0.225159 0.83461
-0.176624 -0.70525 -0 0.20022 0.807521
-0.172501 -0.60187 -0 0.225159 0.83461
-0.197144 -0.687851 -0 0.207796 0.795898
-0.176624 -0.70525 -0 0.20022 0.807521
-0.122147 -0.180179 -0 0.388993 0.982026
-0.122147 -0.176313 -0 0.391077 0.982693
-0.122147 -0.270269 -0 0.342778 0.963751
-0.122147 -0.176313 -0 0.391077 0.982693
-0.122147 -0.264469 -0 0.345607 0.965067
-0.122147 -0.270269 -0 0.342778 0.963751
-0.122147 -0.270269 -0 0.342778 0.963751
-0.122147 -0.264469 -0 0.345607 0.965067
-0.122147 -0.360359 -0 0.301655 0.941543
-0.122147 -0.264469 -0 0.345607 0.965067
-0.122147 -0.352625 -0 0.304971 0.943556
-0.122147 -0.360359 -0 0.301655 0.941543
-0.122147 -0.360359 -0 0.301655 0.941543
-0.122147 -0.352625 -0 0.304971 0.943556
-0.122147 -0.450448 -0 0.265986 0.917224
-0.122147 -0.352625 -0 0.304971 0.943556
-0.122147 -0.440782 -0 0.269555 0.919886
-0.122147 -0.450448 -0 0.265986 0.917224
-0.122147 -0.450448 -0 0.265986 0.917224
-0.122147 -0.440782 -0 0.269555 0.919886
-0.122147 -0.54054 -0 0.235567 0.892288
-0.122147 -0.440782 -0 0.269555 0.919886
-0.132468 -0.528936 -0 0.240561 0.886663
-0.122147 -0.54054 -0 0.235567 0.892288
-0.122147 -0.54054 -0 0.235567 0.892288
-0.132468 -0.528936 -0 0.240561 0.886663
-0.136167 -0.630627 -0 0.211853 0.856676
-0.132468 -0.528936 -0 0.240561 0.886663
-0.154546 -0.617093 -0 0.218182 0.845421
-0.136167 -0.630627 -0 0.211853 0.856676
-0.136167 -0.630627 -0 0.211853 0.856676
-0.154546 -0.617093 -0 0.218182 0.845421
-0.15562 -0.720718 -0 0.193315 0.819624
-0.154546 -0.617093 -0 0.218182 0.845421
-0.176624 -0.70525 -0 0.20022 0.807521
-0.15562 -0.720718 -0 0.193315 0.819624
-0.122147 -0.183552 -0 0.387182 0.981435
-0.122147 -0.180179 -0 0.388993 0.982026
-0.122147 -0.275328 -0 0.340327 0.96259
-0.122147 -0.180179 -0 0.388993 0.982026
-0.122147 -0.270269 -0 0.342778 0.963751
-0.122147 -0.275328 -0 0.340327 0.96259
-0.122147 -0.275328 -0 0.340327 0.96259
-0.122147 -0.270269 -0 0.342778 0.963751
-0.122147 -0.367104 -0 0.298795 0.939774
-0.122147 -0.270269 -0 0.342778 0.963751
-0.122147 -0.360359 -0 0.301655 0.941543
-0.122147 -0.367104 -0 0.298795 0.939774
-0.122147 -0.367104 -0 0.298795 0.939774
-0.122147 -0.360359 -0 0.301655 0.941543
-0.122147 -0.458881 -0 0.262923 0.914897
-0.122147 -0.360359 -0 0.301655 0.941543
-0.122147 -0.450448 -0 0.265986 0.917224
-0.122147 -0.458881 -0 0.262923 0.914897
-0.122147 -0.458881 -0 0.262923 0.914897
-0.122147 -0.450448 -0 0.265986 0.917224
-0.122147 -0.550658 -0 0.232457 0.8895
-0.122147 -0.450448 -0 0.265986 0.917224
-0.122147 -0.54054 -0 0.235567 0.892288
-0.122147 -0.550658 -0 0.232457 0.8895
-0.122147 -0.550658 -0 0.232457 0.8895
-0.122147 -0.54054 -0 0.235567 0.892288
-0.122147 -0.642433 -0 0.20682 0.864658
-0.122147 -0.54054 -0 0.235567 0.892288
-0.136167 -0.630627 -0 0.211853 0.856676
-0.122147 -0.642433 -0 0.20682 0.864658
-0.122147 -0.642433 -0 0.20682 0.864658
-0.136167 -0.630627 -0 0.211853 0.856676
-0.134189 -0.734209 -0 0.18708 0.832203
-0.136167 -0.630627 -0 0.211853 0.856676
-0.15562 -0.720718 -0 0.193315 0.819624
-0.134189 -0.734209 -0 0.18708 0.832203
-0.122147 -0.186422 -0 0.385645 0.980926
-0.122147 -0.183552 -0 0.387182 0.981435
-0.122147 -0.279633 -0 0.338254 0.961593
-0.122147 -0.183552 -0 0.387182 0.981435
-0.122147 -0.275328 -0 0.340327 0.96259
-0.122147 -0.279633 -0 0.338254 0.961593
-0.122147 -0.279633 -0 0.338254 0.961593
-0.122147 -0.275328 -0 0.340327 0.96259
-0.122147 -0.372844 -0 0.296386 0.938261
-0.122147 -0.275328 -0 0.340327 0.96259
-0.122147 -0.367104 -0 0.298795 0.939774
-0.122147 -0.372844 -0 0.296386 0.938261
-0.122147 -0.372844 -0 0.296386 0.938261
-0.122147 -0.367104 -0 0.298795 0.939774
-0.122147 -0.466055 -0 0.260352 0.912913
-0.122147 -0.367104 -0 0.298795 0.939774
-0.122147 -0.458881 -0 0.262923 0.914897
-0.122147 -0.466055 -0 0.260352 0.912913
-0.122147 -0.466055 -0 0.260352 0.912913
-0.122147 -0.458881 -0 0.262923 0.914897
-0.122147 -0.559266 -0 0.229857 0.887133
-0.122147 -0.458881 -0 0.262923 0.914897
-0.122147 -0.550658 -0 0.232457 0.8895
-0.122147 -0.559266 -0 0.229857 0.887133
-0.122147 -0.559266 -0 0.229857 0.887133
-0.122147 -0.550658 -0 0.232457 0.8895
-0.122147 -0.652479 -0 0.204278 0.862005
-0.122147 -0.550658 -0 0.232457 0.8895
-0.122147 -0.642433 -0 0.20682 0.864658
-0.122147 -0.652479 -0 0.204278 0.862005
-0.122147 -0.652479 -0 0.204278 0.862005
-0.122147 -0.642433 -0 0.20682 0.864658
-0.122147 -0.745688 -0 0.182889 0.838176
-0.122147 -0.642433 -0 0.20682 0.864658
-0.134189 -0.734209 -0 0.18708 0.832203
-0.122147 -0.745688 -0 0.182889 0.838176
-0.122147 -0.745688 -0 0.182889 0.838176
-0.134189 -0.734209 -0 0.18708 0.832203
-0.12644 -0.838901 -0 0.165615 0.813065
-0.122147 -0.188781 -0 0.384386 0.980503
-0.122147 -0.186422 -0 0.385645 0.980926
-0.122147 -0.283171 -0 0.33656 0.960767
-0.122147 -0.186422 -0 0.385645 0.980926
-0.122147 -0.279633 -0 0.338254 0.961593
-0.122147 -0.283171 -0 0.33656 0.960767
-0.122147 -0.283171 -0 0.33656 0.960767
-0.122147 -0.279633 -0 0.338254 0.961593
-0.122147 -0.377562 -0 0.294422 0.937011
-0.122147 -0.279633 -0 0.338254 0.961593
-0.122147 -0.372844 -0 0.296386 0.938261
-0.122147 -0.377562 -0 0.294422 0.937011
-0.122147 -0.377562 -0 0.294422 0.937011
-0.122147 -0.372844 -0 0.296386 0.938261
-0.122147 -0.471952 -0 0.258264 0.911281
-0.122147 -0.372844 -0 0.296386 0.938261
-0.122147 -0.466055 -0 0.260352 0.912913
-0.122147 -0.471952 -0 0.258264 0.911281
-0.122147 -0.471952 -0 0.258264 0.911281
-0.122147 -0.466055 -0 0.260352 0.912913
-0.122147 -0.566344 -0 0.227752 0.885192
-0.122147 -0.466055 -0 0.260352 0.912913
-0.122147 -0.559266 -0 0.229857 0.887133
-0.122147 -0.566344 -0 0.227752 0.885192
-0.122147 -0.566344 -0 0.227752 0.885192
-0.122147 -0.559266 -0 0.229857 0.887133
-0.122147 -0.660735 -0 0.202226 0.859835
-0.122147 -0.559266 -0 0.229857 0.887133
-0.122147 -0.652479 -0 0.204278 0.862005
-0.122147 -0.660735 -0 0.202226 0.859835
-0.122147 -0.660735 -0 0.202226 0.859835
-0.122147 -0.652479 -0 0.204278 0.862005
-0.122147 -0.755125 -0 0.18093 0.835851
-0.122147 -0.652479 -0 0.204278 0.862005
-0.122147 -0.745688 -0 0.182889 0.838176
-0.122147 -0.755125 -0 0.18093 0.835851
-0.122147 -0.755125 -0 0.18093 0.835851
-0.122147 -0.745688 -0 0.182889 0.838176
-0.122147 -0.849516 -0 0.163139 0.813551
-0.122147 -0.745688 -0 0.182889 0.838176
-0.12644 -0.838901 -0 0.165615 0.813065
-0.122147 -0.849516 -0 0.163139 0.813551
