0.14548 -0.0943906 -0 0.582966 0.995642
0.14548 -0.188781 -0 0.635512 0.98315
0.14548 -0.186422 -0 0.63425 0.983548
0.189983 -0.584997 -0 0.787321 0.844694
0.172501 -0.60187 -0 0.795832 0.856871
0.217123 -0.668565 -0 0.802363 0.80272
0.172501 -0.60187 -0 0.795832 0.856871
0.197144 -0.687851 -0 0.811705 0.815613
0.217123 -0.668565 -0 0.802363 0.80272
0.177381 -0.485584 -0 0.759673 0.880391
0.162842 -0.501424 -0 0.767852 0.891164
0.206944 -0.566518 -0 0.778175 0.833011
0.162842 -0.501424 -0 0.767852 0.891164
0.189983 -0.584997 -0 0.787321 0.844694
0.206944 -0.566518 -0 0.778175 0.833011
0.206944 -0.566518 -0 0.778175 0.833011
0.189983 -0.584997 -0 0.787321 0.844694
0.236507 -0.647447 -0 0.792369 0.79037
0.189983 -0.584997 -0 0.787321 0.844694
0.217123 -0.668565 -0 0.802363 0.80272
0.236507 -0.647447 -0 0.792369 0.79037
0.191433 -0.468417 -0 0.75091 0.870066
0.177381 -0.485584 -0 0.759673 0.880391
0.223338 -0.546484 -0 0.768416 0.821829
0.177381 -0.485584 -0 0.759673 0.880391
0.206944 -0.566518 -0 0.778175 0.833011
0.223338 -0.546484 -0 0.768416 0.821829
0.223338 -0.546484 -0 0.768416 0.821829
0.206944 -0.566518 -0 0.778175 0.833011
0.255243 -0.624557 -0 0.781747 0.778571
0.206944 -0.566518 -0 0.778175 0.833011
0.236507 -0.647447 -0 0.792369 0.79037
0.255243 -0.624557 -0 0.781747 0.778571
0.1708 -0.37497 -0 0.720007 0.913929
0.159527 -0.390347 -0 0.728153 0.922726
0.20496 -0.449963 -0 0.741586 0.860199
0.159527 -0.390347 -0 0.728153 0.922726
0.191433 -0.468417 -0 0.75091 0.870066
0.20496 -0.449963 -0 0.741586 0.860199
0.20496 -0.449963 -0 0.741586 0.860199
0.191433 -0.468417 -0 0.75091 0.870066
0.23912 -0.524955 -0 0.75807 0.811158
0.191433 -0.468417 -0 0.75091 0.870066
0.223338 -0.546484 -0 0.768416 0.821829
0.23912 -0.524955 -0 0.75807 0.811158
0.23912 -0.524955 -0 0.75807 0.811158
0.223338 -0.546484 -0 0.768416 0.821829
0.273279 -0.59995 -0 0.770526 0.767331
0.223338 -0.546484 -0 0.768416 0.821829
0.255243 -0.624557 -0 0.781747 0.778571
0.273279 -0.59995 -0 0.770526 0.767331
0.181605 -0.358564 -0 0.711363 0.905544
0.1708 -0.37497 -0 0.720007 0.913929
0.217926 -0.430277 -0 0.731725 0.8508
0.1708 -0.37497 -0 0.720007 0.913929
0.20496 -0.449963 -0 0.741586 0.860199
0.217926 -0.430277 -0 0.731725 0.8508
0.217926 -0.430277 -0 0.731725 0.8508
0.20496 -0.449963 -0 0.741586 0.860199
0.254247 -0.501989 -0 0.747165 0.801008
0.20496 -0.449963 -0 0.741586 0.860199
0.23912 -0.524955 -0 0.75807 0.811158
0.254247 -0.501989 -0 0.747165 0.801008
0.254247 -0.501989 -0 0.747165 0.801008
0.23912 -0.524955 -0 0.75807 0.811158
0.290568 -0.573702 -0 0.75874 0.756663
0.23912 -0.524955 -0 0.75807 0.811158
0.273279 -0.59995 -0 0.770526 0.767331
0.290568 -0.573702 -0 0.75874 0.756663
0.191912 -0.341176 -0 0.702247 0.89758
0.181605 -0.358564 -0 0.711363 0.905544
0.230294 -0.409411 -0 0.721356 0.841881
0.181605 -0.358564 -0 0.711363 0.905544
0.217926 -0.430277 -0 0.731725 0.8508
0.230294 -0.409411 -0 0.721356 0.841881
0.230294 -0.409411 -0 0.721356 0.841881
0.217926 -0.430277 -0 0.731725 0.8508
0.268676 -0.477647 -0 0.735736 0.791392
0.217926 -0.430277 -0 0.731725 0.8508
0.254247 -0.501989 -0 0.747165 0.801008
0.268676 -0.477647 -0 0.735736 0.791392
0.268676 -0.477647 -0 0.735736 0.791392
0.254247 -0.501989 -0 0.747165 0.801008
0.307058 -0.545881 -0 0.746425 0.746579
0.254247 -0.501989 -0 0.747165 0.801008
0.290568 -0.573702 -0 0.75874 0.756663
0.307058 -0.545881 -0 0.746425 0.746579
0.161354 -0.258282 -0 0.669359 0.950645
0.153529 -0.272941 -0 0.677419 0.957027
0.201692 -0.322853 -0 0.692682 0.89005
0.153529 -0.272941 -0 0.677419 0.957027
0.191912 -0.341176 -0 0.702247 0.89758
0.201692 -0.322853 -0 0.692682 0.89005
0.201692 -0.322853 -0 0.692682 0.89005
0.191912 -0.341176 -0 0.702247 0.89758
0.242031 -0.387423 -0 0.71051 0.833454
0.191912 -0.341176 -0 0.702247 0.89758
0.230294 -0.409411 -0 0.721356 0.841881
0.242031 -0.387423 -0 0.71051 0.833454
0.242031 -0.387423 -0 0.71051 0.833454
0.230294 -0.409411 -0 0.721356 0.841881
0.282369 -0.451994 -0 0.723818 0.782324
0.230294 -0.409411 -0 0.721356 0.841881
0.268676 -0.477647 -0 0.735736 0.791392
0.282369 -0.451994 -0 0.723818 0.782324
0.282369 -0.451994 -0 0.723818 0.782324
0.268676 -0.477647 -0 0.735736 0.791392
0.322707 -0.516565 -0 0.733625 0.737092
0.268676 -0.477647 -0 0.735736 0.791392
0.307058 -0.545881 -0 0.746425 0.746579
0.322707 -0.516565 -0 0.733625 0.737092
0.14548 -0.121458 -0 0.598415 0.992817
0.14548 -0.129141 -0 0.602751 0.991899
0.14548 -0.182187 -0 0.631976 0.984251
0.168736 -0.242915 -0 0.660924 0.944643
0.161354 -0.258282 -0 0.669359 0.950645
0.21092 -0.303644 -0 0.682699 0.882967
0.161354 -0.258282 -0 0.669359 0.950645
0.201692 -0.322853 -0 0.692682 0.89005
0.21092 -0.303644 -0 0.682699 0.882967
0.21092 -0.303644 -0 0.682699 0.882967
0.201692 -0.322853 -0 0.692682 0.89005
0.253104 -0.364373 -0 0.699223 0.825535
0.201692 -0.322853 -0 0.692682 0.89005
0.242031 -0.387423 -0 0.71051 0.833454
0.253104 -0.364373 -0 0.699223 0.825535
0.253104 -0.364373 -0 0.699223 0.825535
0.242031 -0.387423 -0 0.71051 0.833454
0.295287 -0.425102 -0 0.711454 0.773819
0.242031 -0.387423 -0 0.71051 0.833454
0.282369 -0.451994 -0 0.723818 0.782324
0.295287 -0.425102 -0 0.711454 0.773819
0.295287 -0.425102 -0 0.711454 0.773819
0.282369 -0.451994 -0 0.723818 0.782324
0.337472 -0.48583 -0 0.720385 0.728219
0.282369 -0.451994 -0 0.723818 0.782324
0.322707 -0.516565 -0 0.733625 0.737092
0.337472 -0.48583 -0 0.720385 0.728219
0.14548 -0.113442 -0 0.593866 0.993721
0.14548 -0.121458 -0 0.598415 0.992817
0.14548 -0.170162 -0 0.62547 0.986176
0.14548 -0.121458 -0 0.598415 0.992817
0.14548 -0.182187 -0 0.631976 0.984251
0.14548 -0.170162 -0 0.62547 0.986176
0.14548 -0.170162 -0 0.62547 0.986176
0.14548 -0.182187 -0 0.631976 0.984251
0.175656 -0.226883 -0 0.652138 0.93903
0.14548 -0.182187 -0 0.631976 0.984251
0.168736 -0.242915 -0 0.660924 0.944643
0.175656 -0.226883 -0 0.652138 0.93903
0.175656 -0.226883 -0 0.652138 0.93903
0.168736 -0.242915 -0 0.660924 0.944643
0.21957 -0.283604 -0 0.672327 0.876342
0.168736 -0.242915 -0 0.660924 0.944643
0.21092 -0.303644 -0 0.682699 0.882967
0.21957 -0.283604 -0 0.672327 0.876342
0.21957 -0.283604 -0 0.672327 0.876342
0.21092 -0.303644 -0 0.682699 0.882967
0.263484 -0.340325 -0 0.687531 0.818138
0.21092 -0.303644 -0 0.682699 0.882967
0.253104 -0.364373 -0 0.699223 0.825535
0.263484 -0.340325 -0 0.687531 0.818138
0.263484 -0.340325 -0 0.687531 0.818138
0.253104 -0.364373 -0 0.699223 0.825535
0.307397 -0.397045 -0 0.698686 0.765894
0.253104 -0.364373 -0 0.699223 0.825535
0.295287 -0.425102 -0 0.711454 0.773819
0.307397 -0.397045 -0 0.698686 0.765894
0.307397 -0.397045 -0 0.698686 0.765894
0.295287 -0.425102 -0 0.711454 0.773819
0.351313 -0.453766 -0 0.706755 0.719976
0.295287 -0.425102 -0 0.711454 0.773819
0.337472 -0.48583 -0 0.720385 0.728219
0.351313 -0.453766 -0 0.706755 0.719976
0.14548 -0.105115 -0 0.589117 0.9946
0.14548 -0.113442 -0 0.593866 0.993721
0.14548 -0.157671 -0 0.618635 0.988061
0.14548 -0.113442 -0 0.593866 0.993721
0.14548 -0.170162 -0 0.62547 0.986176
0.14548 -0.157671 -0 0.618635 0.988061
0.14548 -0.157671 -0 0.618635 0.988061
0.14548 -0.170162 -0 0.62547 0.986176
0.182095 -0.210229 -0 0.643026 0.933819
0.14548 -0.170162 -0 0.62547 0.986176
0.175656 -0.226883 -0 0.652138 0.93903
0.182095 -0.210229 -0 0.643026 0.933819
0.182095 -0.210229 -0 0.643026 0.933819
0.175656 -0.226883 -0 0.652138 0.93903
0.227619 -0.262786 -0 0.661598 0.87019
0.175656 -0.226883 -0 0.652138 0.93903
0.21957 -0.283604 -0 0.672327 0.876342
0.227619 -0.262786 -0 0.661598 0.87019
0.227619 -0.262786 -0 0.661598 0.87019
0.21957 -0.283604 -0 0.672327 0.876342
0.273141 -0.315343 -0 0.675472 0.811279
0.21957 -0.283604 -0 0.672327 0.876342
0.263484 -0.340325 -0 0.687531 0.818138
0.273141 -0.315343 -0 0.675472 0.811279
0.273141 -0.315343 -0 0.675472 0.811279
0.263484 -0.340325 -0 0.687531 0.818138
0.318666 -0.367901 -0 0.685558 0.758565
0.263484 -0.340325 -0 0.687531 0.818138
0.307397 -0.397045 -0 0.698686 0.765894
0.318666 -0.367901 -0 0.685558 0.758565
0.318666 -0.367901 -0 0.685558 0.758565
0.307397 -0.397045 -0 0.698686 0.765894
0.364189 -0.420457 -0 0.692782 0.712377
0.307397 -0.397045 -0 0.698686 0.765894
0.351313 -0.453766 -0 0.706755 0.719976
0.364189 -0.420457 -0 0.692782 0.712377
0.14548 -0.0964992 -0 0.584178 0.995445
0.14548 -0.105115 -0 0.589117 0.9946
0.14548 -0.144749 -0 0.611485 0.989881
0.14548 -0.105115 -0 0.589117 0.9946
0.14548 -0.157671 -0 0.618635 0.988061
0.14548 -0.144749 -0 0.611485 0.989881
0.182095 -0.210229 -0 0.643026 0.933819
0.227619 -0.262786 -0 0.661598 0.87019
0.235043 -0.241248 -0 0.650545 0.864526
0.235043 -0.241248 -0 0.650545 0.864526
0.227619 -0.262786 -0 0.661598 0.87019
0.282051 -0.289497 -0 0.663085 0.804975
0.227619 -0.262786 -0 0.661598 0.87019
0.273141 -0.315343 -0 0.675472 0.811279
0.282051 -0.289497 -0 0.663085 0.804975
0.282051 -0.289497 -0 0.663085 0.804975
0.273141 -0.315343 -0 0.675472 0.811279
0.329061 -0.337747 -0 0.672116 0.751849
0.273141 -0.315343 -0 0.675472 0.811279
0.318666 -0.367901 -0 0.685558 0.758565
0.329061 -0.337747 -0 0.672116 0.751849
0.329061 -0.337747 -0 0.672116 0.751849
0.318666 -0.367901 -0 0.685558 0.758565
0.376068 -0.385997 -0 0.678517 0.70544
0.318666 -0.367901 -0 0.685558 0.758565
0.364189 -0.420457 -0 0.692782 0.712377
0.376068 -0.385997 -0 0.678517 0.70544
0.14548 -0.0964992 -0 0.584178 0.995445
0.14548 -0.144749 -0 0.611485 0.989881
0.14548 -0.131429 -0 0.604038 0.991616
0.241823 -0.219049 -0 0.639201 0.859364
0.235043 -0.241248 -0 0.650545 0.864526
0.290188 -0.262858 -0 0.650411 0.799242
0.235043 -0.241248 -0 0.650545 0.864526
0.282051 -0.289497 -0 0.663085 0.804975
0.290188 -0.262858 -0 0.650411 0.799242
0.290188 -0.262858 -0 0.650411 0.799242
0.282051 -0.289497 -0 0.663085 0.804975
0.338552 -0.306668 -0 0.658403 0.745763
0.282051 -0.289497 -0 0.663085 0.804975
0.329061 -0.337747 -0 0.672116 0.751849
0.338552 -0.306668 -0 0.658403 0.745763
0.338552 -0.306668 -0 0.658403 0.745763
0.329061 -0.337747 -0 0.672116 0.751849
0.386916 -0.350478 -0 0.664006 0.699177
0.329061 -0.337747 -0 0.672116 0.751849
0.376068 -0.385997 -0 0.678517 0.70544
0.386916 -0.350478 -0 0.664006 0.699177
0.241823 -0.219049 -0 0.639201 0.859364
0.290188 -0.262858 -0 0.650411 0.799242
0.297527 -0.235498 -0 0.637487 0.794094
0.297527 -0.235498 -0 0.637487 0.794094
0.290188 -0.262858 -0 0.650411 0.799242
0.347115 -0.274748 -0 0.644461 0.740319
0.290188 -0.262858 -0 0.650411 0.799242
0.338552 -0.306668 -0 0.658403 0.745763
0.347115 -0.274748 -0 0.644461 0.740319
0.347115 -0.274748 -0 0.644461 0.740319
0.338552 -0.306668 -0 0.658403 0.745763
0.396703 -0.313998 -0 0.649295 0.6936
0.338552 -0.306668 -0 0.658403 0.745763
0.386916 -0.350478 -0 0.664006 0.699177
0.396703 -0.313998 -0 0.649295 0.6936
0.304054 -0.207493 -0 0.624352 0.789548
0.297527 -0.235498 -0 0.637487 0.794094
0.354728 -0.242075 -0 0.630331 0.735532
0.297527 -0.235498 -0 0.637487 0.794094
0.347115 -0.274748 -0 0.644461 0.740319
0.354728 -0.242075 -0 0.630331 0.735532
0.354728 -0.242075 -0 0.630331 0.735532
0.347115 -0.274748 -0 0.644461 0.740319
0.405404 -0.276658 -0 0.634421 0.688718
0.347115 -0.274748 -0 0.644461 0.740319
0.396703 -0.313998 -0 0.649295 0.6936
0.405404 -0.276658 -0 0.634421 0.688718
0.354728 -0.242075 -0 0.630331 0.735532
0.405404 -0.276658 -0 0.634421 0.688718
0.412993 -0.238559 -0 0.619422 0.684538
0.338552 0.306668 -0 0.400382 0.750677
0.347115 0.274748 -0 0.414129 0.74476
0.386916 0.350478 -0 0.394183 0.705422
0.347115 0.274748 -0 0.414129 0.74476
0.396703 0.313998 -0 0.408601 0.699258
0.386916 0.350478 -0 0.394183 0.705422
0.282051 0.289497 -0 0.396003 0.808944
0.290188 0.262858 -0 0.408626 0.802859
0.329061 0.337747 -0 0.386839 0.757218
0.290188 0.262858 -0 0.408626 0.802859
0.338552 0.306668 -0 0.400382 0.750677
0.329061 0.337747 -0 0.386839 0.757218
0.329061 0.337747 -0 0.386839 0.757218
0.338552 0.306668 -0 0.400382 0.750677
0.376068 0.385997 -0 0.37995 0.712242
0.338552 0.306668 -0 0.400382 0.750677
0.386916 0.350478 -0 0.394183 0.705422
0.376068 0.385997 -0 0.37995 0.712242
0.14548 0.105115 -0 0.466429 0.995191
0.14548 0.0964992 -0 0.47136 0.99598
0.14548 0.157671 -0 0.436965 0.98903
0.14548 0.0964992 -0 0.47136 0.99598
0.14548 0.144749 -0 0.4441 0.99075
0.14548 0.157671 -0 0.436965 0.98903
0.273141 0.315343 -0 0.383629 0.815587
0.282051 0.289497 -0 0.396003 0.808944
0.318666 0.367901 -0 0.373529 0.764367
0.282051 0.289497 -0 0.396003 0.808944
0.329061 0.337747 -0 0.386839 0.757218
0.318666 0.367901 -0 0.373529 0.764367
0.318666 0.367901 -0 0.373529 0.764367
0.329061 0.337747 -0 0.386839 0.757218
0.364189 0.420457 -0 0.365928 0.719707
0.329061 0.337747 -0 0.386839 0.757218
0.376068 0.385997 -0 0.37995 0.712242
0.364189 0.420457 -0 0.365928 0.719707
0.14548 0.113442 -0 0.461687 0.994366
0.14548 0.105115 -0 0.466429 0.995191
0.14548 0.170162 -0 0.430144 0.987248
0.14548 0.105115 -0 0.466429 0.995191
0.14548 0.157671 -0 0.436965 0.98903
0.14548 0.170162 -0 0.430144 0.987248
0.21957 0.283604 -0 0.386095 0.879525
0.227619 0.262786 -0 0.396972 0.873145
0.263484 0.340325 -0 0.371533 0.822769
0.227619 0.262786 -0 0.396972 0.873145
0.273141 0.315343 -0 0.383629 0.815587
0.263484 0.340325 -0 0.371533 0.822769
0.263484 0.340325 -0 0.371533 0.822769
0.273141 0.315343 -0 0.383629 0.815587
0.307397 0.397045 -0 0.360482 0.772108
0.273141 0.315343 -0 0.383629 0.815587
0.318666 0.367901 -0 0.373529 0.764367
0.307397 0.397045 -0 0.360482 0.772108
0.307397 0.397045 -0 0.360482 0.772108
0.318666 0.367901 -0 0.373529 0.764367
0.351313 0.453766 -0 0.352149 0.727804
0.318666 0.367901 -0 0.373529 0.764367
0.364189 0.420457 -0 0.365928 0.719707
0.351313 0.453766 -0 0.352149 0.727804
0.14548 0.121458 -0 0.457146 0.993517
0.14548 0.113442 -0 0.461687 0.994366
0.14548 0.182187 -0 0.423652 0.985427
0.14548 0.113442 -0 0.461687 0.994366
0.14548 0.170162 -0 0.430144 0.987248
0.14548 0.182187 -0 0.423652 0.985427
0.21092 0.303644 -0 0.375527 0.886361
0.21957 0.283604 -0 0.386095 0.879525
0.253104 0.364373 -0 0.359747 0.830469
0.21957 0.283604 -0 0.386095 0.879525
0.263484 0.340325 -0 0.371533 0.822769
0.253104 0.364373 -0 0.359747 0.830469
0.253104 0.364373 -0 0.359747 0.830469
0.263484 0.340325 -0 0.371533 0.822769
0.295287 0.425102 -0 0.347733 0.78042
0.263484 0.340325 -0 0.371533 0.822769
0.307397 0.397045 -0 0.360482 0.772108
0.295287 0.425102 -0 0.347733 0.78042
0.295287 0.425102 -0 0.347733 0.78042
0.307397 0.397045 -0 0.360482 0.772108
0.337472 0.48583 -0 0.338647 0.736514
0.307397 0.397045 -0 0.360482 0.772108
0.351313 0.453766 -0 0.352149 0.727804
0.337472 0.48583 -0 0.338647 0.736514
0.14548 0.129141 -0 0.452818 0.992653
0.14548 0.121458 -0 0.457146 0.993517
0.14548 0.193711 -0 0.417502 0.983586
0.14548 0.121458 -0 0.457146 0.993517
0.14548 0.182187 -0 0.423652 0.985427
0.14548 0.193711 -0 0.417502 0.983586
0.201692 0.322853 -0 0.365295 0.893635
0.21092 0.303644 -0 0.375527 0.886361
0.242031 0.387423 -0 0.348303 0.838667
0.21092 0.303644 -0 0.375527 0.886361
0.253104 0.364373 -0 0.359747 0.830469
0.242031 0.387423 -0 0.348303 0.838667
0.242031 0.387423 -0 0.348303 0.838667
0.253104 0.364373 -0 0.359747 0.830469
0.282369 0.451994 -0 0.335317 0.789283
0.253104 0.364373 -0 0.359747 0.830469
0.295287 0.425102 -0 0.347733 0.78042
0.282369 0.451994 -0 0.335317 0.789283
0.282369 0.451994 -0 0.335317 0.789283
0.295287 0.425102 -0 0.347733 0.78042
0.322707 0.516565 -0 0.325458 0.745818
0.295287 0.425102 -0 0.347733 0.78042
0.337472 0.48583 -0 0.338647 0.736514
0.322707 0.516565 -0 0.325458 0.745818
0.14548 0.136471 -0 0.448711 0.991783
0.14548 0.129141 -0 0.452818 0.992653
0.14548 0.204706 -0 0.411703 0.981749
0.14548 0.129141 -0 0.452818 0.992653
0.14548 0.193711 -0 0.417502 0.983586
0.14548 0.204706 -0 0.411703 0.981749
0.14548 0.204706 -0 0.411703 0.981749
0.14548 0.193711 -0 0.417502 0.983586
0.153529 0.272941 -0 0.37871 0.959262
0.191912 0.341176 -0 0.355428 0.901327
0.201692 0.322853 -0 0.365295 0.893635
0.230294 0.409411 -0 0.337235 0.847341
0.201692 0.322853 -0 0.365295 0.893635
0.242031 0.387423 -0 0.348303 0.838667
0.230294 0.409411 -0 0.337235 0.847341
0.230294 0.409411 -0 0.337235 0.847341
0.242031 0.387423 -0 0.348303 0.838667
0.268676 0.477647 -0 0.32327 0.798674
0.242031 0.387423 -0 0.348303 0.838667
0.282369 0.451994 -0 0.335317 0.789283
0.268676 0.477647 -0 0.32327 0.798674
0.268676 0.477647 -0 0.32327 0.798674
0.282369 0.451994 -0 0.335317 0.789283
0.307058 0.545881 -0 0.312624 0.755695
0.282369 0.451994 -0 0.335317 0.789283
0.322707 0.516565 -0 0.325458 0.745818
0.307058 0.545881 -0 0.312624 0.755695
0.14548 0.143426 -0 0.444835 0.990919
0.14548 0.136471 -0 0.448711 0.991783
0.14548 0.215139 -0 0.406264 0.979934
0.14548 0.136471 -0 0.448711 0.991783
0.14548 0.204706 -0 0.411703 0.981749
0.14548 0.215139 -0 0.406264 0.979934
0.14548 0.215139 -0 0.406264 0.979934
0.14548 0.204706 -0 0.411703 0.981749
0.14548 0.286851 -0 0.370683 0.965832
0.14548 0.204706 -0 0.411703 0.981749
0.153529 0.272941 -0 0.37871 0.959262
0.14548 0.286851 -0 0.370683 0.965832
0.14548 0.286851 -0 0.370683 0.965832
0.153529 0.272941 -0 0.37871 0.959262
0.181605 0.358564 -0 0.345951 0.90942
0.153529 0.272941 -0 0.37871 0.959262
0.191912 0.341176 -0 0.355428 0.901327
0.181605 0.358564 -0 0.345951 0.90942
0.181605 0.358564 -0 0.345951 0.90942
0.191912 0.341176 -0 0.355428 0.901327
0.217926 0.430277 -0 0.326573 0.856468
0.191912 0.341176 -0 0.355428 0.901327
0.230294 0.409411 -0 0.337235 0.847341
0.217926 0.430277 -0 0.326573 0.856468
0.217926 0.430277 -0 0.326573 0.856468
0.230294 0.409411 -0 0.337235 0.847341
0.254247 0.501989 -0 0.31163 0.808569
0.230294 0.409411 -0 0.337235 0.847341
0.268676 0.477647 -0 0.32327 0.798674
0.254247 0.501989 -0 0.31163 0.808569
0.254247 0.501989 -0 0.31163 0.808569
0.268676 0.477647 -0 0.32327 0.798674
0.290568 0.573702 -0 0.300184 0.766122
0.268676 0.477647 -0 0.32327 0.798674
0.307058 0.545881 -0 0.312624 0.755695
0.290568 0.573702 -0 0.300184 0.766122
0.14548 0.149988 -0 0.441198 0.990068
0.14548 0.143426 -0 0.444835 0.990919
0.14548 0.224982 -0 0.401191 0.978161
0.14548 0.143426 -0 0.444835 0.990919
0.14548 0.215139 -0 0.406264 0.979934
0.14548 0.224982 -0 0.401191 0.978161
0.14548 0.224982 -0 0.401191 0.978161
0.14548 0.215139 -0 0.406264 0.979934
0.14548 0.299976 -0 0.36453 0.96299
0.14548 0.215139 -0 0.406264 0.979934
0.14548 0.286851 -0 0.370683 0.965832
0.14548 0.299976 -0 0.36453 0.96299
0.14548 0.299976 -0 0.36453 0.96299
0.14548 0.286851 -0 0.370683 0.965832
0.1708 0.37497 -0 0.336892 0.917895
0.14548 0.286851 -0 0.370683 0.965832
0.181605 0.358564 -0 0.345951 0.90942
0.1708 0.37497 -0 0.336892 0.917895
0.1708 0.37497 -0 0.336892 0.917895
0.181605 0.358564 -0 0.345951 0.90942
0.20496 0.449963 -0 0.31635 0.86603
0.181605 0.358564 -0 0.345951 0.90942
0.217926 0.430277 -0 0.326573 0.856468
0.20496 0.449963 -0 0.31635 0.86603
0.20496 0.449963 -0 0.31635 0.86603
0.217926 0.430277 -0 0.326573 0.856468
0.23912 0.524955 -0 0.300432 0.818947
0.217926 0.430277 -0 0.326573 0.856468
0.254247 0.501989 -0 0.31163 0.808569
0.23912 0.524955 -0 0.300432 0.818947
0.23912 0.524955 -0 0.300432 0.818947
0.254247 0.501989 -0 0.31163 0.808569
0.273279 0.59995 -0 0.28818 0.777076
0.254247 0.501989 -0 0.31163 0.808569
0.290568 0.573702 -0 0.300184 0.766122
0.273279 0.59995 -0 0.28818 0.777076
0.14548 0.156139 -0 0.437807 0.989241
0.14548 0.149988 -0 0.441198 0.990068
0.14548 0.234208 -0 0.396488 0.976448
0.14548 0.149988 -0 0.441198 0.990068
0.14548 0.224982 -0 0.401191 0.978161
0.14548 0.234208 -0 0.396488 0.976448
0.14548 0.234208 -0 0.396488 0.976448
0.14548 0.224982 -0 0.401191 0.978161
0.14548 0.312278 -0 0.358868 0.960267
0.14548 0.224982 -0 0.401191 0.978161
0.14548 0.299976 -0 0.36453 0.96299
0.14548 0.312278 -0 0.358868 0.960267
0.14548 0.312278 -0 0.358868 0.960267
0.14548 0.299976 -0 0.36453 0.96299
0.159527 0.390347 -0 0.328273 0.926735
0.14548 0.299976 -0 0.36453 0.96299
0.1708 0.37497 -0 0.336892 0.917895
0.159527 0.390347 -0 0.328273 0.926735
0.159527 0.390347 -0 0.328273 0.926735
0.1708 0.37497 -0 0.336892 0.917895
0.191433 0.468417 -0 0.306594 0.876004
0.1708 0.37497 -0 0.336892 0.917895
0.20496 0.449963 -0 0.31635 0.86603
0.191433 0.468417 -0 0.306594 0.876004
0.191433 0.468417 -0 0.306594 0.876004
0.20496 0.449963 -0 0.31635 0.86603
0.223338 0.546484 -0 0.289714 0.829784
0.20496 0.449963 -0 0.31635 0.86603
0.23912 0.524955 -0 0.300432 0.818947
0.223338 0.546484 -0 0.289714 0.829784
0.223338 0.546484 -0 0.289714 0.829784
0.23912 0.524955 -0 0.300432 0.818947
0.255243 0.624557 -0 0.276653 0.788533
0.23912 0.524955 -0 0.300432 0.818947
0.273279 0.59995 -0 0.28818 0.777076
0.255243 0.624557 -0 0.276653 0.788533
0.14548 0.161862 -0 0.434668 0.988445
0.14548 0.156139 -0 0.437807 0.989241
0.14548 0.242793 -0 0.39216 0.974812
0.14548 0.156139 -0 0.437807 0.989241
0.14548 0.234208 -0 0.396488 0.976448
0.14548 0.242793 -0 0.39216 0.974812
0.14548 0.242793 -0 0.39216 0.974812
0.14548 0.234208 -0 0.396488 0.976448
0.14548 0.323724 -0 0.353692 0.957685
0.14548 0.234208 -0 0.396488 0.976448
0.14548 0.312278 -0 0.358868 0.960267
0.14548 0.323724 -0 0.353692 0.957685
0.14548 0.323724 -0 0.353692 0.957685
0.14548 0.312278 -0 0.358868 0.960267
0.147817 0.404655 -0 0.320118 0.935925
0.14548 0.312278 -0 0.358868 0.960267
0.159527 0.390347 -0 0.328273 0.926735
0.147817 0.404655 -0 0.320118 0.935925
0.147817 0.404655 -0 0.320118 0.935925
0.159527 0.390347 -0 0.328273 0.926735
0.177381 0.485584 -0 0.297335 0.886374
0.159527 0.390347 -0 0.328273 0.926735
0.191433 0.468417 -0 0.306594 0.876004
0.177381 0.485584 -0 0.297335 0.886374
0.177381 0.485584 -0 0.297335 0.886374
0.191433 0.468417 -0 0.306594 0.876004
0.206944 0.566518 -0 0.279506 0.841061
0.191433 0.468417 -0 0.306594 0.876004
0.223338 0.546484 -0 0.289714 0.829784
0.206944 0.566518 -0 0.279506 0.841061
0.206944 0.566518 -0 0.279506 0.841061
0.223338 0.546484 -0 0.289714 0.829784
0.236507 0.647447 -0 0.265639 0.800474
0.223338 0.546484 -0 0.289714 0.829784
0.255243 0.624557 -0 0.276653 0.788533
0.236507 0.647447 -0 0.265639 0.800474
0.14548 0.167141 -0 0.431786 0.98769
0.14548 0.161862 -0 0.434668 0.988445
0.14548 0.250712 -0 0.388208 0.973268
0.14548 0.161862 -0 0.434668 0.988445
0.14548 0.242793 -0 0.39216 0.974812
0.14548 0.250712 -0 0.388208 0.973268
0.14548 0.250712 -0 0.388208 0.973268
0.14548 0.242793 -0 0.39216 0.974812
0.14548 0.334283 -0 0.348995 0.955265
0.14548 0.242793 -0 0.39216 0.974812
0.14548 0.323724 -0 0.353692 0.957685
0.14548 0.334283 -0 0.348995 0.955265
0.14548 0.334283 -0 0.348995 0.955265
0.14548 0.323724 -0 0.353692 0.957685
0.14548 0.417853 -0 0.314492 0.935157
0.14548 0.323724 -0 0.353692 0.957685
0.147817 0.404655 -0 0.320118 0.935925
0.14548 0.417853 -0 0.314492 0.935157
0.14548 0.417853 -0 0.314492 0.935157
0.147817 0.404655 -0 0.320118 0.935925
0.162842 0.501424 -0 0.288597 0.897122
0.147817 0.404655 -0 0.320118 0.935925
0.177381 0.485584 -0 0.297335 0.886374
0.162842 0.501424 -0 0.288597 0.897122
0.162842 0.501424 -0 0.288597 0.897122
0.177381 0.485584 -0 0.297335 0.886374
0.189983 0.584997 -0 0.269839 0.85276
0.177381 0.485584 -0 0.297335 0.886374
0.206944 0.566518 -0 0.279506 0.841061
0.189983 0.584997 -0 0.269839 0.85276
0.189983 0.584997 -0 0.269839 0.85276
0.206944 0.566518 -0 0.279506 0.841061
0.217123 0.668565 -0 0.255175 0.812876
0.206944 0.566518 -0 0.279506 0.841061
0.236507 0.647447 -0 0.265639 0.800474
0.217123 0.668565 -0 0.255175 0.812876
0.14548 0.171963 -0 0.429167 0.986982
0.14548 0.167141 -0 0.431786 0.98769
0.14548 0.257944 -0 0.384633 0.971829
0.14548 0.167141 -0 0.431786 0.98769
0.14548 0.250712 -0 0.388208 0.973268
0.14548 0.257944 -0 0.384633 0.971829
0.14548 0.257944 -0 0.384633 0.971829
0.14548 0.250712 -0 0.388208 0.973268
0.14548 0.343925 -0 0.344772 0.953026
0.14548 0.250712 -0 0.388208 0.973268
0.14548 0.334283 -0 0.348995 0.955265
0.14548 0.343925 -0 0.344772 0.953026
0.14548 0.343925 -0 0.344772 0.953026
0.14548 0.334283 -0 0.348995 0.955265
0.14548 0.429907 -0 0.309902 0.93216
0.14548 0.334283 -0 0.348995 0.955265
0.14548 0.417853 -0 0.314492 0.935157
0.14548 0.429907 -0 0.309902 0.93216
0.14548 0.429907 -0 0.309902 0.93216
0.14548 0.417853 -0 0.314492 0.935157
0.147858 0.515889 -0 0.280404 0.908233
0.14548 0.417853 -0 0.314492 0.935157
0.162842 0.501424 -0 0.288597 0.897122
0.147858 0.515889 -0 0.280404 0.908233
0.147858 0.515889 -0 0.280404 0.908233
0.162842 0.501424 -0 0.288597 0.897122
0.172501 0.60187 -0 0.260741 0.864862
0.162842 0.501424 -0 0.288597 0.897122
0.189983 0.584997 -0 0.269839 0.85276
0.172501 0.60187 -0 0.260741 0.864862
0.172501 0.60187 -0 0.260741 0.864862
0.189983 0.584997 -0 0.269839 0.85276
0.197144 0.687851 -0 0.245289 0.825724
0.189983 0.584997 -0 0.269839 0.85276
0.217123 0.668565 -0 0.255175 0.812876
0.197144 0.687851 -0 0.245289 0.825724
0.14548 0.176313 -0 0.426814 0.986329
0.14548 0.171963 -0 0.429167 0.986982
0.14548 0.264469 -0 0.381437 0.970509
0.14548 0.171963 -0 0.429167 0.986982
0.14548 0.257944 -0 0.384633 0.971829
0.14548 0.264469 -0 0.381437 0.970509
0.14548 0.264469 -0 0.381437 0.970509
0.14548 0.257944 -0 0.384633 0.971829
0.14548 0.352625 -0 0.341017 0.950984
0.14548 0.257944 -0 0.384633 0.971829
0.14548 0.343925 -0 0.344772 0.953026
0.14548 0.352625 -0 0.341017 0.950984
0.14548 0.352625 -0 0.341017 0.950984
0.14548 0.343925 -0 0.344772 0.953026
0.14548 0.440782 -0 0.305843 0.929444
0.14548 0.343925 -0 0.344772 0.953026
0.14548 0.429907 -0 0.309902 0.93216
0.14548 0.440782 -0 0.305843 0.929444
0.14548 0.440782 -0 0.305843 0.929444
0.14548 0.429907 -0 0.309902 0.93216
0.14548 0.528936 -0 0.275699 0.907254
0.14548 0.429907 -0 0.309902 0.93216
0.147858 0.515889 -0 0.280404 0.908233
0.14548 0.528936 -0 0.275699 0.907254
0.14548 0.528936 -0 0.275699 0.907254
0.147858 0.515889 -0 0.280404 0.908233
0.154546 0.617093 -0 0.252236 0.877355
0.147858 0.515889 -0 0.280404 0.908233
0.172501 0.60187 -0 0.260741 0.864862
0.154546 0.617093 -0 0.252236 0.877355
0.154546 0.617093 -0 0.252236 0.877355
0.172501 0.60187 -0 0.260741 0.864862
0.176624 0.70525 -0 0.236011 0.839001
0.172501 0.60187 -0 0.260741 0.864862
0.197144 0.687851 -0 0.245289 0.825724
0.176624 0.70525 -0 0.236011 0.839001
0.14548 0.180179 -0 0.42473 0.985738
0.14548 0.176313 -0 0.426814 0.986329
0.14548 0.270269 -0 0.378619 0.969319
0.14548 0.176313 -0 0.426814 0.986329
0.14548 0.264469 -0 0.381437 0.970509
0.14548 0.270269 -0 0.378619 0.969319
0.14548 0.270269 -0 0.378619 0.969319
0.14548 0.264469 -0 0.381437 0.970509
0.14548 0.360359 -0 0.337721 0.949152
0.14548 0.264469 -0 0.381437 0.970509
0.14548 0.352625 -0 0.341017 0.950984
0.14548 0.360359 -0 0.337721 0.949152
0.14548 0.360359 -0 0.337721 0.949152
0.14548 0.352625 -0 0.341017 0.950984
0.14548 0.450448 -0 0.3023 0.927022
0.14548 0.352625 -0 0.341017 0.950984
0.14548 0.440782 -0 0.305843 0.929444
0.14548 0.450448 -0 0.3023 0.927022
0.14548 0.450448 -0 0.3023 0.927022
0.14548 0.440782 -0 0.305843 0.929444
0.14548 0.54054 -0 0.272082 0.904341
0.14548 0.440782 -0 0.305843 0.929444
0.14548 0.528936 -0 0.275699 0.907254
0.14548 0.54054 -0 0.272082 0.904341
0.14548 0.54054 -0 0.272082 0.904341
0.14548 0.528936 -0 0.275699 0.907254
0.14548 0.630627 -0 0.246512 0.88209
0.14548 0.528936 -0 0.275699 0.907254
0.154546 0.617093 -0 0.252236 0.877355
0.14548 0.630627 -0 0.246512 0.88209
0.14548 0.630627 -0 0.246512 0.88209
0.154546 0.617093 -0 0.252236 0.877355
0.15562 0.720718 -0 0.227365 0.852694
0.154546 0.617093 -0 0.252236 0.877355
0.176624 0.70525 -0 0.236011 0.839001
0.15562 0.720718 -0 0.227365 0.852694
0.14548 0.183552 -0 0.422919 0.985213
0.14548 0.180179 -0 0.42473 0.985738
0.14548 0.275328 -0 0.376178 0.968268
0.14548 0.180179 -0 0.42473 0.985738
0.14548 0.270269 -0 0.378619 0.969319
0.14548 0.275328 -0 0.376178 0.968268
0.14548 0.275328 -0 0.376178 0.968268
0.14548 0.270269 -0 0.378619 0.969319
0.14548 0.367104 -0 0.33488 0.947543
0.14548 0.270269 -0 0.378619 0.969319
0.14548 0.360359 -0 0.337721 0.949152
0.14548 0.367104 -0 0.33488 0.947543
0.14548 0.367104 -0 0.33488 0.947543
0.14548 0.360359 -0 0.337721 0.949152
0.14548 0.458881 -0 0.299258 0.924904
0.14548 0.360359 -0 0.337721 0.949152
0.14548 0.450448 -0 0.3023 0.927022
0.14548 0.458881 -0 0.299258 0.924904
0.14548 0.458881 -0 0.299258 0.924904
0.14548 0.450448 -0 0.3023 0.927022
0.14548 0.550658 -0 0.26899 0.901806
0.14548 0.450448 -0 0.3023 0.927022
0.14548 0.54054 -0 0.272082 0.904341
0.14548 0.550658 -0 0.26899 0.901806
0.14548 0.550658 -0 0.26899 0.901806
0.14548 0.54054 -0 0.272082 0.904341
0.14548 0.642433 -0 0.243472 0.879241
0.14548 0.54054 -0 0.272082 0.904341
0.14548 0.630627 -0 0.246512 0.88209
0.14548 0.642433 -0 0.243472 0.879241
0.14548 0.642433 -0 0.243472 0.879241
0.14548 0.630627 -0 0.246512 0.88209
0.14548 0.734209 -0 0.222009 0.8578
0.14548 0.630627 -0 0.246512 0.88209
0.15562 0.720718 -0 0.227365 0.852694
0.14548 0.734209 -0 0.222009 0.8578
0.14548 0.734209 -0 0.222009 0.8578
0.15562 0.720718 -0 0.227365 0.852694
0.150963 0.825984 -0 0.205225 0.833752
0.14548 0.186422 -0 0.421383 0.984761
0.14548 0.183552 -0 0.422919 0.985213
0.14548 0.279633 -0 0.374115 0.967365
0.14548 0.183552 -0 0.422919 0.985213
0.14548 0.275328 -0 0.376178 0.968268
0.14548 0.279633 -0 0.374115 0.967365
0.14548 0.279633 -0 0.374115 0.967365
0.14548 0.275328 -0 0.376178 0.968268
0.14548 0.372844 -0 0.332487 0.946166
0.14548 0.275328 -0 0.376178 0.968268
0.14548 0.367104 -0 0.33488 0.947543
0.14548 0.372844 -0 0.332487 0.946166
0.14548 0.372844 -0 0.332487 0.946166
0.14548 0.367104 -0 0.33488 0.947543
0.14548 0.466055 -0 0.296705 0.923099
0.14548 0.367104 -0 0.33488 0.947543
0.14548 0.458881 -0 0.299258 0.924904
0.14548 0.466055 -0 0.296705 0.923099
0.14548 0.466055 -0 0.296705 0.923099
0.14548 0.458881 -0 0.299258 0.924904
0.14548 0.559266 -0 0.266405 0.899655
0.14548 0.458881 -0 0.299258 0.924904
0.14548 0.550658 -0 0.26899 0.901806
0.14548 0.559266 -0 0.266405 0.899655
0.14548 0.559266 -0 0.266405 0.899655
0.14548 0.550658 -0 0.26899 0.901806
0.14548 0.652479 -0 0.240938 0.876832
0.14548 0.550658 -0 0.26899 0.901806
0.14548 0.642433 -0 0.243472 0.879241
0.14548 0.652479 -0 0.240938 0.876832
0.14548 0.652479 -0 0.240938 0.876832
0.14548 0.642433 -0 0.243472 0.879241
0.14548 0.745688 -0 0.219576 0.855214
0.14548 0.642433 -0 0.243472 0.879241
0.14548 0.734209 -0 0.222009 0.8578
0.14548 0.745688 -0 0.219576 0.855214
0.14548 0.745688 -0 0.219576 0.855214
0.14548 0.734209 -0 0.222009 0.8578
0.14548 0.838901 -0 0.201624 0.835087
0.14548 0.734209 -0 0.222009 0.8578
0.150963 0.825984 -0 0.205225 0.833752
0.14548 0.838901 -0 0.201624 0.835087
0.14548 0.0943906 -0 0.47257 0.996164
0.14548 0.0932109 -0 0.473248 0.996265
0.14548 0.188781 -0 0.420124 0.984385
0.14548 0.0932109 -0 0.473248 0.996265
0.14548 0.186422 -0 0.421383 0.984761
0.14548 0.188781 -0 0.420124 0.984385
0.14548 0.188781 -0 0.420124 0.984385
0.14548 0.186422 -0 0.421383 0.984761
0.14548 0.283171 -0 0.372428 0.966616
0.14548 0.186422 -0 0.421383 0.984761
0.14548 0.279633 -0 0.374115 0.967365
0.14548 0.283171 -0 0.372428 0.966616
0.14548 0.283171 -0 0.372428 0.966616
0.14548 0.279633 -0 0.374115 0.967365
0.14548 0.377562 -0 0.330537 0.945029
0.14548 0.279633 -0 0.374115 0.967365
0.14548 0.372844 -0 0.332487 0.946166
0.14548 0.377562 -0 0.330537 0.945029
0.14548 0.377562 -0 0.330537 0.945029
0.14548 0.372844 -0 0.332487 0.946166
0.14548 0.471952 -0 0.294632 0.921614
0.14548 0.372844 -0 0.332487 0.946166
0.14548 0.466055 -0 0.296705 0.923099
0.14548 0.471952 -0 0.294632 0.921614
0.14548 0.471952 -0 0.294632 0.921614
0.14548 0.466055 -0 0.296705 0.923099
0.14548 0.566344 -0 0.264311 0.897891
0.14548 0.466055 -0 0.296705 0.923099
0.14548 0.559266 -0 0.266405 0.899655
0.14548 0.566344 -0 0.264311 0.897891
0.14548 0.566344 -0 0.264311 0.897891
0.14548 0.559266 -0 0.266405 0.899655
0.14548 0.660735 -0 0.238891 0.874863
0.14548 0.559266 -0 0.266405 0.899655
0.14548 0.652479 -0 0.240938 0.876832
0.14548 0.660735 -0 0.238891 0.874863
0.14548 0.660735 -0 0.238891 0.874863
0.14548 0.652479 -0 0.240938 0.876832
0.14548 0.755125 -0 0.217614 0.853106
0.14548 0.652479 -0 0.240938 0.876832
0.14548 0.745688 -0 0.219576 0.855214
0.14548 0.755125 -0 0.217614 0.853106
